10 25
[10.799999999999999, 0.0, 8.210599306396792e-05]
[10.6, 0.0, 5.3753767334066525e-05]
[0, 0, 0]
10 50
[5.0, 0.0, 6.0104152735107865e-05]
[12.799999999999999, 0.0, 4.387539004355764e-05]
[0, 0, 0]
10 75
[8.4, 0.0, 9.596137939351258e-05]
[8.4, 0.0, 2.7005174281195896e-05]
[0, 0, 0]
25 25
[45.8, 0.0, 0.0003091162348244225]
[42.599999999999994, 4.6, 0.00022232763434352576]
[0, 0, 0]
25 50
[110.39999999999999, 0.0, 0.0009716731116663959]
[73.2, 0.0, 0.00025100058660883494]
[0, 0, 0]
25 75
[16.799999999999997, 0.0, 0.0003611380788672957]
[35.199999999999996, 0.0, 0.0001590162162543547]
[0, 0, 0]
50 25
[213.4, 0.0, 0.001560976047821607]
[175.39999999999998, 30.2, 0.001088417570554219]
[0, 0, 0]
50 50
[519.8000000000001, 0.0, 0.007242518331926953]
[336.59999999999997, 1.0, 0.001452891205389763]
[0, 0, 0]
50 75
[52.2, 0.0, 0.0014964458688978997]
[41.599999999999994, 0.0, 0.00029275918151870357]
[0, 0, 0]
75 25
[618.0, 0.0, 0.0057796846039396025]
[400.4, 9.799999999999997, 0.002729126235077792]
[0, 0, 0]
75 50
[1495.6, 0.0, 0.03001172896939979]
[730.5999999999999, 0.0, 0.004294913180930476]
[0, 0, 0]
75 75
[83.0, 0.0, 0.003231127408295476]
[61.39999999999999, 0.0, 0.0003858981674006334]
[0, 0, 0]
100 25
[1196.3999999999999, 0.0, 0.012906484801892014]
[688.0000000000001, 33.0, 0.005821058327007023]
[0, 0, 0]
100 50
[2674.0, 0.0, 0.06352264858538756]
[1629.3999999999999, 2.2, 0.01188926852219798]
[0, 0, 0]
100 75
[94.2, 0.0, 0.0053685131855489175]
[90.80000000000001, 0.0, 0.0007286906884427458]
[0, 0, 0]
125 25
[1894.1999999999998, 0.0, 0.024160522348064276]
[965.2, 42.0, 0.01050770689828262]
[0, 0, 0]
125 50
[4267.599999999999, 0.0, 0.13415625347787805]
[2242.3999999999996, 0.0, 0.017970500214726348]
[0, 0, 0]
125 75
[104.4, 0.0, 0.007937212007616568]
[76.8, 0.0, 0.001043964872746983]
[0, 0, 0]
150 25
[2641.7999999999997, 0.0, 0.03908938039161427]
[1281.1999999999998, 87.0, 0.01696534325276424]
[0, 0, 0]
150 50
[6231.4, 0.0, 0.22732051261080596]
[2515.2000000000003, 1.2, 0.02504476540617917]
[0, 0, 0]
150 75
[150.40000000000003, 0.0, 0.012083051494890463]
[97.20000000000002, 0.0, 0.0014396131268239465]
[0, 0, 0]
200 25
[5195.6, 0.0, 0.09471477949569697]
[2820.6, 33.599999999999994, 0.048276848579550086]
[0, 0, 0]
200 50
[10595.199999999999, 0.0, 0.5263749145664717]
[4552.400000000001, 4.2, 0.06010017572606934]
[0, 0, 0]
200 75
[222.20000000000002, 0.0, 0.02162665442774241]
[152.60000000000002, 0.0, 0.002458882056344613]
[0, 0, 0]
250 25
[8422.6, 0.0, 0.17790829209591214]
[4473.2, 51.199999999999996, 0.08146652849767176]
[0, 0, 0]
250 50
[14312.8, 0.0, 0.8740684577960725]
[7094.199999999999, 0.2, 0.11743196828912801]
[0, 0, 0]
250 75
[354.0, 0.0, 0.036858278320714886]
[223.4, 0.0, 0.003443512520041026]
[0, 0, 0]
500 25
[34329.4, 0.0, 1.4961870425838333]
[14747.8, 25.6, 0.5899136636239468]
[0, 0, 0]
500 50
[58077.0, 0.0, 6.898285556304964]
[28720.4, 2.0, 0.84454923649445]
[0, 0, 0]
500 75
[561.2, 0.0, 0.14824718137503226]
[337.20000000000005, 0.0, 0.014536224618910864]
[0, 0, 0]
