10 25
[10.799999999999999, 0.0, 8.428693350472975e-05]
[10.6, 0.0, 5.4202784483635e-05]
[11.0, 0.0, 0.00019994092217217785]
10 50
[5.0, 0.0, 5.991171681386433e-05]
[12.799999999999999, 0.0, 4.336222758690792e-05]
[12.2, 0.0, 0.0002620335794268039]
10 75
[8.4, 0.0, 0.00010077227742460413]
[8.4, 0.0, 2.88653881865511e-05]
[9.2, 0.0, 0.00012687941740666258]
25 25
[45.8, 0.0, 0.0003089237989031799]
[42.599999999999994, 4.6, 0.00022707438706753467]
[39.8, 0.0, 0.0013074096489295276]
25 50
[110.39999999999999, 0.0, 0.000965515162186549]
[73.2, 0.0, 0.0002574792626239754]
[121.19999999999999, 0.0, 0.41734636637682615]
25 75
[16.799999999999997, 0.0, 0.0003461922223173986]
[35.199999999999996, 0.0, 0.00012277411775354352]
[31.6, 0.0, 0.012306918616603824]
50 25
[213.4, 0.0, 0.0015441058320593726]
[175.39999999999998, 30.2, 0.0009582025971802466]
[0, 0, 0]
50 50
[519.8000000000001, 0.0, 0.007377223476798011]
[336.59999999999997, 1.0, 0.0014506461196416966]
[0, 0, 0]
50 75
[52.2, 0.0, 0.0015420531822327276]
[41.599999999999994, 0.0, 0.00021110220560451867]
[0, 0, 0]
75 25
[618.0, 0.0, 0.005443434904220457]
[400.4, 9.799999999999997, 0.0026966045643876946]
[0, 0, 0]
75 50
[1495.6, 0.0, 0.02951627061750477]
[730.5999999999999, 0.0, 0.004194782356576621]
[0, 0, 0]
75 75
[83.0, 0.0, 0.0032686524129379004]
[61.39999999999999, 0.0, 0.0003662055581266088]
[0, 0, 0]
100 25
[1196.3999999999999, 0.0, 0.012440789872482672]
[688.0000000000001, 33.0, 0.005652933477146327]
[0, 0, 0]
100 50
[2674.0, 0.0, 0.061895346290044354]
[1629.3999999999999, 2.2, 0.010739592183380874]
[0, 0, 0]
100 75
[94.2, 0.0, 0.005203980472885572]
[90.80000000000001, 0.0, 0.0006537689697718286]
[0, 0, 0]
125 25
[1894.1999999999998, 0.0, 0.02271738122935183]
[965.2, 42.0, 0.009722953211450402]
[0, 0, 0]
125 50
[4267.599999999999, 0.0, 0.13134130082192524]
[2242.3999999999996, 0.0, 0.01741679792400186]
[0, 0, 0]
125 75
[104.4, 0.0, 0.007670110948930109]
[76.8, 0.0, 0.0010451194882742597]
[0, 0, 0]
150 25
[2641.7999999999997, 0.0, 0.03894980020340561]
[1281.1999999999998, 87.0, 0.016633776160461446]
[0, 0, 0]
150 50
[6231.4, 0.0, 0.2268710464440913]
[2515.2000000000003, 1.2, 0.025164203967963948]
[0, 0, 0]
150 75
[150.40000000000003, 0.0, 0.01235271836585987]
[97.20000000000002, 0.0, 0.00194976075404103]
[0, 0, 0]
200 25
[5195.6, 0.0, 0.09785783539736989]
[2820.6, 33.599999999999994, 0.04752923502551916]
[0, 0, 0]
200 50
[10595.199999999999, 0.0, 0.520090085669264]
[4552.400000000001, 4.2, 0.059191236724725906]
[0, 0, 0]
200 75
[222.20000000000002, 0.0, 0.02149919770257185]
[152.60000000000002, 0.0, 0.00231295148273496]
[0, 0, 0]
250 25
[8422.6, 0.0, 0.17790739406162073]
[4473.2, 51.199999999999996, 0.08061224129796792]
[0, 0, 0]
250 50
[14312.8, 0.0, 0.8451598356725502]
[7094.199999999999, 0.2, 0.11200566018189768]
[0, 0, 0]
250 75
[354.0, 0.0, 0.03706354330337262]
[223.4, 0.0, 0.0033631384502676555]
[0, 0, 0]
500 25
[34329.4, 0.0, 1.4713848105837066]
[14747.8, 25.6, 0.5568180848713056]
[0, 0, 0]
500 50
[58077.0, 0.0, 6.827975949358557]
[28720.4, 2.0, 0.8177005126172603]
[0, 0, 0]
500 75
[561.2, 0.0, 0.14268963196951176]
[337.20000000000005, 0.0, 0.014143591194260806]
[0, 0, 0]
