125 50 0.499484
1 28 19
2 11 70
3 66 98
4 37 58
5 97 52
6 29 84
7 12 94
8 47 44
9 73 5
10 87 91
11 74 22
12 37 64
13 87 4
14 62 65
15 46 75
16 67 1
17 6 23
18 92 18
19 48 15
20 67 54
21 66 2
22 93 58
23 58 30
24 99 84
25 24 11
26 33 60
27 67 2
28 19 45
29 41 63
30 8 50
31 28 63
32 24 53
33 71 30
34 9 66
35 98 12
36 74 40
37 1 46
38 50 35
39 51 99
40 31 49
41 21 24
42 66 22
43 84 41
44 5 82
45 1 42
46 28 6
47 16 17
48 24 85
49 83 87
50 37 81
51 48 16
52 97 88
53 44 38
54 62 56
55 89 99
56 44 82
57 54 92
58 91 22
59 49 25
60 56 48
61 26 13
62 97 37
63 18 8
64 42 62
65 31 84
66 77 52
67 46 76
68 85 15
69 76 36
70 47 24
71 53 76
72 21 8
73 82 39
74 3 99
75 66 64
76 39 1
77 12 54
78 44 12
79 55 65
80 58 62
81 5 39
82 52 37
83 56 60
84 26 12
85 74 66
86 13 39
87 40 68
88 11 26
89 93 88
90 55 54
91 92 83
92 63 4
93 51 43
94 56 26
95 97 64
96 97 11
97 27 80
98 43 47
99 90 88
100 15 19
101 12 60
102 93 94
103 28 61
104 9 48
105 43 33
106 23 17
107 61 65
108 43 38
109 67 62
110 45 3
111 66 5
112 55 41
113 51 37
114 89 62
115 77 36
116 20 53
117 100 20
118 78 76
119 47 63
120 81 98
121 16 4
122 6 78
123 94 12
124 4 57
125 88 97
0 0 0 1 0 0 0 1 1 0 1 1 0 0 0 1 1 0 1 0 1 0 1 0 1 1 1 1 1 1 1 1 1 0 0 0 1 1 0 1 1 1 0 0 1 1 1 0 0 0 1 0 1 0 0 0 0 0 1 1 1 0 1 1 0 0 0 0 0 1 0 1 0 0 0 1 1 1 0 0 1 1 1 1 0 1 0 1 0 1 0 1 1 1 0 0 0 1 0 1 1 0 1 1 1 1 0 1 0 1 1 1 1 0 0 1 0 0 1 0 1 0 0 1 0 
0 0 0 1 0 1 1 1 0 0 0 1 0 0 1 0 1 0 0 0 0 0 0 0 0 1 0 1 1 1 1 1 0 1 0 0 1 0 1 1 1 0 0 1 1 0 0 1 0 1 0 0 1 0 0 1 1 0 0 0 0 0 0 1 1 0 1 0 0 0 1 0 0 1 0 0 1 0 1 1 1 0 1 0 0 1 1 1 0 1 0 0 1 0 0 0 1 1 0 0 1 0 1 1 1 0 0 1 0 0 0 0 0 0 0 1 0 0 1 0 0 1 0 1 0 
0 0 0 1 0 1 0 0 0 1 0 1 0 1 1 0 0 0 0 1 0 1 0 1 0 0 0 0 1 0 0 0 0 0 0 0 0 0 1 0 0 0 0 0 0 0 0 1 1 1 0 1 0 1 1 1 1 0 0 0 0 0 0 1 1 1 1 0 0 0 1 0 0 0 1 0 0 0 1 1 0 0 1 0 1 0 1 0 1 1 1 0 0 0 1 0 1 0 1 0 0 1 0 0 0 0 1 0 1 0 0 0 0 1 0 0 0 1 1 1 0 0 0 0 1 
1 1 1 0 0 1 1 1 0 0 0 1 0 1 1 0 1 0 1 1 0 0 1 0 1 1 0 1 1 1 1 1 1 1 0 1 1 1 1 1 1 1 1 1 1 0 1 1 0 1 1 0 1 1 0 1 1 0 1 1 1 0 0 1 1 1 1 0 1 1 1 0 1 0 1 0 1 1 1 1 1 1 1 1 1 1 1 1 0 1 0 0 1 1 0 0 1 1 0 1 1 0 1 1 1 1 1 1 1 0 0 1 1 0 1 1 0 1 1 0 0 1 0 1 0 
0 0 0 0 0 0 0 0 0 1 1 0 1 1 0 0 0 1 0 1 0 1 1 1 0 0 0 0 0 0 0 0 1 0 1 1 0 1 0 0 0 1 1 0 0 0 0 0 1 0 0 1 0 1 1 0 0 1 0 1 0 1 0 0 0 1 0 1 1 0 0 0 1 0 1 0 0 0 1 1 0 1 1 0 1 0 0 0 1 1 1 0 1 1 1 1 0 0 1 0 0 1 0 0 0 0 1 0 1 0 0 1 1 1 1 0 1 1 0 1 0 0 1 0 1 
0 1 1 1 0 0 1 1 0 0 0 1 0 1 1 0 0 0 0 1 0 0 0 0 0 1 0 1 1 1 1 1 0 1 0 0 1 0 1 1 0 0 0 1 0 0 0 1 0 1 0 0 1 1 0 1 1 0 0 1 0 0 0 1 1 0 1 0 0 0 1 0 0 1 1 0 1 0 1 1 0 0 1 0 1 1 1 0 0 1 0 0 1 0 0 0 1 1 0 0 1 0 1 1 0 0 1 1 1 0 0 0 0 0 0 1 0 1 1 0 0 1 0 1 0 
0 1 0 1 0 1 0 0 0 0 0 1 0 0 1 0 0 0 0 0 0 0 0 0 0 1 0 1 1 1 1 1 0 1 0 0 1 0 1 1 0 0 0 1 0 0 0 1 0 1 0 0 0 0 0 1 1 0 0 0 0 0 0 1 1 0 1 0 0 0 1 0 0 1 0 0 1 0 0 0 0 0 0 0 0 0 1 0 0 0 0 0 0 0 0 0 1 0 0 0 1 0 1 1 0 0 0 0 0 0 0 0 0 0 0 1 0 0 1 0 0 1 0 1 0 
1 1 0 1 0 1 0 0 1 0 1 1 0 1 1 1 1 0 1 1 1 1 1 0 1 1 1 1 1 1 1 1 1 1 0 1 1 1 0 1 1 1 1 0 1 1 1 1 0 1 1 0 1 1 0 1 1 1 1 1 1 0 1 1 1 1 1 1 1 1 1 1 1 0 1 1 1 1 1 1 1 1 1 1 1 1 1 1 0 1 0 1 1 1 0 0 1 1 0 1 1 0 1 1 1 1 1 1 1 1 1 1 1 1 1 1 0 1 1 0 0 0 0 1 0 
1 0 0 0 0 0 0 1 0 0 1 0 1 0 0 1 0 1 1 1 1 0 1 0 1 0 1 0 0 0 0 0 1 0 1 1 0 1 0 0 0 1 1 0 0 1 0 0 0 0 1 0 1 0 0 0 0 1 1 1 1 1 0 0 0 1 0 1 1 1 0 0 1 0 0 1 0 1 0 0 0 1 0 1 0 0 0 0 0 0 0 1 1 1 0 1 0 0 0 0 0 0 0 0 1 0 0 1 0 1 1 1 1 0 1 0 1 0 0 0 0 0 1 0 0 
0 0 1 0 1 0 0 0 0 0 0 0 0 1 1 0 0 0 0 1 0 1 0 1 0 0 0 0 0 0 0 0 0 0 0 0 0 0 1 0 0 0 0 0 0 0 0 0 1 0 0 1 0 1 1 1 1 0 0 0 0 0 0 0 0 1 1 0 0 0 1 0 0 0 1 0 0 0 1 1 0 0 1 0 1 0 0 0 1 1 1 0 0 0 1 0 0 0 1 0 0 1 0 0 0 0 1 0 1 0 0 0 0 1 0 0 0 1 1 1 0 0 0 0 1 
1 0 0 0 1 0 0 1 1 0 0 0 1 1 0 1 0 1 1 1 1 1 1 0 0 0 1 0 0 0 0 0 1 0 1 1 0 1 0 0 0 1 1 0 0 1 0 0 0 0 1 0 1 1 0 0 0 1 1 1 1 1 0 0 0 1 0 1 1 1 0 0 1 0 1 1 0 1 1 1 0 1 1 1 1 0 0 0 0 1 0 1 1 1 1 1 0 1 0 0 0 0 0 0 1 0 1 1 1 1 1 1 1 1 1 0 1 0 1 0 0 0 1 0 0 
1 1 1 1 0 1 1 1 0 0 0 0 0 1 1 0 0 0 0 1 0 0 1 0 0 1 0 1 1 1 1 1 1 1 0 1 1 1 1 1 1 0 0 1 1 0 0 1 0 1 1 0 1 1 0 1 1 0 1 1 0 0 0 1 1 1 1 0 1 1 1 0 0 1 1 0 1 0 1 1 1 1 1 0 1 1 1 1 0 1 0 0 1 1 0 0 1 1 0 0 1 0 1 1 1 1 1 1 1 0 0 1 1 0 1 1 0 1 1 0 0 1 0 1 0 
0 0 0 0 1 0 0 0 1 0 1 0 0 0 0 1 0 1 1 0 1 0 1 0 0 0 1 0 0 0 0 0 1 0 1 1 0 1 0 0 0 1 1 0 0 0 0 0 0 0 1 0 0 0 0 0 0 1 1 0 0 1 0 0 0 1 0 1 1 1 0 0 1 0 0 1 0 1 0 0 0 1 0 0 0 0 0 0 0 0 0 1 0 1 0 1 0 0 0 0 0 0 0 0 0 0 0 0 0 1 1 1 1 0 1 0 1 0 0 0 0 0 1 0 0 
0 0 1 1 1 1 0 1 0 1 1 1 0 0 1 0 0 0 0 1 0 1 1 1 0 1 0 1 1 0 1 1 1 0 0 1 0 1 1 1 0 1 1 0 0 0 0 1 1 1 0 1 1 1 1 1 1 0 1 1 0 1 0 1 1 1 1 0 1 1 1 0 1 0 1 0 0 0 1 1 0 1 1 0 1 0 1 0 1 1 1 0 1 1 1 0 1 1 1 0 0 1 1 0 1 0 1 1 1 0 0 1 1 1 1 1 0 1 1 1 0 0 0 0 1 
0 1 1 1 0 1 1 1 0 1 0 1 0 1 0 0 0 0 0 1 0 1 1 0 0 1 0 1 1 1 1 1 0 1 0 1 0 1 1 1 0 0 0 1 0 0 0 1 1 1 0 0 1 1 1 1 1 0 0 1 0 0 0 1 1 1 1 0 1 0 1 0 0 1 1 0 1 0 1 1 0 1 1 0 1 1 1 0 1 1 1 0 1 0 0 0 1 1 1 0 1 0 1 1 1 0 1 1 1 0 0 1 1 1 1 1 0 1 1 1 0 1 0 1 1 
1 0 0 0 0 0 0 1 1 0 1 0 1 0 0 0 0 1 1 0 1 0 1 0 1 0 1 0 0 0 0 0 1 0 1 1 0 1 0 0 0 1 1 0 0 1 0 0 0 0 1 0 1 0 0 0 0 1 1 1 1 1 1 0 0 0 0 1 1 1 0 1 1 0 0 1 0 1 0 0 0 1 0 1 0 0 0 0 0 0 0 1 1 1 0 1 0 0 0 0 0 0 0 0 1 1 0 1 0 1 1 1 1 0 1 0 1 0 0 0 0 0 1 0 0 
1 1 0 1 0 0 0 1 0 0 0 0 0 0 0 0 0 0 1 0 0 0 0 0 1 1 0 1 0 1 1 1 0 1 0 0 1 1 0 1 1 0 0 0 1 1 1 0 0 0 1 0 1 0 0 0 0 0 1 0 1 0 1 0 0 0 0 0 0 1 0 1 0 0 0 1 1 1 0 0 1 1 0 1 0 1 0 1 0 0 0 0 1 0 0 0 0 1 0 1 1 0 1 1 1 1 0 1 0 1 0 0 1 0 0 1 0 0 0 0 1 0 0 1 0 
0 0 0 0 1 0 0 0 1 0 1 0 1 0 0 1 0 0 1 1 1 1 1 0 0 0 1 0 0 0 0 0 1 0 1 1 0 1 0 0 0 1 1 0 0 0 0 0 0 0 1 0 0 1 0 0 0 1 1 1 0 1 0 0 0 1 0 1 1 1 0 0 1 0 0 0 0 1 0 0 0 1 0 0 0 0 0 0 0 0 0 1 1 1 1 1 0 0 0 0 0 0 0 0 0 0 0 0 0 1 1 1 1 1 1 0 1 0 0 0 0 0 1 0 0 
1 0 0 1 0 0 0 1 1 0 1 0 1 0 0 1 1 1 0 1 1 0 1 0 1 1 1 1 1 0 0 1 1 0 0 1 0 1 0 1 1 1 1 0 0 1 1 0 0 0 1 0 1 1 0 0 0 1 1 1 1 0 1 1 0 1 0 1 1 1 0 1 1 0 0 1 0 1 0 1 1 1 1 1 0 1 0 1 0 1 0 1 1 1 0 1 0 1 0 1 0 0 0 0 1 1 0 1 0 1 1 1 1 0 1 1 0 0 1 0 1 0 1 0 0 
0 0 1 1 1 1 0 1 1 1 1 1 0 1 1 0 0 1 1 0 0 1 1 1 0 1 0 1 1 0 1 1 1 0 0 1 0 1 1 1 0 1 1 0 0 0 0 0 1 1 1 1 1 1 0 1 1 1 1 1 0 1 0 1 1 1 1 1 1 1 1 0 1 0 1 0 0 1 1 1 0 1 1 0 1 0 1 0 1 1 1 0 1 1 1 0 1 1 1 0 0 1 1 0 1 0 1 1 1 0 1 1 1 1 1 1 1 1 1 1 0 0 1 0 1 
1 0 0 0 0 0 0 1 1 0 1 0 1 0 0 1 0 1 1 0 0 0 1 0 1 0 1 0 0 0 0 0 1 0 1 1 0 1 0 0 0 1 1 0 0 1 0 0 0 0 1 0 1 0 0 0 0 1 1 1 1 1 1 0 0 0 0 1 1 1 0 1 1 0 0 1 0 1 0 0 0 1 0 1 0 0 0 0 0 0 0 1 1 1 0 1 0 0 0 0 0 0 0 0 1 1 0 1 0 1 1 1 1 0 1 0 1 0 0 0 0 0 1 0 0 
0 0 1 0 1 0 0 1 0 1 1 0 0 1 1 0 0 1 0 1 0 0 1 1 0 0 0 0 0 0 0 0 1 0 1 1 0 1 0 0 0 1 1 0 0 0 0 0 1 0 0 1 0 1 1 0 0 1 0 1 0 1 0 0 0 1 0 1 1 0 1 0 1 0 1 0 0 0 1 1 0 1 1 0 1 0 0 0 1 1 1 0 1 1 1 1 0 0 1 0 0 1 0 0 0 0 1 0 1 0 0 1 1 1 1 0 1 1 1 1 0 0 1 0 1 
1 0 0 1 1 0 0 1 1 0 1 1 1 1 1 1 0 1 1 1 1 1 0 0 1 1 1 1 1 0 1 1 1 0 1 1 0 1 0 1 1 1 1 0 0 1 1 0 0 0 1 0 1 1 0 0 0 1 1 1 1 1 1 1 0 1 1 1 1 1 1 1 1 0 1 1 0 1 1 1 0 1 1 1 1 1 1 1 0 1 0 1 1 1 0 1 0 1 0 1 0 0 1 0 1 1 1 1 1 1 1 1 1 1 1 1 1 0 1 0 1 0 1 0 0 
0 0 1 0 1 0 0 0 0 1 0 0 0 1 0 0 0 0 0 1 0 1 0 0 0 0 0 0 0 0 0 0 0 0 0 0 0 0 0 0 0 0 1 0 0 0 0 0 1 0 0 1 0 1 1 0 1 0 0 0 0 1 0 0 0 1 0 0 0 0 1 0 1 0 1 0 0 0 1 1 0 0 1 0 1 0 0 0 1 0 1 0 0 0 1 0 0 0 1 0 0 1 0 0 0 0 1 0 1 0 0 0 0 1 0 0 0 1 0 1 0 0 0 0 1 
1 0 0 1 0 0 0 1 1 0 0 0 0 0 0 1 1 0 1 0 1 0 1 0 0 1 1 1 0 1 0 1 0 0 0 0 1 1 0 1 1 1 0 0 1 1 1 0 0 0 1 0 1 0 0 0 0 0 1 1 1 0 1 0 0 0 0 0 0 1 0 1 0 0 0 1 1 1 0 0 1 1 0 1 0 1 0 1 0 0 0 1 1 1 0 0 0 1 0 1 0 0 0 1 1 1 0 1 0 1 1 1 1 0 0 1 0 0 0 0 1 0 0 0 0 
1 1 0 1 0 1 1 1 0 0 0 1 0 1 1 0 1 0 1 1 0 0 1 0 1 0 0 1 1 1 1 1 1 1 0 1 1 1 1 1 1 0 0 1 1 0 1 1 0 1 1 0 1 1 0 1 1 0 1 1 1 0 0 1 1 1 1 0 1 1 1 0 0 1 1 0 1 1 1 1 1 1 1 1 1 1 1 1 0 1 0 0 1 1 0 0 1 1 0 1 1 0 1 1 1 1 1 1 1 0 0 1 1 0 0 1 0 1 1 0 0 1 0 1 0 
1 0 0 0 0 0 0 1 1 0 1 0 1 0 0 1 0 1 1 0 1 0 1 0 1 0 0 0 0 0 0 0 1 0 1 1 0 1 0 0 0 1 1 0 0 1 0 0 0 0 1 0 1 0 0 0 0 1 1 1 1 1 1 0 0 0 0 1 1 1 0 1 1 0 0 1 0 1 0 0 0 1 0 1 0 0 0 0 0 0 0 1 1 1 0 1 0 0 0 0 0 0 0 0 1 1 0 1 0 1 1 1 1 0 1 0 1 0 0 0 0 0 1 0 0 
1 1 0 1 0 1 1 1 0 0 0 1 0 1 1 0 1 0 1 1 0 0 1 0 1 1 0 0 1 1 1 1 0 1 0 0 1 1 0 1 1 0 0 1 1 1 1 1 0 1 1 0 1 1 0 1 0 0 1 1 1 0 1 1 1 0 1 0 0 1 1 1 0 0 0 1 1 1 1 1 1 1 1 1 0 1 1 1 0 1 0 0 1 1 0 0 1 1 0 1 1 0 1 1 1 1 1 1 0 1 0 1 1 0 0 1 0 0 1 0 1 1 0 1 0 
1 1 1 1 0 1 1 1 0 0 0 1 0 1 1 0 0 0 1 1 0 0 1 0 0 1 0 1 0 1 1 1 1 1 0 1 1 1 1 1 1 1 1 1 1 0 0 1 1 1 1 0 1 1 0 1 1 0 1 1 0 0 0 1 1 1 1 0 1 1 1 0 1 0 1 0 1 0 1 1 1 1 1 0 1 1 1 1 0 1 0 0 1 1 0 0 1 1 0 0 1 0 1 1 1 1 1 1 1 0 0 1 1 1 1 1 0 1 1 0 0 1 0 1 0 
1 1 0 1 0 1 1 1 0 0 0 1 0 0 1 0 1 0 0 0 0 0 0 0 1 1 0 1 1 0 1 1 0 1 0 0 1 1 0 1 1 0 0 1 1 1 1 1 0 1 0 0 1 0 0 1 0 0 1 1 1 0 1 1 1 0 1 0 0 1 0 1 0 1 0 0 1 0 1 0 1 1 1 1 0 1 1 1 0 1 0 0 1 0 0 0 1 1 0 1 1 0 1 1 1 1 0 1 0 0 0 1 1 0 0 1 0 0 1 0 1 1 0 1 0 
1 1 0 1 0 1 1 1 0 0 0 1 0 1 1 0 1 0 0 1 0 0 1 0 0 1 0 1 1 1 0 1 0 1 0 0 1 1 1 1 1 0 0 1 1 0 1 1 0 1 0 0 1 1 0 1 1 0 1 1 0 0 0 1 1 0 1 0 0 1 1 0 0 1 1 0 1 0 1 1 1 1 1 0 1 1 1 1 0 1 0 0 1 1 0 0 1 1 0 1 1 0 1 1 1 1 1 1 1 0 0 1 1 0 0 1 0 0 1 0 0 1 0 1 0 
1 1 0 1 0 1 1 1 0 0 0 1 0 1 1 0 1 0 1 1 0 0 1 0 1 1 0 1 1 1 1 0 0 1 0 0 1 1 0 1 1 0 0 1 1 1 1 1 0 1 1 0 1 1 0 1 1 0 1 1 1 0 1 1 1 0 1 0 0 1 1 1 0 0 1 0 1 1 1 1 1 1 1 1 0 1 1 1 0 1 0 0 1 1 0 0 1 1 0 1 1 0 1 1 1 1 1 1 1 0 0 1 1 0 0 1 0 0 1 0 1 1 0 1 0 
1 0 0 1 1 0 0 1 1 0 1 1 1 1 0 1 0 1 1 1 1 1 1 0 0 1 1 0 1 0 0 0 0 0 1 1 0 1 0 1 0 1 1 0 0 1 0 0 0 0 1 0 1 1 0 0 0 1 1 1 1 1 0 1 0 1 0 1 1 1 1 0 1 0 1 1 0 1 1 1 0 1 1 1 1 0 1 0 0 1 0 1 1 1 1 1 0 1 0 0 0 0 0 0 1 1 1 1 1 1 1 1 1 1 1 0 1 1 1 0 0 0 1 0 0 
0 1 0 1 0 1 1 1 0 0 0 1 0 0 1 0 1 0 0 0 0 0 0 0 0 1 0 1 1 1 1 1 0 0 0 0 1 0 0 1 1 0 0 1 1 0 1 1 0 1 0 0 1 0 0 1 0 0 0 0 0 0 0 1 1 0 1 0 0 0 1 0 0 1 0 0 1 0 1 1 1 0 1 0 0 1 1 1 0 1 0 0 1 0 0 0 1 1 0 1 1 0 1 1 1 0 0 1 0 0 0 0 0 0 0 1 0 0 1 0 0 1 0 1 0 
0 0 0 0 1 0 0 0 1 0 1 0 1 0 0 1 0 1 0 0 1 1 1 0 0 0 1 0 0 0 0 0 1 0 0 1 0 0 0 0 0 1 1 0 0 0 0 0 0 0 0 0 0 0 0 0 0 1 0 0 0 1 0 0 0 1 0 1 1 0 0 0 1 0 0 0 0 0 0 0 0 0 0 0 0 0 0 0 0 0 0 1 0 1 0 1 0 0 0 0 0 0 0 0 0 0 0 0 0 0 1 0 0 0 1 0 1 0 0 0 0 0 1 0 0 
0 0 0 1 1 0 0 1 1 0 1 1 1 1 1 1 0 1 1 1 1 1 1 0 0 1 1 0 1 0 0 0 1 0 1 0 0 1 0 1 0 1 1 0 0 0 0 0 1 0 1 0 1 1 0 0 0 1 1 1 0 1 0 1 0 1 1 1 1 1 1 0 1 0 1 0 0 1 1 1 0 1 1 0 1 0 1 0 0 1 1 1 1 1 1 1 0 1 0 0 0 0 0 0 1 0 1 1 1 1 1 1 1 1 1 0 1 1 1 0 0 0 1 0 0 
1 1 0 1 0 1 1 1 0 0 0 1 0 0 0 0 1 0 0 0 0 0 0 0 1 1 0 1 1 1 1 1 0 1 0 0 0 0 0 1 1 0 0 1 1 1 1 1 0 0 0 0 1 0 0 0 0 0 0 0 1 0 1 1 1 0 0 0 0 0 0 1 0 0 0 0 1 0 0 0 1 0 0 1 0 1 1 1 0 0 0 0 0 0 0 0 1 1 0 1 1 0 1 1 1 1 0 1 0 0 0 0 0 0 0 1 0 0 1 0 1 1 0 1 0 
1 0 0 1 1 0 0 1 1 0 1 1 1 1 1 1 1 1 1 1 1 1 1 0 1 1 1 1 1 1 1 1 1 0 0 1 0 0 0 1 1 1 1 0 1 1 1 0 0 1 1 0 1 1 0 1 0 1 1 1 1 1 1 1 0 1 1 1 1 1 1 1 1 0 1 1 1 1 1 1 1 1 1 1 1 1 1 1 0 1 0 1 1 1 0 0 0 1 0 1 1 0 1 1 1 1 1 1 1 1 1 1 1 1 1 1 0 1 1 0 1 0 1 0 0 
0 1 1 1 0 1 1 0 0 1 0 1 0 1 1 0 0 0 0 1 0 0 0 0 0 1 0 0 1 0 1 0 0 0 0 0 0 0 0 0 0 0 0 1 0 0 0 1 1 1 0 1 0 1 1 1 1 0 0 0 0 0 0 1 1 0 1 0 0 0 1 0 0 1 1 0 0 0 1 1 0 0 1 0 1 0 1 0 1 1 1 0 0 0 0 0 1 0 1 0 0 1 1 0 0 0 1 0 1 0 0 0 0 0 0 0 0 1 1 1 0 1 0 0 1 
1 1 0 1 0 1 1 1 0 0 0 1 0 1 1 0 1 0 1 1 0 0 1 0 1 1 0 1 1 1 1 1 1 1 0 1 1 1 0 0 1 1 0 1 1 1 1 1 0 1 1 0 1 1 0 1 1 0 1 1 1 0 1 1 1 1 1 0 1 1 1 1 0 0 1 1 1 1 1 1 1 1 1 1 1 1 1 1 0 1 0 0 1 1 0 0 1 1 0 1 1 0 1 1 1 1 1 1 1 1 0 1 1 0 1 1 0 0 1 0 1 1 0 1 0 
1 1 0 1 0 0 0 1 0 0 0 1 0 0 0 0 1 0 1 0 0 0 1 0 1 1 0 1 1 1 1 1 0 1 0 0 1 1 0 1 0 1 0 0 1 1 1 0 0 0 1 0 1 0 0 0 0 0 1 1 1 0 1 1 0 0 0 0 0 1 0 1 0 0 0 1 1 1 0 0 1 1 0 1 0 1 1 1 0 1 0 1 1 1 0 0 0 1 0 1 1 0 1 1 1 1 0 1 0 1 1 1 1 0 0 1 0 0 1 0 1 0 0 1 0 
1 0 0 1 1 0 0 1 1 0 1 0 1 1 0 1 0 1 1 1 1 1 1 0 1 0 1 0 1 0 0 0 1 0 1 1 0 1 0 1 1 0 1 0 0 1 0 0 0 0 1 0 1 1 0 0 0 1 1 1 1 1 1 1 0 1 0 1 1 1 0 1 1 0 1 1 0 1 1 1 0 1 1 1 1 0 0 0 0 1 0 1 1 1 0 1 0 1 0 0 0 0 0 0 1 1 1 1 1 1 1 1 1 1 1 0 1 0 1 0 0 0 1 0 0 
0 0 0 1 1 0 0 1 1 0 1 0 1 1 0 1 0 1 1 1 1 1 1 1 0 0 1 0 1 0 0 0 1 0 1 1 0 1 0 0 0 1 0 0 0 0 0 0 1 0 1 1 1 1 0 0 0 1 1 1 0 1 0 1 0 1 0 1 1 1 1 0 1 0 1 0 0 1 1 1 0 1 1 0 1 0 0 0 1 1 1 1 1 1 1 1 0 1 1 0 0 0 0 0 1 0 1 1 1 0 1 1 1 1 1 0 1 1 1 0 0 0 1 0 0 
0 1 0 1 0 1 1 0 0 0 0 1 0 0 1 0 0 0 0 0 0 0 0 0 0 1 0 1 1 1 1 1 0 1 0 0 1 0 1 1 0 0 0 0 1 0 0 1 0 1 0 0 0 0 0 1 0 0 0 0 0 0 0 1 1 0 1 0 0 0 1 0 0 1 0 0 1 0 0 0 1 0 0 0 0 1 1 0 0 0 0 0 0 0 0 0 1 0 0 0 1 0 1 1 0 0 0 0 0 0 0 0 0 0 0 1 0 0 1 0 0 1 0 1 0 
1 1 0 1 0 0 0 1 0 0 0 1 0 0 0 0 1 0 0 0 0 0 0 0 1 1 0 1 1 1 1 1 0 1 0 0 1 1 0 1 1 0 0 1 0 1 1 1 0 0 0 0 1 0 0 0 0 0 0 0 1 0 1 1 0 0 0 0 0 1 0 1 0 0 0 0 1 0 0 0 1 0 0 1 0 1 1 1 0 0 0 0 0 0 0 0 1 1 0 1 1 0 1 1 1 1 0 1 0 0 0 0 0 0 0 1 0 0 0 0 1 1 0 1 0 
1 0 0 0 0 0 0 1 1 0 1 0 0 0 0 1 1 0 1 0 1 0 1 0 1 0 1 1 0 1 0 1 1 0 0 0 1 1 0 1 1 1 0 0 1 0 1 0 0 0 1 0 1 0 0 0 0 0 1 0 1 0 1 0 0 0 0 0 0 1 0 1 0 0 0 1 0 1 0 0 1 1 0 1 0 1 0 1 0 0 0 1 1 1 0 0 0 1 0 1 0 0 0 1 1 1 0 1 0 1 1 1 1 0 0 1 0 0 0 0 1 0 0 0 0 
1 0 0 1 0 0 0 1 0 0 0 0 0 0 0 0 1 0 1 0 0 0 1 0 1 1 0 1 0 1 1 1 0 1 0 0 1 1 0 1 1 0 0 0 1 1 0 0 0 0 1 0 1 0 0 0 0 0 1 0 1 0 1 0 0 0 0 0 0 1 0 1 0 0 0 1 1 1 0 0 1 1 0 1 0 1 0 1 0 0 0 1 1 1 0 0 0 1 0 1 1 0 1 1 1 1 0 1 0 1 0 1 1 0 0 1 0 0 0 0 1 0 0 1 0 
0 1 1 1 0 1 1 1 0 0 0 1 0 1 1 0 0 0 0 0 0 0 0 0 0 1 0 1 1 1 1 1 0 1 0 0 1 0 1 1 0 0 0 1 1 0 0 0 0 1 0 0 0 1 0 1 1 0 0 1 0 0 0 1 1 0 1 0 0 0 1 0 0 1 1 0 1 0 1 1 1 0 1 0 0 1 1 0 0 1 0 0 1 0 0 0 1 1 0 0 1 0 1 1 0 0 1 0 1 0 0 0 0 0 0 1 0 0 1 0 0 1 0 1 0 
0 0 1 0 1 0 0 0 0 1 0 0 0 1 1 0 0 0 0 1 0 1 0 1 0 0 0 0 1 0 0 0 0 0 0 1 0 0 1 0 0 0 1 0 0 0 0 0 0 1 0 1 0 1 1 1 1 0 0 1 0 0 0 1 0 1 1 0 0 0 1 0 1 0 1 0 0 0 1 1 0 0 1 0 1 0 1 0 1 1 1 0 0 0 1 0 0 0 1 0 0 1 0 0 0 0 1 0 1 0 0 0 0 1 0 0 0 1 1 1 0 0 0 0 1 
0 1 1 1 0 1 1 1 0 0 0 1 0 1 1 0 0 0 0 1 0 0 0 0 0 1 0 1 1 1 1 1 0 1 0 0 0 1 1 1 0 0 0 1 0 0 0 1 1 0 0 0 1 1 0 1 1 0 0 1 0 0 0 1 1 1 1 0 0 0 1 0 0 1 1 0 1 0 1 1 0 1 1 0 1 1 1 0 0 1 0 0 1 0 0 0 1 1 0 0 1 0 1 1 1 0 1 1 1 0 0 1 1 0 0 1 0 1 1 1 0 1 0 1 0 
1 0 0 1 0 0 0 1 1 0 1 1 1 0 0 1 1 1 1 1 1 0 1 0 1 1 1 1 1 0 0 1 1 0 0 1 0 1 0 1 1 1 1 0 0 1 1 0 0 0 0 0 1 1 0 0 0 1 1 1 1 0 1 1 0 1 0 1 1 1 0 1 1 0 0 1 0 1 1 1 1 1 1 1 0 1 0 1 0 1 0 1 1 1 0 1 0 1 0 1 0 0 1 0 1 1 0 1 1 1 1 1 1 0 1 1 0 0 1 0 1 0 1 0 0 
0 0 1 0 1 0 0 0 0 1 0 0 0 1 0 0 0 0 0 1 0 1 0 1 0 0 0 0 0 0 0 0 0 0 0 0 0 0 1 0 0 0 1 0 0 0 0 0 1 0 0 0 0 1 1 0 1 0 0 0 0 0 0 0 0 1 0 0 0 0 1 0 0 0 1 0 0 0 1 1 0 0 1 0 1 0 0 0 1 0 1 0 0 0 1 0 0 0 1 0 0 1 0 0 0 0 1 0 1 0 0 0 0 1 0 0 0 1 0 1 0 0 0 0 1 
1 1 0 1 0 1 0 1 1 0 1 1 0 1 1 1 1 0 1 1 1 0 1 0 1 1 1 1 1 1 1 1 1 1 0 1 1 1 0 1 1 1 1 0 1 1 1 0 0 1 1 0 0 1 0 1 0 1 1 1 1 0 1 1 1 1 1 1 1 1 1 1 1 0 1 1 1 1 1 1 1 1 1 1 1 1 1 1 0 1 0 1 1 1 0 0 1 1 0 1 1 0 1 1 1 1 1 1 1 1 1 1 1 0 1 1 0 0 1 0 1 0 0 1 0 
0 0 1 1 1 1 0 1 0 1 1 1 0 1 1 0 0 1 1 1 0 1 1 1 0 1 0 1 1 0 1 1 1 0 0 1 0 1 1 1 0 1 1 0 0 0 0 1 1 1 1 1 1 0 0 1 1 1 1 1 0 1 0 1 1 1 1 1 1 1 1 0 1 0 1 0 0 1 1 1 0 1 1 0 1 0 1 0 1 1 1 0 1 1 1 0 1 1 1 0 0 1 1 0 1 0 1 1 1 0 0 1 1 1 1 1 0 1 1 1 0 0 0 0 1 
0 0 1 0 1 0 0 0 0 1 0 0 0 1 1 0 0 0 0 0 0 1 0 1 0 0 0 0 0 0 0 0 0 0 0 0 0 0 1 0 0 0 0 0 0 0 0 0 1 0 0 1 0 0 0 1 1 0 0 0 0 0 0 0 0 1 1 0 0 0 1 0 0 0 1 0 0 0 1 1 0 0 0 0 1 0 0 0 1 0 1 0 0 0 1 0 0 0 1 0 0 1 0 0 0 0 1 0 1 0 0 0 0 1 0 0 0 1 0 1 0 0 0 0 1 
0 1 1 1 0 1 1 1 0 1 0 1 0 1 1 0 0 0 0 1 0 0 0 0 0 1 0 1 1 1 1 1 0 1 0 0 0 1 1 1 0 0 0 1 0 0 0 1 1 1 0 0 1 1 1 0 1 0 0 1 0 0 0 1 1 1 1 0 0 0 1 0 0 1 1 0 1 0 1 1 0 1 1 0 1 0 1 0 1 1 1 0 1 0 0 0 1 1 1 0 1 0 1 1 1 0 1 1 1 0 0 1 1 1 0 1 0 1 1 1 0 1 0 1 1 
0 1 1 1 0 1 1 1 0 1 0 1 0 1 1 0 0 0 0 1 0 0 0 1 0 1 0 0 1 0 1 1 0 0 0 0 0 0 1 1 0 0 0 0 0 0 0 1 1 1 0 1 0 1 1 1 0 0 0 1 0 0 0 1 1 1 1 0 0 0 1 0 0 0 1 0 0 0 1 1 0 0 1 0 1 0 1 0 1 1 1 0 1 0 0 0 1 1 1 0 0 1 1 0 0 0 1 0 1 0 0 0 0 1 0 0 0 1 1 1 0 1 0 0 1 
0 0 0 0 1 0 0 1 1 0 1 0 1 0 0 1 0 1 1 1 1 1 1 0 0 0 1 0 0 0 0 0 1 0 1 1 0 1 0 0 0 1 1 0 0 0 0 0 0 0 1 0 1 1 0 0 0 0 1 1 0 1 0 0 0 1 0 1 1 1 0 0 1 0 1 0 0 1 0 0 0 1 0 0 1 0 0 0 0 1 0 1 1 1 1 1 0 0 0 0 0 0 0 0 1 0 0 0 1 1 1 1 1 1 1 0 1 0 0 0 0 0 1 0 0 
1 0 0 1 0 0 0 1 1 0 1 1 1 1 0 1 1 1 1 1 1 0 1 0 1 1 1 1 1 1 1 1 1 0 0 1 0 1 0 1 1 1 1 0 0 1 1 0 0 0 1 0 1 1 0 0 0 1 0 1 1 1 1 1 0 1 0 1 1 1 0 1 1 0 1 1 1 1 1 1 1 1 1 1 1 1 1 1 0 1 0 1 1 1 0 1 0 1 0 1 0 0 1 1 1 1 1 1 1 1 1 1 1 0 1 1 0 0 1 0 1 0 1 0 0 
1 0 0 1 1 1 0 1 1 0 1 1 0 1 1 1 0 1 1 1 1 1 1 0 1 1 1 1 1 1 1 1 1 0 0 1 0 1 0 1 1 1 1 0 0 0 0 1 1 1 1 0 1 1 0 1 1 1 1 0 1 1 0 1 1 1 1 1 1 1 1 0 1 0 1 1 1 1 1 1 0 1 1 1 1 1 1 0 0 1 0 1 1 1 1 0 1 1 0 0 1 0 1 1 1 1 1 1 1 1 1 1 1 1 1 1 0 1 1 0 0 0 0 0 0 
1 0 0 1 0 0 0 1 1 0 1 0 0 0 0 1 1 0 1 0 1 0 1 0 1 1 1 1 0 1 0 1 1 0 0 0 1 1 0 1 1 1 0 0 1 1 1 0 0 0 1 0 1 0 0 0 0 0 1 1 0 0 1 0 0 0 0 0 0 1 0 1 0 0 0 1 1 1 0 0 1 1 0 1 0 1 0 1 0 0 0 1 1 1 0 0 0 1 0 1 1 0 1 1 1 1 0 1 0 1 1 1 1 0 0 1 0 0 0 0 1 0 0 1 0 
0 0 0 0 1 0 0 0 1 0 1 0 1 1 0 1 0 1 0 1 1 1 1 1 0 0 1 0 0 0 0 0 1 0 1 1 0 1 0 0 0 1 1 0 0 0 0 0 0 0 0 0 0 1 0 0 0 1 1 1 0 0 0 0 0 1 0 1 1 0 0 0 1 0 1 0 0 0 0 1 0 1 1 0 1 0 0 0 0 1 1 1 1 1 1 1 0 0 0 0 0 0 0 0 0 0 1 0 1 0 1 1 1 1 1 0 1 1 0 0 0 0 1 0 0 
1 0 0 0 0 0 0 1 0 0 0 0 0 0 0 1 1 0 1 0 1 0 1 0 1 0 1 1 0 1 0 1 0 0 0 0 1 1 0 1 1 1 0 0 1 1 1 0 0 0 1 0 1 0 0 0 0 0 1 0 1 0 0 0 0 0 0 0 0 1 0 1 0 0 0 1 1 1 0 0 1 1 0 1 0 1 0 1 0 0 0 1 1 1 0 0 0 1 0 1 0 0 0 1 1 1 0 1 0 1 1 1 1 0 0 1 0 0 0 0 1 0 0 0 0 
1 1 1 1 0 1 1 1 0 0 0 1 0 1 1 0 0 0 1 1 0 0 1 0 0 1 0 1 1 1 1 1 1 1 0 1 1 1 1 1 1 1 1 1 1 0 0 1 1 1 1 0 1 1 0 1 1 0 1 1 0 0 0 0 1 1 1 0 1 1 1 0 1 0 1 0 1 0 1 1 1 1 1 0 1 1 1 1 0 1 0 0 1 1 0 0 1 1 0 0 1 0 1 1 1 1 1 1 1 0 0 1 1 1 1 1 0 1 1 0 0 1 0 1 0 
0 1 1 1 0 1 1 1 0 0 0 1 0 1 1 0 0 0 0 1 0 0 0 0 0 1 0 1 1 1 1 1 0 1 0 0 1 0 1 1 0 0 0 1 0 0 0 1 0 1 0 0 1 1 0 1 1 0 0 1 0 0 0 1 0 0 1 0 0 0 1 0 0 1 1 0 1 0 1 1 0 0 1 0 1 1 1 0 0 1 0 0 1 0 0 0 1 1 0 0 1 0 1 1 0 0 1 1 1 0 0 1 0 0 0 1 0 1 1 0 0 1 0 1 0 
0 0 1 1 1 0 0 1 1 1 1 1 1 1 1 0 0 1 1 1 0 1 1 1 0 1 0 0 1 0 0 0 1 0 1 1 0 1 0 1 0 1 1 0 0 0 0 0 1 1 1 1 1 1 1 1 1 1 1 1 0 1 0 1 0 0 1 1 1 1 1 0 1 0 1 0 0 0 1 1 0 1 1 0 1 0 1 0 1 1 1 1 1 1 1 1 0 1 1 0 0 1 1 0 1 0 1 1 1 0 1 1 1 1 1 0 1 1 1 1 0 0 1 0 1 
0 1 1 1 0 1 1 1 0 1 0 1 0 1 1 0 0 0 0 1 0 0 1 0 0 1 0 1 1 1 1 1 0 1 0 1 0 1 1 1 0 0 0 1 0 0 0 1 1 1 0 0 1 1 1 1 1 0 0 1 0 0 0 1 1 1 0 0 1 0 1 0 0 1 1 0 1 0 1 1 0 1 1 0 1 1 1 0 1 1 1 0 1 0 0 0 1 1 1 0 1 0 1 1 1 0 1 1 1 0 0 1 1 1 0 1 0 1 1 1 0 1 0 1 1 
0 0 0 0 1 0 0 1 1 0 1 0 1 0 0 1 0 1 1 1 1 1 1 0 0 0 1 0 0 0 0 0 1 0 1 1 0 1 0 0 0 1 1 0 0 0 0 0 0 0 1 0 1 1 0 0 0 1 1 1 0 1 0 0 0 1 0 0 1 1 0 0 1 0 0 1 0 1 0 0 0 1 0 0 0 0 0 0 0 1 0 1 1 1 0 1 0 0 0 0 0 0 0 0 1 0 0 1 0 1 1 1 1 1 1 0 1 0 0 0 0 0 1 0 0 
0 0 0 1 1 0 0 1 1 0 1 1 1 1 1 1 0 1 1 1 1 1 1 0 0 1 1 0 1 0 0 0 1 0 1 1 0 1 0 1 0 1 1 0 0 0 0 0 0 0 1 0 1 1 0 0 0 1 1 1 0 1 0 1 0 1 1 1 0 1 1 0 1 0 1 0 0 1 1 1 0 1 1 0 1 0 1 0 0 1 1 1 1 1 1 1 0 1 0 0 0 0 0 0 1 0 1 1 1 1 1 1 1 1 1 0 1 1 1 0 0 0 1 0 0 
1 0 0 1 0 0 0 1 1 0 1 1 1 1 0 1 1 1 1 1 1 0 1 0 1 1 1 1 1 1 1 1 1 0 0 1 0 1 0 1 1 1 1 0 1 1 1 0 0 0 1 0 1 1 0 0 0 1 1 1 1 0 1 1 0 1 0 1 1 0 0 1 1 0 1 1 1 1 1 1 1 1 1 1 1 1 1 1 0 1 0 1 1 1 0 0 0 1 0 1 0 0 1 1 1 1 1 1 1 1 1 1 1 0 1 1 0 0 1 0 1 0 1 0 0 
0 1 1 1 0 1 1 1 0 1 0 1 0 1 1 0 0 0 0 1 0 1 1 1 0 1 0 1 1 0 1 1 1 1 0 1 0 1 1 1 0 0 1 1 0 0 0 1 1 1 0 1 1 1 1 1 1 0 0 1 0 0 0 1 1 1 1 0 1 0 0 0 1 0 1 0 1 0 1 1 0 1 1 0 1 0 1 0 1 1 1 0 1 0 1 0 1 1 1 0 1 1 1 0 1 0 1 1 1 0 0 1 1 1 1 1 0 1 1 1 0 1 0 0 1 
1 0 0 0 0 0 0 1 0 0 0 0 0 0 0 1 1 0 1 0 1 0 1 0 1 0 1 1 0 1 0 1 0 0 0 0 1 1 0 1 1 1 0 0 1 1 1 0 0 0 1 0 1 0 0 0 0 0 1 0 1 0 1 0 0 0 0 0 0 1 0 0 0 0 0 1 1 1 0 0 1 1 0 1 0 1 0 1 0 0 0 1 1 1 0 0 0 1 0 1 0 0 0 1 1 1 0 1 0 1 1 1 1 0 0 1 0 0 0 0 1 0 0 0 0 
0 0 0 1 1 0 0 1 1 0 1 0 1 1 0 1 0 1 1 1 1 1 1 1 0 0 1 0 1 0 0 0 1 0 1 1 0 1 0 0 0 1 1 0 0 0 0 0 1 0 1 0 1 1 0 0 0 1 1 1 0 1 0 1 0 1 0 1 1 1 1 0 0 0 1 0 0 1 1 1 0 1 1 0 1 0 0 0 0 1 1 1 1 1 1 1 0 1 1 0 0 0 0 0 1 0 1 1 1 0 1 1 1 1 1 0 1 1 1 0 0 0 1 0 0 
0 1 0 0 0 1 1 0 0 0 0 1 0 0 1 0 0 0 0 0 0 0 0 0 0 1 0 0 0 1 1 0 0 1 0 0 0 0 1 0 0 0 0 1 0 0 0 1 0 1 0 0 0 0 0 1 0 0 0 0 0 0 0 0 1 0 1 0 0 0 0 0 0 0 0 0 1 0 0 0 0 0 0 0 0 0 1 0 0 0 0 0 0 0 0 0 1 0 0 0 1 0 1 0 0 0 0 0 0 0 0 0 0 0 0 1 0 0 0 0 0 1 0 1 0 
0 0 1 1 1 1 0 1 0 1 1 1 0 1 1 0 0 0 0 1 0 1 1 1 0 1 0 0 1 0 1 1 1 0 0 1 0 1 1 1 0 1 1 0 0 0 0 1 1 1 0 1 1 1 1 1 1 1 1 1 0 1 0 1 1 1 1 0 1 1 1 0 1 0 0 0 0 0 1 1 0 1 1 0 1 0 1 0 1 1 1 0 1 1 1 0 1 1 1 0 0 1 1 0 1 0 1 1 1 0 0 1 1 1 1 1 0 1 1 1 0 0 0 0 1 
1 0 0 0 0 0 0 1 1 0 1 0 1 0 0 1 1 0 1 0 1 0 1 0 1 0 1 1 0 0 0 0 1 0 0 0 0 1 0 1 1 1 0 0 0 1 1 0 0 0 1 0 1 0 0 0 0 0 1 1 1 0 1 0 0 0 0 1 0 1 0 1 0 0 0 0 0 1 0 0 0 1 0 1 0 1 0 1 0 0 0 1 1 1 0 0 0 1 0 1 0 0 0 0 1 1 0 1 0 1 1 1 1 0 0 0 0 0 0 0 1 0 0 0 0 
1 1 0 1 0 1 1 1 0 0 0 1 0 0 1 0 1 0 0 0 0 0 0 0 1 1 0 1 1 1 1 1 0 1 0 0 1 1 0 1 1 0 0 1 1 0 1 1 0 1 0 0 1 0 0 1 0 0 1 1 1 0 1 1 1 0 1 0 0 1 1 1 0 1 0 0 0 0 1 1 1 1 1 1 0 1 1 1 0 1 0 0 1 0 0 0 1 1 0 1 1 0 1 1 1 1 0 1 0 0 0 1 1 0 0 1 0 0 1 0 0 1 0 1 0 
1 0 0 1 0 0 0 1 1 0 1 0 1 0 0 1 1 1 1 1 1 0 1 0 1 1 1 1 0 0 0 1 1 0 0 1 0 1 0 1 1 1 1 0 0 1 1 0 0 0 1 0 1 1 0 0 0 1 1 1 1 0 1 0 0 0 0 1 1 1 0 1 1 0 0 1 0 0 0 0 1 1 1 1 0 1 0 1 0 1 0 1 1 1 0 0 0 1 0 1 0 0 0 0 1 1 0 1 0 1 1 1 1 0 1 1 0 0 0 0 1 0 1 0 0 
0 1 1 1 1 1 0 1 0 1 1 1 0 1 1 0 0 0 0 1 0 1 1 1 0 1 0 1 1 1 1 1 1 1 0 1 0 1 1 1 0 1 1 0 0 0 0 1 1 1 1 1 1 1 1 1 1 0 1 1 0 0 0 1 1 1 1 0 1 1 1 0 1 0 1 0 1 0 0 1 0 1 1 0 1 1 1 0 1 1 1 0 1 1 1 0 1 1 1 0 1 1 1 1 1 0 1 1 1 0 0 1 1 1 1 1 0 1 1 1 0 0 0 0 1 
0 1 1 1 1 1 0 1 0 1 1 1 0 1 1 0 0 0 1 1 0 1 1 1 0 1 0 1 1 0 1 1 1 1 0 1 0 1 1 1 0 1 1 0 0 0 0 1 1 1 1 1 1 1 1 1 1 0 1 1 0 1 0 1 1 1 1 0 1 1 1 0 1 0 1 0 1 0 1 0 0 1 1 0 1 0 1 0 1 1 1 0 1 1 1 0 1 1 1 0 1 1 1 0 1 0 1 1 1 0 0 1 1 1 1 1 0 1 1 1 0 0 0 0 1 
1 1 0 1 0 0 0 1 0 0 0 1 0 0 0 0 1 0 1 0 0 0 0 0 1 1 0 1 1 1 1 1 0 1 0 0 1 1 0 1 1 0 0 1 1 1 1 1 0 0 1 0 1 0 0 0 0 0 1 0 1 0 1 1 0 0 0 0 0 1 0 1 0 0 0 0 1 1 0 0 0 1 0 1 0 1 1 1 0 0 0 0 1 0 0 0 1 1 0 1 1 0 1 1 1 1 0 1 0 0 0 0 1 0 0 1 0 0 1 0 1 1 0 1 0 
1 0 0 1 1 0 0 1 1 0 1 1 1 1 1 1 1 1 1 1 1 1 1 0 1 1 1 1 1 1 1 1 1 0 0 1 0 1 0 1 1 1 1 0 0 1 1 0 0 1 1 0 1 1 0 1 0 1 1 1 1 1 1 1 0 1 1 1 1 1 1 1 1 0 1 1 1 1 1 1 1 0 1 1 1 1 1 1 0 1 0 1 1 1 0 0 1 1 0 1 1 0 1 1 1 1 1 1 1 1 1 1 1 1 1 1 0 1 1 0 1 0 1 0 0 
1 1 1 1 1 1 0 1 0 1 1 1 0 1 1 0 0 0 1 1 0 1 1 1 0 1 0 1 1 1 1 1 1 1 0 1 0 1 1 1 0 1 1 0 0 0 0 1 1 1 1 1 1 1 0 1 1 0 1 1 0 1 0 1 1 1 1 0 1 1 1 0 1 0 1 0 1 1 1 1 0 1 0 0 1 1 1 0 1 1 1 0 1 1 1 0 1 1 1 0 1 0 1 1 1 0 1 1 1 0 0 1 1 1 1 1 0 1 1 1 0 0 0 0 1 
1 0 0 1 0 0 0 1 1 0 1 0 0 0 0 1 1 0 1 0 1 0 1 0 1 1 1 1 0 1 0 1 1 0 0 0 1 1 0 1 1 1 0 0 1 1 1 0 0 0 1 0 1 0 0 0 0 0 1 1 1 0 1 0 0 0 0 0 0 1 0 1 0 0 0 1 1 1 0 0 1 1 0 0 0 1 0 1 0 0 0 1 1 1 0 0 0 1 0 1 1 0 1 1 1 1 0 1 0 1 1 1 1 0 0 1 0 0 0 0 1 0 0 0 0 
0 0 1 1 1 1 0 1 0 1 1 1 0 1 1 0 0 0 0 1 0 1 1 1 0 1 0 0 1 0 1 0 1 0 0 1 0 1 1 1 0 1 1 0 0 0 0 0 1 1 0 1 1 1 1 1 1 1 1 1 0 1 0 1 1 1 1 0 1 1 1 0 1 0 1 0 0 0 1 1 0 1 1 0 0 0 1 0 1 1 1 0 1 1 1 0 1 1 1 0 0 1 1 0 1 0 1 1 1 0 0 1 1 1 1 0 0 1 1 1 0 0 0 0 1 
1 1 0 1 0 1 0 1 0 0 0 1 0 0 1 0 1 0 1 0 0 0 1 0 1 1 0 1 1 1 1 1 0 1 0 0 1 1 0 1 1 0 0 1 1 1 1 1 0 1 1 0 1 0 0 0 0 0 1 1 1 0 1 1 1 0 1 0 0 1 0 1 0 0 0 1 1 1 1 0 1 1 1 1 0 0 1 1 0 1 0 0 1 1 0 0 1 1 0 1 1 0 1 1 1 1 0 1 0 1 0 1 1 0 0 1 0 0 1 0 1 1 0 1 0 
0 1 1 1 0 1 1 1 0 0 0 1 0 1 1 0 0 0 0 1 0 0 1 0 0 1 0 1 1 1 1 1 1 1 0 1 1 1 1 1 1 0 0 1 1 0 0 1 1 1 0 0 1 1 0 1 1 0 1 1 0 0 0 1 1 1 1 0 1 1 1 0 0 1 1 0 1 0 1 1 1 1 1 0 1 1 0 0 0 1 0 0 1 1 0 0 1 1 0 0 1 0 1 1 1 0 1 1 1 0 0 1 1 1 1 1 0 1 1 0 0 1 0 1 0 
1 1 0 1 0 0 0 1 0 0 0 1 0 0 0 0 1 0 1 0 0 0 1 0 1 1 0 1 1 1 1 1 0 1 0 0 1 1 0 1 1 0 0 0 1 1 1 0 0 0 1 0 1 0 0 0 0 0 1 0 1 0 1 1 0 0 0 0 0 1 0 1 0 0 0 1 1 1 0 0 1 1 0 1 0 1 0 0 0 0 0 0 1 1 0 0 0 1 0 1 1 0 1 1 1 1 0 1 0 1 0 1 1 0 0 1 0 0 0 0 1 0 0 1 0 
0 0 1 0 1 0 0 0 0 1 0 0 0 1 1 0 0 0 0 1 0 1 0 1 0 0 0 0 0 0 0 0 0 0 0 0 0 0 1 0 0 0 1 0 0 0 0 0 1 0 0 1 0 1 1 1 1 0 0 0 0 0 0 0 0 1 1 0 0 0 1 0 0 0 1 0 0 0 1 1 0 0 1 0 1 0 0 0 0 0 1 0 0 0 1 0 0 0 1 0 0 1 0 0 0 0 1 0 1 0 0 0 0 1 0 0 0 1 0 1 0 0 0 0 1 
1 1 1 1 1 1 0 1 0 1 1 1 0 1 1 0 0 0 1 1 0 1 1 0 0 1 0 1 1 1 1 1 1 1 0 1 0 1 1 1 1 1 1 0 0 0 0 1 1 1 1 0 1 1 0 1 1 1 1 1 0 1 0 1 1 1 1 1 1 1 1 0 1 0 1 0 1 1 1 1 0 1 1 0 1 1 1 0 0 0 1 0 1 1 1 0 1 1 1 0 1 0 1 1 1 1 1 1 1 0 0 1 1 1 1 1 0 1 1 0 0 0 0 0 0 
0 0 1 0 1 0 0 0 0 1 0 0 0 1 1 0 0 0 0 1 0 1 0 1 0 0 0 0 0 0 0 0 0 0 0 1 0 0 1 0 0 0 1 0 0 0 0 0 1 0 0 1 0 1 1 1 1 0 0 0 0 1 0 0 0 1 1 0 1 0 1 0 1 0 1 0 0 0 1 1 0 0 1 0 1 0 0 0 1 1 0 0 0 0 1 0 0 0 1 0 0 1 0 0 0 0 1 0 1 0 0 0 0 1 1 0 0 1 1 1 0 0 0 0 1 
1 0 0 0 0 0 0 1 1 0 1 0 1 0 0 1 0 1 1 0 1 0 1 0 1 0 1 0 0 0 0 0 1 0 1 1 0 1 0 0 1 1 1 0 0 1 1 0 0 0 1 0 1 0 0 0 0 1 1 1 1 1 1 0 0 1 0 1 1 1 0 1 1 0 0 1 0 1 0 0 0 1 0 1 0 0 0 0 0 0 0 0 1 1 0 1 0 1 0 0 0 0 0 0 1 1 0 1 0 1 1 1 1 0 1 0 1 0 0 0 1 0 1 0 0 
1 1 0 1 1 1 0 1 1 0 1 1 0 1 1 1 1 1 1 1 1 1 1 0 1 1 1 1 1 1 1 1 1 1 0 1 0 1 0 1 1 1 1 0 0 1 1 1 0 1 1 0 1 1 0 1 1 1 1 1 1 1 1 1 1 1 1 1 1 1 1 1 1 0 1 1 1 1 1 1 1 1 1 1 1 1 1 1 0 1 0 1 0 1 0 0 1 1 0 1 1 0 1 1 1 1 1 1 1 1 1 1 1 1 1 1 0 1 1 0 0 0 0 1 0 
1 0 0 1 1 0 0 1 1 0 1 1 1 1 0 1 0 1 1 1 1 1 1 0 1 1 1 1 1 0 1 1 1 0 1 1 0 1 0 1 1 1 1 0 0 1 1 0 0 0 1 0 1 1 0 0 0 1 1 1 1 1 1 1 0 1 0 1 1 1 0 1 1 0 1 1 0 1 1 1 0 1 1 1 1 1 1 1 0 1 0 1 1 0 0 1 0 1 0 1 0 0 1 0 1 1 1 1 1 1 1 1 1 1 1 1 1 0 1 0 1 0 1 0 0 
0 0 1 0 1 0 0 0 0 1 1 0 0 1 0 0 0 1 0 1 0 1 0 1 0 0 0 0 0 0 0 0 1 0 0 1 0 0 0 0 0 0 1 0 0 0 0 0 1 0 0 1 0 1 1 0 0 1 0 1 0 1 0 0 0 1 0 0 1 0 1 0 1 0 1 0 0 0 1 1 0 0 1 0 1 0 0 0 1 1 1 0 0 0 0 0 0 0 1 0 0 1 0 0 0 0 1 0 1 0 0 1 0 1 1 0 1 1 0 1 0 0 0 0 1 
0 0 0 0 1 0 0 0 1 0 1 0 1 0 0 1 0 1 1 0 1 1 1 0 0 0 1 0 0 0 0 0 1 0 1 1 0 0 0 0 0 1 1 0 0 0 0 0 0 0 1 0 0 0 0 0 0 1 1 0 0 1 0 0 0 1 0 1 1 0 0 0 1 0 0 0 0 0 0 0 0 0 0 0 0 0 0 0 0 0 0 1 0 1 0 0 0 0 0 0 0 0 0 0 0 0 0 0 0 0 1 0 0 0 1 0 1 0 0 0 0 0 1 0 0 
0 1 1 1 0 1 1 1 0 0 0 1 0 1 1 0 0 0 0 1 0 0 0 0 0 1 0 1 1 1 1 1 0 1 0 0 1 0 1 1 0 0 0 1 1 0 0 1 0 1 0 0 1 1 0 1 1 0 0 1 0 0 0 1 1 0 1 0 0 0 1 0 0 1 1 0 1 0 1 1 1 1 1 0 1 1 1 0 0 1 0 0 1 0 0 0 0 1 0 0 1 0 1 1 1 0 1 1 1 0 0 1 1 0 0 1 0 0 1 0 0 1 0 1 0 
1 1 0 1 0 1 0 1 0 0 1 1 0 1 1 0 1 0 1 1 0 0 1 0 1 1 0 1 1 1 1 1 1 1 0 1 1 1 0 1 1 1 1 0 1 1 1 1 0 1 1 0 1 1 0 1 1 0 1 1 1 0 1 1 1 1 1 0 1 1 1 1 1 0 1 1 1 1 1 1 1 1 1 1 1 1 1 1 0 1 0 1 1 1 0 0 1 0 0 1 1 0 1 1 1 1 1 1 1 1 1 1 1 1 1 1 0 1 1 0 0 1 0 1 0 
0 0 1 0 1 0 0 0 0 1 0 0 0 1 1 0 0 0 0 1 0 1 0 1 0 0 0 0 0 0 0 0 0 0 0 0 0 0 1 0 0 0 1 0 0 0 0 0 1 0 0 1 0 1 1 1 1 0 0 0 0 0 0 0 0 1 1 0 0 0 1 0 1 0 1 0 0 0 1 1 0 0 1 0 1 0 0 0 1 1 1 0 0 0 1 0 0 0 0 0 0 1 0 0 0 0 1 0 1 0 0 0 0 1 0 0 0 1 1 1 0 0 0 0 1 
1 0 0 1 0 0 0 1 0 0 0 0 0 0 0 0 1 0 1 0 0 0 1 0 1 1 0 1 0 1 1 1 0 1 0 0 1 1 0 1 1 0 0 0 1 1 1 0 0 0 1 0 1 0 0 0 0 0 1 0 1 0 1 0 0 0 0 0 0 1 0 1 0 0 0 1 1 1 0 0 1 1 0 1 0 1 0 1 0 0 0 0 1 1 0 0 0 1 0 0 1 0 1 1 1 1 0 1 0 1 0 1 1 0 0 1 0 0 0 0 1 0 0 1 0 
1 1 0 1 0 1 1 1 0 0 0 1 0 0 1 0 1 0 0 0 0 0 0 0 0 1 0 1 1 1 1 1 0 1 0 0 1 1 0 1 1 0 0 1 1 0 1 1 0 1 0 0 1 0 0 1 0 0 0 1 1 0 0 1 1 0 1 0 0 0 1 0 0 1 0 0 1 0 1 1 1 1 1 1 0 1 1 1 0 1 0 0 1 0 0 0 1 1 0 1 0 0 1 1 1 1 1 1 0 0 0 1 1 0 0 1 0 0 1 0 0 1 0 1 0 
0 0 1 0 1 0 0 0 0 1 0 0 0 1 0 0 0 0 0 1 0 1 0 1 0 0 0 0 0 0 0 0 0 0 0 0 0 0 1 0 0 0 0 0 0 0 0 0 1 0 0 1 0 1 1 0 1 0 0 0 0 0 0 0 0 1 0 0 0 0 1 0 0 0 1 0 0 0 1 1 0 0 0 0 1 0 0 0 1 0 1 0 0 0 1 0 0 0 1 0 0 0 0 0 0 0 1 0 1 0 0 0 0 1 0 0 0 1 0 1 0 0 0 0 1 
1 1 0 1 0 1 1 1 0 0 0 1 0 1 1 0 1 0 0 1 0 0 1 0 0 1 0 1 1 1 1 1 0 1 0 0 1 1 1 1 1 0 0 1 1 0 1 1 0 1 1 0 1 1 0 1 1 0 1 1 1 0 0 1 1 1 1 0 0 1 1 0 0 1 1 0 1 0 1 1 1 1 1 1 1 1 1 1 0 1 0 0 1 1 0 0 1 1 0 1 1 0 0 1 1 1 1 1 1 0 0 1 1 0 0 1 0 0 1 0 0 1 0 1 0 
1 1 0 1 0 1 1 1 0 0 0 1 0 0 1 0 1 0 0 0 0 0 0 0 1 1 0 1 1 1 1 1 0 1 0 0 1 1 0 1 1 0 0 1 1 1 1 1 0 1 0 0 1 0 0 1 0 0 1 1 1 0 1 1 1 0 1 0 0 1 0 1 0 0 0 0 1 0 1 0 1 1 1 1 0 1 1 1 0 1 0 0 1 0 0 0 1 1 0 1 1 0 1 0 1 1 0 1 0 0 0 1 1 0 0 1 0 0 1 0 1 1 0 1 0 
1 1 0 1 0 0 0 1 1 0 1 1 0 1 1 1 1 0 1 1 1 0 1 0 1 1 1 1 1 1 1 1 1 1 0 1 1 1 0 1 1 1 1 0 1 1 1 0 0 1 1 0 1 1 0 1 0 1 1 1 1 0 1 1 0 1 1 1 1 1 1 1 1 0 1 1 1 1 1 1 1 1 1 1 1 1 1 1 0 1 0 1 1 1 0 0 1 1 0 1 1 0 1 1 0 1 1 1 1 1 1 1 1 0 1 1 0 0 1 0 1 0 0 1 0 
1 0 0 1 0 0 0 1 0 0 0 1 0 0 0 1 1 0 1 0 1 0 1 0 1 1 1 1 1 1 1 1 1 0 0 0 1 1 0 1 1 1 0 0 1 1 1 0 0 0 1 0 1 0 0 0 0 0 1 1 1 0 1 1 0 0 0 0 0 1 0 1 0 0 0 1 1 1 0 0 1 1 0 1 0 1 0 1 0 1 0 1 1 1 0 0 0 1 0 1 1 0 1 1 1 0 0 1 0 1 1 1 1 0 0 1 0 0 0 0 1 0 0 1 0 
0 0 1 1 1 1 0 1 0 1 1 1 0 1 1 0 0 0 0 1 0 1 1 1 0 1 0 1 1 0 1 1 1 0 0 1 0 1 1 1 0 1 1 0 0 0 0 1 1 1 0 1 1 1 1 1 1 0 1 1 0 1 0 1 1 1 1 0 1 1 1 0 1 0 1 0 0 0 1 1 0 1 1 0 1 0 1 0 1 1 1 0 1 1 1 0 1 1 1 0 1 1 1 0 1 0 0 1 1 0 0 1 1 1 1 1 0 1 1 1 0 0 0 0 1 
1 1 0 1 0 1 0 1 1 0 1 1 0 1 1 1 1 0 1 1 1 0 1 0 1 1 1 1 1 1 1 1 1 1 0 1 1 1 0 1 1 1 1 0 1 1 1 0 0 1 1 0 1 1 0 1 0 0 1 1 1 0 1 1 1 1 1 1 1 1 1 1 1 0 1 1 1 1 1 1 1 1 1 1 1 1 1 1 0 1 0 1 1 1 0 0 1 1 0 1 1 0 1 1 1 1 1 0 1 1 1 1 1 0 1 1 0 0 1 0 1 0 0 1 0 
0 0 1 1 1 1 0 1 0 1 1 1 0 1 1 0 0 0 0 1 0 1 1 1 0 1 0 0 1 0 1 1 1 0 0 1 0 1 1 1 0 1 1 0 0 0 0 1 1 1 1 1 1 1 1 1 1 1 1 1 0 1 0 1 1 1 1 0 1 1 1 0 1 0 1 0 0 0 1 1 0 1 1 0 1 0 1 0 1 1 1 0 1 1 1 0 1 1 1 0 0 1 1 0 1 0 1 1 0 0 0 1 1 1 1 1 0 1 1 1 0 0 0 0 1 
1 0 0 0 0 0 0 1 1 0 1 0 1 0 0 1 1 1 1 0 1 0 1 0 1 0 1 1 0 0 0 0 1 0 0 1 0 1 0 1 1 1 0 0 0 1 1 0 0 0 1 0 1 0 0 0 0 1 1 1 1 0 1 0 0 0 0 1 1 1 0 1 0 0 0 1 0 1 0 0 0 1 0 1 0 1 0 1 0 0 0 1 1 1 0 0 0 1 0 1 0 0 0 0 1 1 0 1 0 0 1 1 1 0 1 0 0 0 0 0 1 0 1 0 0 
1 0 0 0 0 0 0 1 1 0 1 0 1 0 0 1 0 1 1 1 1 0 1 0 1 0 1 0 0 0 0 0 1 0 1 1 0 1 0 0 1 1 1 0 0 1 0 0 0 0 1 0 1 0 0 0 0 1 1 1 1 1 1 0 0 1 0 1 1 1 0 1 1 0 0 1 0 1 0 0 0 1 0 1 0 0 0 0 0 0 0 1 1 1 0 1 0 1 0 0 0 0 0 0 1 1 0 1 0 1 0 1 1 0 1 0 1 0 0 0 0 0 1 0 0 
1 0 0 1 1 0 0 1 1 0 1 1 1 1 1 1 0 1 1 1 1 1 1 0 1 1 1 1 1 1 1 1 1 0 0 1 0 1 0 1 1 1 1 0 0 1 1 0 0 1 1 0 1 1 0 1 0 1 1 1 1 1 1 1 1 1 1 1 1 1 1 1 1 0 1 1 1 1 1 1 0 1 1 1 1 1 1 1 0 1 0 1 1 1 1 0 1 1 0 1 1 0 1 1 1 1 1 1 1 1 1 0 1 1 1 1 1 1 1 0 0 0 1 0 0 
1 0 0 1 1 0 0 1 1 0 1 1 1 1 1 1 1 1 1 1 1 1 1 0 1 1 1 1 1 1 1 1 1 0 0 1 0 1 0 1 1 1 1 0 0 1 1 0 0 1 1 0 1 1 0 1 0 1 1 1 1 1 1 1 0 1 1 1 1 1 1 1 1 0 1 1 1 1 1 1 1 1 1 1 1 1 1 1 0 1 0 1 1 1 0 0 1 1 0 1 1 0 1 1 1 1 1 1 1 1 1 1 0 1 1 1 0 1 1 0 1 0 1 0 0 
0 0 1 0 1 0 0 1 0 1 1 0 0 1 1 0 0 1 0 1 0 1 1 1 0 0 0 0 1 0 0 0 1 0 0 1 0 1 0 0 0 1 1 0 0 0 0 0 1 0 0 1 0 1 1 1 1 1 0 1 0 1 0 1 0 1 1 1 1 0 1 0 1 0 1 0 0 0 1 1 0 1 1 0 1 0 1 0 1 1 1 0 1 1 1 0 0 1 1 0 0 1 0 0 0 0 1 0 1 0 0 1 1 0 1 0 1 1 1 1 0 0 0 0 1 
0 0 0 1 1 0 0 1 1 0 1 1 1 1 1 1 0 1 1 1 1 1 1 0 0 0 1 0 1 0 0 0 1 0 1 1 0 1 0 1 0 1 1 0 0 0 0 0 0 0 1 0 1 1 0 0 0 1 1 1 0 1 0 1 0 1 0 1 1 1 1 0 1 0 1 0 0 1 1 1 0 1 1 0 1 0 1 0 0 1 1 1 1 1 1 1 0 1 0 0 0 0 0 0 1 0 1 1 1 1 1 1 1 1 0 0 1 1 1 0 0 0 1 0 0 
1 1 0 1 0 1 1 1 0 0 0 1 0 1 1 0 1 0 1 1 0 0 1 0 1 1 0 1 1 1 1 1 0 1 0 0 1 1 0 1 1 0 0 1 1 1 1 1 0 1 1 0 1 1 0 1 0 0 1 1 1 0 1 1 1 0 1 0 0 1 1 1 0 1 1 0 1 1 1 1 1 1 1 1 0 1 1 1 0 1 0 0 1 1 0 0 1 1 0 1 1 0 1 1 1 1 1 1 1 0 0 1 1 0 0 0 0 0 1 0 1 1 0 1 0 
0 0 0 0 1 0 0 0 1 0 1 0 1 0 0 1 0 1 0 1 1 1 1 0 0 0 1 0 0 0 0 0 1 0 1 1 0 0 0 0 0 1 1 0 0 0 0 0 0 0 0 0 0 0 0 0 0 1 0 0 0 1 0 0 0 1 0 1 1 0 0 0 1 0 0 0 0 0 0 0 0 0 0 0 0 0 0 0 0 0 0 1 0 1 1 1 0 0 0 0 0 0 0 0 0 0 0 0 0 0 1 1 0 1 1 0 0 0 0 0 0 0 1 0 0 
0 0 1 1 1 1 0 1 0 1 0 1 0 1 1 0 0 0 0 1 0 1 0 1 0 1 0 0 1 0 0 0 1 0 0 1 0 1 1 0 0 0 1 0 0 0 0 0 1 1 0 1 0 1 1 1 1 0 0 1 0 1 0 1 1 1 1 0 1 0 1 0 1 0 1 0 0 0 1 1 0 1 1 0 1 0 1 0 1 1 1 0 1 0 1 0 0 1 1 0 0 1 0 0 0 0 1 0 1 0 0 1 1 1 1 0 0 0 1 1 0 0 0 0 1 
1 1 1 1 0 1 1 1 0 1 1 1 0 1 1 0 0 0 1 1 0 1 1 0 0 1 0 1 1 1 1 1 1 1 0 1 1 1 1 1 1 1 1 1 0 0 0 1 1 1 1 0 1 1 0 1 1 0 1 1 0 0 0 1 1 1 1 0 1 1 1 0 1 0 1 0 1 0 1 1 1 1 1 0 1 1 1 0 0 1 1 0 1 1 0 0 1 1 1 0 1 0 1 1 1 0 1 1 1 0 0 1 1 1 1 1 0 1 0 1 0 1 0 1 0 
0 0 1 0 1 0 0 0 0 1 0 0 0 1 1 0 0 0 0 1 0 1 0 1 0 0 0 0 0 0 0 0 0 0 0 0 0 0 1 0 0 0 0 0 0 0 0 0 1 1 0 1 0 1 1 1 1 0 0 0 0 0 0 0 0 1 1 0 0 0 1 0 0 0 1 0 0 0 1 1 0 0 1 0 1 0 0 0 1 0 1 0 0 0 1 0 0 0 1 0 0 1 0 0 0 0 1 0 1 0 0 0 0 1 0 0 0 1 1 0 0 0 0 0 1 
1 0 0 0 0 0 0 0 0 0 0 0 0 0 0 0 1 0 1 0 0 0 1 0 1 0 0 1 0 1 0 1 0 0 0 0 1 1 0 1 1 0 0 0 1 1 1 0 0 0 1 0 1 0 0 0 0 0 1 0 1 0 1 0 0 0 0 0 0 1 0 1 0 0 0 1 0 1 0 0 1 1 0 1 0 1 0 1 0 0 0 1 0 1 0 0 0 0 0 1 0 0 0 1 1 1 0 1 0 1 0 0 1 0 0 1 0 0 0 0 0 0 0 0 0 
0 1 0 1 0 1 1 0 0 0 0 1 0 0 1 0 0 0 0 0 0 0 0 0 0 1 0 1 1 1 1 1 0 1 0 0 1 0 1 1 0 0 0 1 1 0 0 1 0 1 0 0 0 0 0 1 1 0 0 0 0 0 0 1 1 0 1 0 0 0 1 0 0 1 0 0 1 0 0 0 1 0 0 0 0 1 1 0 0 0 0 0 0 0 0 0 1 1 0 0 1 0 1 1 0 0 0 0 0 0 0 0 0 0 0 1 0 0 1 0 0 0 0 1 0 
0 0 0 0 1 0 0 0 1 0 1 0 1 0 0 1 0 1 1 1 1 1 1 0 0 0 1 0 0 0 0 0 1 0 1 1 0 1 0 0 0 1 1 0 0 0 0 0 0 0 1 0 0 0 0 0 0 1 1 0 0 1 0 0 0 1 0 1 1 1 0 0 1 0 0 0 0 1 0 0 0 1 0 0 0 0 0 0 0 0 0 1 0 1 0 1 0 0 0 0 0 0 0 0 0 0 0 0 0 1 1 1 1 0 1 0 1 0 0 0 0 0 0 0 0 
1 1 0 1 0 1 1 1 0 0 0 1 0 0 1 0 1 0 0 0 0 0 0 0 0 1 0 1 1 1 1 1 0 1 0 0 1 0 0 1 1 0 0 1 1 0 1 1 0 1 0 0 1 0 0 1 0 0 0 0 1 0 0 1 1 0 1 0 0 0 0 0 0 1 0 0 1 0 0 0 1 0 0 0 0 1 1 1 0 0 0 0 1 0 0 0 1 1 0 1 1 0 1 1 1 1 0 1 0 0 0 0 0 0 0 1 0 0 1 0 0 1 0 0 0 
0 0 1 0 1 0 0 0 0 1 0 0 0 1 1 0 0 0 0 1 0 1 0 1 0 0 0 0 0 0 0 0 0 0 0 0 0 0 1 0 0 0 0 0 0 0 0 0 1 0 0 1 0 1 1 1 1 0 0 0 0 0 0 0 0 1 1 0 0 0 1 0 0 0 1 0 0 0 1 1 0 0 1 0 1 0 0 0 1 0 1 0 0 0 1 0 0 0 1 0 0 1 0 0 0 0 1 0 1 0 0 0 0 1 0 0 0 1 0 1 0 0 0 0 0 
