125 50 0.488258
1 34 48
2 72 29
3 27 52
4 94 3
5 52 55
6 33 72
7 54 18
8 63 52
9 41 87
10 48 4
11 5 16
12 99 93
13 24 54
14 44 49
15 32 77
16 69 39
17 100 93
18 84 69
19 91 9
20 57 40
21 8 100
22 92 83
23 11 57
24 58 52
25 4 83
26 1 40
27 66 37
28 17 66
29 31 94
30 68 45
31 98 60
32 48 33
33 79 66
34 83 7
35 62 64
36 3 23
37 47 65
38 4 51
39 1 51
40 75 5
41 65 98
42 28 22
43 49 82
44 30 29
45 48 19
46 17 30
47 29 14
48 100 71
49 4 22
50 56 2
51 47 6
52 45 33
53 13 12
54 16 90
55 23 22
56 64 79
57 4 21
58 93 53
59 3 100
60 82 67
61 50 70
62 26 46
63 45 66
64 93 11
65 67 49
66 75 68
67 67 72
68 98 90
69 75 61
70 55 10
71 18 8
72 11 50
73 88 99
74 72 23
75 47 13
76 89 69
77 31 82
78 50 94
79 41 92
80 91 43
81 15 23
82 92 71
83 46 47
84 5 17
85 57 62
86 67 1
87 33 57
88 31 46
89 8 29
90 42 46
91 32 27
92 89 79
93 51 91
94 58 17
95 44 94
96 96 88
97 89 75
98 32 83
99 23 12
100 72 10
101 57 11
102 44 25
103 59 3
104 58 61
105 56 4
106 39 67
107 2 40
108 88 39
109 69 100
110 46 51
111 91 35
112 70 83
113 14 77
114 55 87
115 70 62
116 17 39
117 21 95
118 34 22
119 52 45
120 59 10
121 76 57
122 98 23
123 17 73
124 29 79
125 21 77
0 1 1 0 1 1 1 1 1 1 1 0 1 1 1 1 0 0 0 1 0 0 1 1 1 1 1 1 1 1 0 1 1 0 1 1 1 1 1 0 0 1 1 1 1 1 1 0 1 0 1 1 1 1 1 1 1 0 0 0 1 1 1 0 1 1 1 0 1 1 1 1 0 1 1 0 1 1 1 0 1 0 1 1 1 0 1 1 1 1 1 0 1 1 1 0 0 1 1 0 1 1 0 1 1 1 1 0 0 1 0 0 1 1 1 1 1 1 1 1 1 0 1 1 1 
1 0 0 1 1 0 1 1 0 1 0 0 0 1 0 1 0 1 1 1 0 0 0 1 0 0 1 0 0 1 1 1 1 1 1 0 1 0 0 1 0 1 0 1 1 0 1 0 0 1 1 1 0 0 1 0 0 1 0 1 1 1 1 1 1 1 1 0 1 1 0 0 0 1 1 1 0 0 0 1 0 1 1 0 1 1 1 1 0 1 1 0 0 1 0 0 1 0 0 1 1 1 1 1 1 0 0 1 0 1 1 0 0 0 1 0 0 1 1 1 1 1 0 0 0 
1 0 0 0 1 1 1 1 1 0 1 0 1 1 1 1 0 0 0 1 0 0 1 1 1 1 1 1 1 1 0 1 0 0 1 1 1 1 1 0 0 1 1 1 1 1 1 0 1 0 0 1 1 1 1 1 1 0 0 0 1 1 1 0 1 0 1 0 1 0 1 1 0 0 1 0 1 1 1 0 1 0 1 1 1 0 1 1 1 1 1 0 1 1 1 0 0 1 1 0 0 1 0 1 0 1 1 0 0 1 0 0 1 1 1 1 1 1 1 0 1 0 1 1 1 
0 1 0 0 0 0 1 0 0 1 0 0 0 0 0 1 0 0 1 0 0 0 0 0 0 0 1 0 0 1 0 0 0 1 0 0 0 0 0 1 0 0 0 0 1 0 0 0 0 1 1 0 0 0 0 0 0 0 0 0 0 0 0 1 0 0 0 0 0 1 0 0 0 1 1 0 0 0 0 1 0 0 0 0 0 1 0 0 0 0 0 0 0 1 0 0 0 0 0 1 1 0 1 0 1 0 0 1 0 0 1 0 0 0 0 0 0 0 0 1 0 1 0 0 0 
1 1 1 0 0 1 1 1 1 0 0 0 1 1 1 1 0 1 0 1 0 1 1 1 0 0 1 1 1 1 1 1 1 0 1 0 1 1 0 0 1 1 1 1 1 1 1 0 0 0 1 1 0 0 1 1 0 1 0 1 1 1 1 0 1 1 1 0 1 1 0 1 0 1 1 1 1 1 1 1 1 1 1 0 1 0 1 1 0 1 1 1 1 1 1 0 1 1 0 1 1 1 0 1 0 1 0 1 1 1 1 1 1 1 1 1 0 1 1 1 1 0 1 1 1 
1 0 1 0 1 0 0 1 1 0 0 0 1 1 1 1 0 0 0 1 1 0 1 1 1 1 1 1 1 1 0 1 1 0 1 0 1 1 1 0 1 0 1 1 0 1 0 0 0 0 0 1 0 1 0 1 0 0 1 1 1 1 1 0 1 1 1 0 1 0 0 1 0 0 0 0 1 1 1 0 0 0 1 0 1 0 1 1 1 1 1 0 1 0 1 0 0 1 0 0 0 1 0 1 0 1 1 0 1 1 0 1 1 1 1 1 1 0 1 0 1 0 1 1 1 
1 1 1 1 1 0 0 1 0 1 1 0 1 1 0 1 0 0 1 1 0 0 0 1 0 0 1 0 0 1 0 1 0 1 1 0 1 0 0 1 0 1 0 1 1 1 1 0 0 1 1 1 1 0 1 0 0 0 0 0 0 1 1 1 1 0 0 0 1 1 1 0 0 1 1 0 0 0 0 1 1 0 1 1 1 1 1 1 1 1 1 0 0 1 0 0 0 0 1 1 1 1 1 1 1 0 0 1 0 1 1 0 0 0 1 1 0 1 1 1 1 1 0 0 0 
1 1 1 0 1 1 1 0 1 0 0 0 1 1 1 1 0 1 0 1 0 1 0 1 0 0 1 1 0 1 1 1 1 1 1 0 1 0 0 1 1 1 1 1 1 0 0 1 0 0 1 1 0 0 1 1 0 1 0 1 1 1 1 0 1 1 1 0 1 1 0 0 0 1 1 1 1 1 1 1 0 1 1 0 1 0 1 1 0 1 1 1 1 1 1 1 1 1 0 1 1 1 1 1 1 1 0 1 1 1 1 1 0 1 1 1 0 1 1 1 1 1 0 1 1 
1 0 1 0 1 1 0 1 0 0 0 0 1 1 1 0 0 1 0 1 1 0 1 1 1 0 0 1 1 1 0 0 1 0 1 0 1 0 0 0 1 0 1 0 0 0 0 0 0 0 0 0 0 1 0 1 0 0 1 1 1 1 1 0 1 1 1 0 1 0 0 1 1 0 0 0 1 1 1 0 0 0 1 0 1 0 1 1 0 1 0 1 1 0 1 0 1 1 0 0 0 0 0 1 0 1 0 0 1 1 0 1 1 1 1 0 1 0 1 0 1 0 1 1 1 
1 1 0 1 0 0 1 0 0 0 1 0 0 1 0 1 0 0 1 1 0 0 0 1 0 0 1 0 0 1 0 1 0 1 0 1 0 0 0 1 0 1 0 1 1 1 1 0 1 1 1 1 1 0 1 0 1 0 0 0 0 1 0 1 1 0 0 0 0 1 1 0 0 1 1 0 0 0 0 0 1 0 1 1 0 1 0 1 1 1 1 0 0 1 0 0 0 0 1 1 1 1 1 0 1 0 0 0 0 1 0 0 0 0 0 1 0 1 1 1 0 0 0 0 0 
1 0 1 0 0 0 1 0 0 1 0 0 1 0 0 0 0 0 0 0 0 0 1 0 0 1 0 0 0 0 0 1 0 0 0 1 0 1 1 0 0 1 0 1 1 1 1 0 1 0 1 1 1 0 1 0 1 0 0 0 0 1 0 0 0 0 0 0 0 0 1 1 0 0 1 0 0 0 0 0 1 0 0 1 0 0 1 1 1 1 1 0 0 0 0 0 0 0 1 0 0 1 0 0 0 0 1 0 0 0 0 0 0 0 0 1 0 1 0 0 0 0 0 0 0 
0 0 0 0 0 0 0 0 0 0 0 0 0 0 0 0 1 1 0 0 0 1 0 0 0 0 0 0 0 0 1 0 1 0 1 0 0 0 0 0 1 0 0 0 0 0 0 1 0 0 0 0 0 0 0 1 0 1 0 1 0 0 0 0 0 1 1 1 1 0 0 0 1 0 0 1 0 1 0 0 0 1 0 0 0 0 0 0 0 0 0 1 1 0 0 1 1 0 0 0 0 0 0 0 0 0 0 0 1 0 0 1 0 1 1 0 0 0 0 0 1 0 0 0 0 
1 0 1 0 1 1 1 1 1 0 1 0 0 1 1 1 0 0 0 1 1 0 1 1 1 1 1 1 1 1 0 1 0 0 1 1 1 1 1 0 0 1 1 1 1 1 1 0 1 0 0 1 1 1 1 1 1 0 0 0 1 1 1 0 1 0 1 0 0 0 1 1 0 0 1 0 1 1 1 0 1 0 1 1 1 0 1 1 1 1 1 0 1 0 1 0 0 1 1 0 0 1 0 1 0 1 1 0 0 1 0 0 1 1 1 1 1 1 1 0 0 0 1 1 1 
1 1 1 0 1 1 1 1 1 1 0 0 1 0 1 1 0 1 0 1 0 0 1 1 0 1 1 1 1 1 0 1 1 0 1 1 1 1 1 0 0 1 1 1 1 1 1 0 1 1 1 1 1 1 1 1 1 1 0 1 1 1 1 0 1 1 1 0 1 1 1 1 0 1 1 1 1 1 1 1 1 0 1 0 1 0 1 1 1 1 1 0 1 1 1 0 0 1 1 1 1 1 1 1 1 1 1 1 0 1 1 1 1 1 1 1 0 1 1 1 1 0 1 1 1 
1 0 1 0 1 1 0 1 1 0 0 0 1 1 0 0 0 0 0 1 1 0 1 1 1 1 0 1 1 1 0 1 1 0 1 0 1 1 1 0 1 0 1 1 0 1 0 0 0 0 0 1 0 1 0 1 0 0 1 0 1 1 1 0 1 1 1 0 1 0 0 1 0 0 0 0 1 1 1 0 0 0 1 0 1 0 1 1 0 1 1 0 1 0 1 0 0 1 0 0 0 0 0 1 0 1 1 0 1 1 0 1 1 1 1 1 1 0 1 0 1 0 1 1 1 
1 1 1 1 1 1 1 1 0 1 0 0 1 1 0 0 0 1 1 1 0 1 0 1 0 0 1 0 0 1 1 1 1 1 1 0 1 0 0 1 0 1 1 1 1 0 1 1 0 1 1 1 0 0 1 1 0 1 0 1 1 1 1 1 1 1 1 0 1 1 0 0 0 1 1 1 0 0 0 1 0 1 1 0 1 1 1 1 0 1 1 1 0 1 0 0 1 0 0 1 1 1 1 1 1 1 0 1 0 1 1 1 0 1 1 0 0 1 1 1 1 1 0 0 0 
0 0 0 0 0 0 0 0 0 0 0 1 0 0 0 0 0 1 0 0 0 1 0 0 0 0 0 0 0 0 1 0 1 0 1 0 0 0 0 0 1 0 0 0 0 0 0 1 0 0 0 0 0 0 0 1 0 1 0 1 0 0 0 0 0 1 1 1 1 0 0 0 1 0 0 1 0 0 0 0 0 1 0 0 0 0 0 0 0 0 0 1 1 0 0 1 1 0 0 0 0 0 0 0 0 0 0 0 1 0 0 1 0 1 1 0 0 0 0 0 1 0 0 0 0 
0 1 0 0 1 0 0 1 1 0 0 1 0 1 0 1 1 0 0 1 0 1 0 1 0 0 1 0 0 1 1 0 1 0 1 0 1 0 0 0 1 0 1 0 0 0 0 1 0 0 0 0 0 0 0 1 0 1 0 1 1 0 1 0 1 1 1 1 1 0 0 0 1 1 0 1 0 1 1 1 0 1 1 0 1 0 0 0 0 1 0 1 1 0 1 1 1 0 0 0 0 0 0 1 0 1 0 1 1 1 1 1 0 1 1 0 0 0 1 0 1 1 0 0 0 
0 1 0 1 0 0 1 0 0 1 0 0 0 0 0 1 0 0 0 1 0 0 0 0 0 0 1 0 0 1 0 1 0 1 0 0 0 0 0 1 0 0 0 0 1 0 0 0 0 1 1 0 0 0 0 0 0 1 0 0 0 0 0 1 1 0 0 0 0 1 0 0 0 1 1 0 0 0 0 1 0 0 0 0 0 1 0 0 0 0 0 0 0 1 0 0 0 0 0 1 1 1 1 0 1 0 0 1 0 0 1 0 0 0 0 0 0 0 0 1 0 1 0 0 0 
1 1 1 0 1 1 1 1 1 1 0 0 1 1 1 1 0 1 1 0 0 0 1 1 0 0 1 1 0 1 1 1 1 1 1 0 1 0 0 1 0 1 1 1 1 1 1 0 0 1 1 1 0 0 1 1 0 1 0 1 1 1 1 1 1 1 1 0 1 1 0 1 0 1 1 1 1 0 0 1 1 1 1 0 1 1 1 1 0 1 1 0 0 1 0 0 1 1 1 1 1 1 1 1 1 1 0 1 0 1 1 1 0 1 1 1 0 1 1 1 1 1 0 1 0 
0 0 0 0 0 1 0 0 1 0 0 0 1 0 1 0 0 0 0 0 0 0 1 0 1 0 0 1 1 0 0 0 0 0 0 0 0 1 1 0 0 0 1 0 0 0 0 0 0 0 0 0 0 1 0 0 0 0 1 0 0 0 0 0 0 0 0 0 0 0 0 0 0 0 0 0 1 1 1 0 0 0 0 0 0 0 1 0 0 0 0 0 1 0 1 0 0 1 0 0 0 0 0 0 0 1 0 0 0 0 0 0 1 1 0 0 1 0 0 0 0 0 1 1 1 
0 0 0 0 1 0 0 1 0 0 0 1 0 0 0 1 1 1 0 0 0 0 0 1 0 0 0 0 0 1 1 0 1 0 1 0 1 0 0 0 1 0 1 0 0 0 0 1 0 0 0 0 0 0 0 1 0 1 0 1 1 0 1 0 1 1 1 1 1 0 0 0 1 0 0 1 0 1 0 1 0 1 0 0 1 0 0 0 0 0 0 1 1 0 1 1 1 0 0 0 0 0 0 1 0 0 0 1 1 0 1 1 0 1 1 0 0 0 0 0 1 0 0 0 0 
1 0 1 0 1 1 0 0 1 0 1 0 1 1 1 0 0 0 0 1 1 0 0 1 1 1 0 1 1 0 0 1 0 0 0 1 1 1 1 0 0 1 1 1 0 1 1 0 1 0 0 1 1 1 1 0 1 0 1 0 1 1 1 0 0 0 0 0 0 0 1 1 0 0 0 0 1 0 1 0 1 0 1 1 1 0 1 1 1 1 1 0 0 0 1 0 0 1 1 0 0 1 0 1 0 1 1 0 0 1 0 0 1 0 0 1 1 1 1 0 0 0 1 1 1 
1 1 1 0 1 1 1 1 1 1 0 0 1 1 1 1 0 1 0 1 0 1 1 0 0 0 1 1 1 1 1 1 1 0 1 0 1 0 0 1 1 1 1 1 1 1 1 1 0 0 1 1 0 0 1 1 0 1 0 1 1 1 1 0 1 1 1 0 1 1 0 1 0 1 1 1 1 1 1 1 0 1 1 0 1 0 1 1 0 1 1 1 1 1 1 0 1 1 0 1 1 1 1 1 1 1 0 1 1 1 1 1 0 1 1 1 0 1 1 1 1 1 1 1 1 
1 0 1 0 0 1 0 0 1 0 0 0 1 0 1 0 0 0 0 0 1 0 1 0 0 1 0 1 1 0 0 0 0 0 0 0 1 1 1 0 0 0 1 0 0 0 0 0 0 0 0 0 0 1 0 0 0 0 1 0 1 1 1 0 0 0 0 0 0 0 0 1 0 0 0 0 1 1 1 0 0 0 0 0 0 0 1 1 0 0 0 0 1 0 1 0 0 1 0 0 0 0 0 0 0 1 1 0 0 0 0 0 1 0 0 1 1 0 0 0 0 0 1 1 1 
1 0 1 0 0 1 0 0 0 0 1 0 1 1 1 0 0 0 0 0 0 0 1 0 1 0 0 1 0 0 0 1 0 0 0 1 0 1 1 0 0 1 0 1 0 1 1 0 1 0 0 1 1 0 1 0 1 0 0 0 0 1 0 0 0 0 0 0 0 0 1 1 0 0 0 0 0 0 0 0 1 0 1 1 0 0 1 1 1 1 1 0 0 0 0 0 0 0 1 0 0 1 0 0 0 1 1 0 0 1 0 0 1 0 0 1 0 1 0 0 0 0 1 1 1 
1 1 1 1 1 1 1 1 0 1 0 0 1 1 0 1 0 1 1 1 0 0 0 1 0 0 0 0 0 1 1 1 1 1 1 0 1 0 0 1 0 1 1 1 1 1 1 1 0 1 1 1 0 0 1 1 0 1 0 1 1 1 1 1 1 1 1 0 1 1 0 0 0 1 1 1 0 0 0 1 0 1 1 0 1 1 1 1 0 1 1 1 0 1 0 0 1 0 1 1 1 1 1 1 1 1 0 1 0 1 1 1 0 0 1 1 0 1 1 1 1 1 0 0 0 
1 0 1 0 1 1 0 1 1 0 0 0 1 1 1 0 0 0 0 1 1 0 1 1 1 1 0 0 1 0 0 1 0 0 1 1 1 1 1 0 0 1 1 1 0 1 0 0 1 0 0 1 0 1 1 1 1 0 1 0 1 1 1 0 0 0 0 0 0 0 0 1 0 0 0 0 1 1 1 0 1 0 1 0 1 0 1 1 1 1 1 0 1 0 1 0 0 1 0 0 0 1 0 1 0 1 1 0 0 1 0 0 1 1 0 1 1 1 1 0 0 0 1 1 1 
1 0 1 0 1 1 0 0 1 0 0 0 1 1 1 0 0 0 0 0 1 0 1 1 1 0 0 1 0 0 0 0 0 0 1 0 1 0 0 0 1 0 1 0 0 0 0 0 0 0 0 0 0 1 0 1 0 0 1 0 1 1 1 0 0 0 1 0 0 0 0 1 0 0 0 0 1 1 1 0 0 0 1 0 1 0 1 1 0 1 0 0 1 0 1 0 0 1 0 0 0 0 0 1 0 1 0 0 1 1 0 1 1 1 0 0 1 0 0 0 0 0 1 1 1 
1 1 1 1 1 1 1 1 1 1 0 0 1 1 1 1 0 1 1 1 0 1 0 1 0 0 1 0 0 0 1 1 1 1 1 0 1 0 0 1 0 1 1 1 1 0 1 1 0 1 1 1 0 0 0 1 0 1 0 1 1 1 1 1 1 1 1 0 1 1 0 0 0 1 1 1 0 0 0 1 0 1 1 0 1 1 1 1 0 1 1 1 1 1 0 0 1 0 0 1 1 1 1 1 1 1 0 1 0 1 1 1 0 1 1 0 0 1 1 1 1 1 0 0 0 
0 1 0 0 1 0 0 1 0 0 0 1 0 0 0 1 1 1 0 1 0 1 0 1 0 0 1 0 0 1 0 0 1 0 1 0 0 0 0 0 0 0 0 0 0 0 0 1 0 0 0 0 0 0 0 1 0 1 0 1 1 0 0 1 1 1 1 1 1 0 0 0 1 1 0 1 0 0 0 1 0 1 0 0 1 0 0 0 0 0 0 1 0 0 0 1 1 0 0 0 0 0 0 1 0 0 0 1 1 0 1 1 0 0 1 0 0 0 1 0 1 1 0 0 0 
1 1 1 0 1 1 1 1 0 1 1 0 1 1 1 1 0 0 1 1 0 0 1 1 0 1 1 1 0 1 0 0 1 1 1 1 1 1 0 1 0 1 1 1 1 1 1 0 1 1 1 1 1 0 1 1 1 1 0 1 1 1 1 0 1 1 1 0 1 1 1 1 0 1 1 0 0 0 0 1 1 0 1 1 1 1 1 1 1 1 1 0 0 1 0 0 0 0 1 1 1 1 1 1 1 1 1 1 0 1 1 0 0 0 1 1 0 1 1 1 1 0 0 1 0 
1 1 0 0 1 1 0 1 1 0 0 1 0 1 1 1 1 1 0 1 0 1 0 1 0 0 1 0 0 1 1 1 0 0 1 0 1 0 0 0 1 0 1 0 0 0 0 1 0 0 0 1 0 0 0 1 0 1 0 1 1 0 1 0 1 1 1 1 1 0 0 0 1 1 0 1 0 1 1 1 0 1 1 0 1 0 1 0 0 1 0 1 1 0 1 1 1 1 0 0 0 0 0 1 0 1 0 1 1 1 1 1 0 1 1 0 0 0 1 0 1 1 0 0 0 
0 1 0 1 0 0 1 1 0 1 0 0 0 0 0 1 0 0 1 1 0 0 0 0 0 0 1 0 0 1 0 1 0 0 0 0 0 0 0 1 0 0 0 0 1 0 0 0 0 1 1 1 0 0 0 0 0 1 0 0 0 0 0 1 1 0 0 0 0 1 0 0 0 1 1 0 0 0 0 1 0 0 0 0 0 1 0 0 0 0 0 0 0 1 0 0 0 0 0 1 1 1 1 0 1 0 0 1 0 0 1 0 0 0 0 0 0 0 1 1 0 1 0 0 0 
1 1 1 0 1 1 1 1 1 0 0 1 1 1 1 1 1 1 0 1 0 1 0 1 0 0 1 1 1 1 1 1 1 0 0 0 1 0 0 0 1 0 1 1 1 0 0 1 0 0 0 1 0 0 0 1 0 1 0 1 1 1 1 0 1 1 1 1 1 0 0 0 1 1 0 1 1 1 1 1 0 1 1 0 1 0 1 1 0 1 1 1 1 1 1 1 1 1 0 0 0 1 0 1 0 1 0 1 1 1 1 1 1 1 1 0 0 0 1 0 1 0 1 1 1 
1 0 1 0 0 0 0 0 0 1 1 0 1 1 0 0 0 0 0 0 0 0 1 0 0 1 0 1 0 0 0 1 0 0 0 0 0 1 1 0 0 1 0 1 1 1 1 0 1 0 1 1 1 0 1 0 1 0 0 0 0 1 0 0 0 0 0 0 0 0 1 1 0 0 1 0 0 0 0 0 1 0 1 1 0 0 1 1 1 1 1 0 0 0 0 0 0 0 1 0 0 1 0 0 0 0 1 0 0 0 0 0 0 0 0 1 0 1 0 0 0 0 0 0 0 
1 1 1 0 1 1 1 1 1 0 0 0 1 1 1 1 0 1 0 1 0 1 1 1 1 0 1 1 1 1 0 1 1 0 1 0 0 1 1 0 1 1 1 1 1 1 0 0 0 0 0 1 0 1 1 1 0 1 0 1 1 1 1 0 1 1 1 0 1 0 0 1 0 1 0 1 1 1 1 1 0 1 1 0 1 0 1 1 0 1 1 1 1 1 1 0 1 1 0 0 0 1 0 1 0 1 0 1 1 1 0 1 1 1 1 1 1 1 1 0 1 0 1 1 1 
1 0 1 0 1 1 0 0 0 0 1 0 1 1 1 0 0 0 0 0 1 0 1 0 1 1 0 1 0 0 0 1 0 0 0 1 1 0 1 0 0 1 0 1 0 1 1 0 1 0 0 1 1 1 1 0 1 0 1 0 1 1 1 0 0 0 0 0 0 0 1 1 0 0 0 0 1 0 0 0 1 0 1 1 0 0 1 1 1 1 1 0 0 0 0 0 0 1 1 0 0 1 0 0 0 1 1 0 0 1 0 0 1 0 0 1 1 1 1 0 0 0 1 1 1 
1 0 1 0 0 1 0 0 0 0 1 0 1 1 1 0 0 0 0 0 1 0 1 0 1 1 0 1 0 0 0 0 0 0 0 1 1 1 0 0 0 1 0 1 0 1 1 0 1 0 0 1 1 1 1 0 1 0 1 0 0 1 1 0 0 0 0 0 0 0 1 1 0 0 0 0 1 0 0 0 1 0 1 1 0 0 1 1 1 1 1 0 0 0 0 0 0 1 1 0 0 0 0 0 0 1 1 0 0 1 0 0 1 0 0 1 1 1 0 0 0 0 1 1 1 
0 1 0 1 0 0 1 1 0 1 0 0 0 0 0 1 0 0 1 1 0 0 0 1 0 0 1 0 0 1 0 1 0 1 0 0 0 0 0 0 0 1 0 0 1 0 1 0 0 1 1 1 0 0 0 0 0 0 0 0 0 0 0 1 1 0 0 0 0 1 0 0 0 1 1 0 0 0 0 1 0 0 0 0 0 1 0 0 0 0 1 0 0 1 0 0 0 0 0 1 1 1 1 0 1 0 0 1 0 0 1 0 0 0 0 0 0 1 1 1 0 1 0 0 0 
0 0 0 0 1 1 0 1 1 0 0 1 0 0 1 0 1 1 0 0 0 1 0 1 0 0 0 0 1 0 0 0 1 0 1 0 1 0 0 0 0 0 1 0 0 0 0 1 0 0 0 0 0 1 0 1 0 0 0 1 1 0 1 0 1 1 1 1 1 0 0 0 1 0 0 1 1 1 1 0 0 1 0 0 1 0 0 0 0 0 0 1 1 0 1 1 1 1 0 0 0 0 0 1 0 1 0 0 1 0 0 1 0 1 1 0 1 0 0 0 1 0 0 1 1 
1 1 1 0 1 0 1 1 0 1 1 0 1 1 0 1 0 0 0 1 0 0 1 1 0 1 1 1 0 1 0 1 0 0 0 1 1 1 1 1 0 0 0 1 1 1 1 0 1 1 1 1 1 0 1 0 1 0 0 0 0 1 1 0 1 0 0 0 0 1 1 1 0 1 1 0 0 0 0 0 1 0 1 1 1 1 1 1 1 1 1 0 0 1 0 0 0 0 1 1 1 1 1 1 1 1 1 0 0 1 0 0 0 0 0 1 0 1 1 1 0 0 0 0 0 
1 0 1 0 1 1 0 1 1 0 0 0 1 1 1 1 0 1 0 1 1 1 1 1 1 0 1 1 1 1 0 1 1 0 1 0 1 0 0 0 1 0 0 0 0 0 0 0 0 0 0 1 0 1 0 1 0 0 1 1 1 1 1 0 1 1 1 1 1 0 0 1 1 0 0 1 1 1 1 0 0 1 1 0 1 0 1 1 0 1 0 1 1 0 1 1 1 1 0 0 0 0 0 1 0 1 0 0 1 1 0 1 1 1 1 0 1 0 1 0 1 0 1 1 1 
1 1 1 0 1 1 1 1 0 1 1 0 1 1 1 1 0 0 0 1 0 0 1 1 0 1 1 1 0 1 0 1 0 0 1 1 1 1 1 0 0 1 0 0 1 1 1 0 1 1 1 1 1 0 1 0 1 0 0 0 1 1 1 0 1 0 0 0 0 1 1 1 0 1 1 0 0 0 0 0 1 0 1 1 1 1 1 1 1 1 1 0 0 1 0 0 0 0 1 1 1 1 1 1 1 1 1 0 0 1 0 0 0 0 0 1 0 1 1 1 0 0 1 0 1 
1 1 1 1 1 0 1 1 0 1 1 0 1 1 0 1 0 0 1 1 0 0 0 1 0 0 1 0 0 1 0 1 0 1 1 1 1 0 0 1 0 1 0 1 0 1 1 0 1 1 1 1 1 0 1 0 1 0 0 0 0 1 1 1 1 0 0 0 1 1 1 1 0 1 1 0 0 0 0 1 1 0 1 1 1 1 1 1 1 1 1 0 0 1 0 0 0 0 1 1 1 1 1 1 1 1 0 1 0 1 1 0 0 0 1 1 0 1 1 1 1 0 0 0 0 
1 0 1 0 1 1 1 0 0 1 1 0 1 1 1 0 0 0 0 1 0 0 1 1 0 1 1 1 0 0 0 1 0 0 0 1 1 1 1 0 0 1 0 1 1 0 1 0 1 1 1 1 1 0 1 0 1 0 0 0 0 1 1 0 0 0 0 0 0 1 1 1 0 0 1 0 0 0 0 0 1 0 1 1 0 0 1 1 1 1 1 0 0 1 0 0 0 0 1 0 1 1 1 0 1 1 1 0 0 1 0 0 1 0 0 1 0 1 1 1 0 0 1 0 1 
1 1 1 0 1 0 1 0 0 1 1 0 1 1 0 1 0 0 0 1 0 0 1 1 0 1 1 0 0 1 0 1 0 0 0 1 0 1 1 1 0 1 0 1 1 1 0 0 1 1 1 1 1 0 1 0 1 0 0 0 0 1 0 0 0 0 0 0 0 1 1 1 0 1 1 0 0 0 0 0 1 0 1 1 0 1 1 1 1 1 1 0 0 1 0 0 0 0 1 1 1 1 1 0 1 0 1 0 0 1 0 0 0 0 0 1 0 1 1 1 0 0 0 0 0 
0 0 0 0 0 0 0 1 0 0 0 1 0 0 0 1 1 1 0 0 0 1 0 1 0 0 1 0 0 1 1 0 1 0 1 0 0 0 0 0 1 0 0 0 0 0 0 0 0 0 0 0 0 0 0 1 0 1 0 1 0 0 0 0 1 1 1 1 1 0 0 0 1 0 0 1 0 0 0 1 0 1 0 0 1 0 0 0 0 0 0 1 0 0 0 1 1 0 0 0 0 0 0 1 0 0 0 1 1 0 1 1 0 1 1 0 0 0 0 0 1 1 0 0 0 
1 0 1 0 0 0 0 0 0 1 1 0 1 1 0 0 0 0 0 0 0 0 1 0 0 1 0 1 0 0 0 1 0 0 0 1 0 1 1 0 0 1 0 1 1 1 1 0 0 0 1 1 1 0 1 0 1 0 0 0 0 1 0 0 0 0 0 0 0 0 1 1 0 0 1 0 0 0 0 0 1 0 1 1 0 0 1 1 1 1 1 0 0 0 0 0 0 0 1 0 0 1 0 0 0 0 1 0 0 0 0 0 0 0 0 1 0 1 0 0 0 0 0 0 0 
0 1 0 1 0 0 1 0 0 1 0 0 0 1 0 1 0 0 1 1 0 0 0 0 0 0 1 0 0 1 0 1 0 1 0 0 0 0 0 1 0 1 0 1 1 1 1 0 0 0 1 1 1 0 1 0 0 0 0 0 0 0 0 1 1 0 0 0 0 1 1 0 0 1 1 0 0 0 0 0 1 0 1 0 0 1 0 0 0 1 1 0 0 1 0 0 0 0 1 1 1 1 1 0 1 0 0 1 0 0 1 0 0 0 0 0 0 1 1 1 0 1 0 0 0 
1 1 0 1 1 0 1 1 0 1 1 0 0 1 0 1 0 0 1 1 0 0 0 1 0 0 1 0 0 1 0 1 0 1 0 1 0 0 0 1 0 1 0 1 1 1 1 0 1 1 0 1 1 0 1 0 1 0 0 0 0 1 0 1 1 0 0 0 0 1 1 0 0 1 1 0 0 0 0 0 1 0 1 1 0 1 0 1 1 1 1 0 0 1 0 0 0 0 1 1 1 1 1 0 1 0 0 0 0 1 0 0 0 0 0 1 0 1 1 1 0 0 0 0 0 
1 1 1 0 1 1 1 1 0 1 1 0 1 1 1 1 0 0 0 1 0 0 1 1 0 1 1 1 0 1 0 1 1 1 1 1 1 1 1 1 0 1 1 1 1 1 1 0 1 1 1 0 1 0 1 1 1 0 0 0 1 1 1 0 1 1 1 0 1 1 1 1 0 1 1 0 0 0 0 1 1 0 1 1 1 1 1 1 1 1 1 0 0 1 0 0 0 0 1 1 1 1 1 1 1 1 1 1 0 1 1 0 0 0 1 1 0 1 1 1 1 0 1 1 0 
1 0 1 0 0 0 1 0 0 1 1 0 1 1 0 0 0 0 0 0 0 0 1 0 0 1 0 0 0 0 0 1 0 0 0 1 0 1 1 0 0 1 0 1 1 1 1 0 1 1 1 1 0 0 1 0 1 0 0 0 0 1 0 0 0 0 0 0 0 1 1 1 0 0 1 0 0 0 0 0 1 0 1 1 0 0 1 1 1 1 1 0 0 1 0 0 0 0 1 0 1 1 1 0 1 0 1 0 0 0 0 0 0 0 0 1 0 1 0 1 0 0 0 0 0 
1 0 1 0 0 1 0 0 1 0 0 0 1 1 1 0 0 0 0 0 1 0 1 0 1 0 0 1 1 0 0 0 0 0 0 0 1 1 1 0 1 0 1 0 0 0 0 0 0 0 0 0 0 0 0 1 0 0 1 0 1 1 1 0 0 0 0 0 0 0 0 1 0 0 0 0 1 1 1 0 0 0 0 0 1 0 1 1 0 0 0 0 1 0 1 0 0 1 0 0 0 0 0 0 0 1 0 0 0 1 0 0 1 1 0 0 1 0 0 0 0 0 1 1 1 
1 1 1 0 1 0 1 1 0 1 1 0 1 1 0 1 0 0 0 1 0 0 1 1 0 1 1 1 0 0 0 1 0 0 0 1 1 1 1 0 0 1 0 1 1 1 1 0 1 1 1 1 1 0 0 0 1 0 0 0 0 1 1 0 0 0 0 0 0 1 1 1 0 1 1 0 0 0 0 0 1 0 1 1 0 1 1 1 1 1 1 0 0 1 0 0 0 0 1 0 1 1 1 0 1 1 1 0 0 1 0 0 0 0 0 1 0 1 1 1 0 0 0 0 0 
1 0 1 0 1 1 0 1 1 0 0 1 1 1 1 1 1 1 0 1 0 1 0 1 0 0 1 1 1 1 1 1 1 0 1 0 1 0 0 0 1 0 1 0 0 0 0 1 0 0 0 1 0 1 0 0 0 1 0 1 1 0 1 0 1 1 1 1 1 0 0 0 1 0 0 1 1 1 1 1 0 1 1 0 1 0 1 1 0 1 0 1 1 0 1 1 1 1 0 0 0 0 0 1 0 1 0 1 1 1 0 1 0 1 1 0 1 0 1 0 1 0 1 1 1 
1 0 1 0 0 0 0 0 0 1 1 0 1 1 0 0 0 0 0 0 0 0 1 0 0 1 0 1 0 0 0 1 0 0 0 1 0 1 1 0 0 1 0 1 1 1 1 0 1 0 1 1 1 0 1 0 0 0 0 0 0 1 0 0 0 0 0 0 0 0 1 1 0 0 1 0 0 0 0 0 1 0 1 1 0 0 1 1 1 1 1 0 0 0 0 0 0 0 1 0 0 1 0 0 0 0 1 0 0 0 0 0 0 0 0 1 0 1 0 0 0 0 0 0 0 
0 1 0 0 1 0 0 1 0 0 0 1 0 1 0 1 1 1 1 1 0 1 0 1 0 0 1 0 0 1 1 1 1 1 1 0 1 0 0 0 0 0 0 0 0 0 0 1 0 0 0 0 0 0 0 1 0 0 0 1 1 0 1 1 1 1 1 1 1 0 0 0 1 1 0 1 0 0 0 1 0 1 1 0 1 0 0 0 0 0 0 1 0 0 0 1 1 0 0 1 0 0 0 1 0 0 0 1 0 1 1 1 0 0 1 0 0 0 1 0 1 1 0 0 0 
0 0 0 0 0 1 0 0 1 0 0 0 0 0 1 0 0 0 0 0 1 0 1 0 1 0 0 1 1 0 0 0 0 0 0 0 0 1 1 0 0 0 1 0 0 0 0 0 0 0 0 0 0 1 0 0 0 0 0 0 0 0 0 0 0 0 0 0 0 0 0 0 0 0 0 0 1 1 1 0 0 0 0 0 0 0 0 0 0 0 0 0 1 0 1 0 0 1 0 0 0 0 0 0 0 1 0 0 0 0 0 0 1 0 0 0 1 0 0 0 0 0 1 1 1 
0 1 0 0 1 1 0 1 1 0 0 1 0 1 0 1 1 1 0 1 0 1 0 1 0 0 1 0 0 1 1 1 1 0 1 0 1 0 0 0 1 0 1 0 0 0 0 1 0 0 0 0 0 0 0 1 0 1 0 0 1 0 1 0 1 1 1 1 1 0 0 0 1 1 0 1 0 1 1 1 0 1 1 0 1 0 0 0 0 1 0 1 1 0 1 1 1 0 0 0 0 0 0 1 0 1 0 1 1 1 1 1 0 1 1 0 0 0 1 0 1 1 0 0 0 
1 1 1 0 1 1 0 1 1 0 0 0 1 1 1 1 0 1 0 1 0 1 1 1 1 0 1 1 1 1 1 1 1 0 1 0 1 1 0 0 1 0 1 1 0 0 0 0 0 0 0 1 0 1 0 1 0 1 0 1 0 1 1 0 1 1 1 0 1 0 0 1 1 0 0 1 1 1 1 1 0 1 1 0 1 0 1 1 0 1 1 1 1 0 1 1 1 1 0 0 0 1 0 1 0 1 0 1 1 1 0 1 1 1 1 1 1 0 1 0 1 0 1 1 1 
1 1 1 0 1 1 1 1 1 1 1 0 1 1 1 1 0 0 0 1 0 0 1 1 1 1 1 1 1 1 0 1 0 0 1 1 1 1 1 0 0 1 1 1 1 1 1 0 1 0 1 1 1 1 1 0 1 0 0 0 1 0 1 0 1 0 1 0 0 1 1 1 0 0 1 0 1 0 1 0 1 0 1 1 1 0 1 1 1 1 1 0 0 1 0 0 0 1 1 0 1 1 0 1 0 1 1 0 0 1 0 0 1 0 1 1 1 1 1 1 0 0 1 1 1 
1 1 1 0 1 1 1 1 1 0 0 0 1 1 1 1 0 1 0 1 0 1 1 1 1 0 1 1 1 1 0 1 1 0 1 0 1 1 1 0 1 1 1 1 1 1 0 0 0 0 0 1 0 1 1 1 0 1 0 1 1 1 0 0 1 1 1 0 1 0 0 1 0 0 0 1 1 1 1 0 0 1 1 0 1 0 1 1 0 1 1 1 1 0 1 0 1 1 0 0 0 1 0 1 0 1 0 0 1 1 0 1 1 1 1 1 1 1 1 0 1 0 1 1 1 
0 1 0 1 0 0 1 0 0 1 0 0 0 0 0 1 0 0 1 1 0 0 0 0 0 0 1 0 0 1 1 0 0 1 0 0 0 0 0 1 0 0 0 0 1 0 0 0 0 1 1 0 0 0 0 0 0 1 0 0 0 0 0 0 1 0 0 0 0 1 0 0 0 1 1 0 0 0 0 1 0 0 0 0 0 1 0 0 0 0 0 0 0 1 0 0 0 0 0 1 1 0 1 0 1 0 0 1 0 0 1 0 0 0 0 0 0 0 0 1 1 1 0 0 0 
1 1 1 0 1 1 1 1 1 1 0 0 1 1 1 1 0 1 1 1 0 1 0 1 0 0 1 0 0 1 1 1 1 1 1 0 1 0 0 1 1 1 1 1 1 0 0 1 0 1 1 1 0 0 0 1 0 1 0 1 1 1 1 1 0 1 1 0 1 1 0 0 0 1 1 1 1 1 0 1 0 1 1 0 1 1 1 1 0 1 1 1 1 1 0 1 1 1 0 1 1 1 1 1 1 1 0 1 0 1 1 1 0 1 1 0 0 1 1 1 1 1 0 1 0 
1 1 0 0 1 1 0 1 1 0 0 1 0 1 1 1 1 1 0 1 0 1 0 1 0 0 1 0 0 1 1 1 1 0 1 0 1 0 0 0 1 0 1 0 0 0 0 1 0 0 0 1 0 0 0 1 0 1 0 1 1 0 1 0 1 0 1 1 1 0 0 0 1 1 0 1 1 1 1 1 0 1 1 0 1 0 1 1 0 1 0 1 1 0 1 1 1 1 0 0 0 0 0 1 0 1 0 1 1 1 1 1 0 1 1 0 0 0 1 0 1 0 0 1 0 
1 1 1 0 1 1 0 1 1 0 0 1 1 1 1 1 1 1 0 1 0 1 0 1 0 0 1 0 1 1 1 1 1 0 1 0 1 0 0 0 1 0 1 0 0 0 0 1 0 0 0 1 0 0 0 1 0 1 0 1 1 1 1 0 1 1 0 1 1 0 0 0 1 1 0 1 1 1 1 1 0 1 1 0 1 0 1 1 0 1 0 1 1 0 1 1 1 1 0 0 0 0 0 1 0 1 0 1 1 1 1 1 0 1 1 0 0 0 1 0 1 0 0 1 1 
0 0 0 0 0 0 0 0 0 0 0 1 0 0 0 0 1 1 0 0 0 1 0 0 0 0 0 0 0 0 1 0 1 0 1 0 0 0 0 0 1 0 1 0 0 0 0 1 0 0 0 0 0 0 0 1 0 1 0 1 0 0 0 0 0 1 1 0 1 0 0 0 1 0 0 1 0 1 0 1 0 1 0 0 1 0 0 0 0 0 0 1 1 0 0 1 1 0 0 0 0 0 0 1 0 0 0 0 1 0 0 1 0 1 1 0 0 0 0 0 1 0 0 0 0 
1 1 1 0 1 1 1 1 1 0 0 1 0 1 1 1 1 1 0 1 0 1 0 1 0 0 1 0 0 1 1 1 1 0 1 0 1 0 0 0 1 0 1 0 1 0 0 1 0 0 0 1 0 0 0 1 0 1 0 1 1 0 1 0 1 1 1 1 0 0 0 0 1 1 0 1 1 1 1 1 0 1 1 0 1 0 1 1 0 1 0 1 1 1 1 1 1 1 0 0 0 1 0 1 0 1 0 1 1 1 1 1 0 1 1 0 0 0 1 0 1 1 0 1 0 
1 1 0 1 1 0 1 1 0 1 0 0 0 1 0 1 0 0 1 1 0 0 0 1 0 0 1 0 0 1 0 1 0 1 0 0 0 0 0 1 0 1 0 1 1 1 1 0 0 1 1 1 1 0 1 0 0 0 0 0 0 1 0 1 1 0 0 0 0 0 1 0 0 1 1 0 0 0 0 1 1 0 1 0 0 1 0 1 0 1 1 0 0 1 0 0 0 0 1 1 1 1 1 0 1 0 0 1 0 1 1 0 0 0 0 1 0 1 1 1 0 1 0 0 0 
1 0 1 0 0 0 1 0 0 1 1 0 1 1 0 0 0 0 0 0 0 0 1 0 0 1 0 0 0 0 0 1 0 0 0 1 0 1 1 0 0 1 0 1 1 1 1 0 1 1 1 1 1 0 1 0 1 0 0 0 0 1 0 0 0 0 0 0 0 1 0 1 0 0 1 0 0 0 0 0 1 0 1 1 0 1 0 1 1 1 1 0 0 1 0 0 0 0 1 0 1 1 1 0 1 0 1 0 0 0 0 0 0 0 0 1 0 1 0 1 0 0 0 0 0 
1 0 1 0 1 1 0 0 1 0 1 0 1 1 1 0 0 0 0 1 0 0 1 1 1 1 0 1 1 0 0 1 0 0 0 1 1 1 1 0 0 1 1 1 1 1 1 0 1 0 0 1 1 1 1 0 1 0 0 0 1 1 1 0 0 0 0 0 0 0 1 0 0 0 0 0 1 0 0 0 1 0 1 1 1 0 1 1 1 1 1 0 0 0 0 0 0 1 1 0 0 1 0 1 0 1 1 0 0 1 0 0 1 0 0 1 1 1 1 0 0 0 1 1 1 
0 0 0 0 0 0 0 0 1 0 0 1 0 0 0 0 1 1 0 0 0 1 0 0 0 0 0 0 0 0 1 0 1 0 1 0 0 0 0 0 1 0 1 0 0 0 0 1 0 0 0 0 0 0 0 1 0 1 0 1 1 0 0 0 0 1 1 1 1 0 0 0 0 0 0 1 0 1 1 0 0 1 0 0 1 0 0 0 0 0 0 1 1 0 1 1 1 0 0 0 0 0 0 1 0 0 0 0 1 0 0 1 0 1 1 0 0 0 0 0 1 0 0 0 0 
1 1 0 1 1 0 1 1 0 1 0 0 0 1 0 1 0 1 1 1 0 0 0 1 0 0 1 0 0 1 1 1 1 1 1 0 1 0 0 1 0 1 0 1 1 0 1 0 0 1 1 1 0 0 1 0 0 1 0 1 0 0 0 1 1 1 1 0 1 1 0 0 0 0 1 1 0 0 0 1 0 0 1 0 1 1 0 1 0 1 1 0 0 1 0 0 0 0 0 1 1 1 1 1 1 0 0 1 0 1 1 0 0 0 1 0 0 1 1 1 1 1 0 0 0 
1 1 1 1 1 0 1 1 0 1 1 0 1 1 0 1 0 0 1 1 0 0 0 1 0 0 1 0 0 1 0 1 0 1 0 1 0 0 0 1 0 1 0 1 1 1 1 0 1 1 1 1 1 0 1 0 1 0 0 0 0 1 0 1 1 0 0 0 0 1 1 0 0 1 0 0 0 0 0 0 1 0 1 1 0 1 1 1 1 1 1 0 0 1 0 0 0 0 1 1 1 1 1 1 1 0 0 1 0 1 1 0 0 0 0 1 0 1 1 1 0 0 0 0 0 
0 1 0 0 1 0 0 1 0 0 0 1 0 1 0 1 1 1 0 1 0 1 0 1 0 0 1 0 0 1 1 0 1 0 1 0 1 0 0 0 1 0 1 0 0 0 0 1 0 0 0 0 0 0 0 1 0 1 0 1 1 0 1 0 1 1 1 1 1 0 0 0 1 1 0 0 0 1 0 1 0 1 1 0 1 0 0 0 0 0 0 1 1 0 0 1 1 0 0 0 0 0 0 1 0 0 0 1 1 1 1 1 0 1 1 0 0 0 1 0 1 1 0 0 0 
1 0 1 0 1 1 0 1 1 0 0 0 1 1 1 0 0 0 0 1 1 0 1 1 1 0 0 1 1 0 0 0 0 0 1 0 1 1 1 0 1 0 1 0 0 0 0 0 0 0 0 0 0 1 0 1 0 0 1 0 1 1 1 0 1 1 1 0 1 0 0 1 0 0 0 0 0 1 1 0 0 0 1 0 1 0 1 1 0 1 0 0 1 0 1 0 0 1 0 0 0 0 0 1 0 1 0 0 1 1 0 1 1 1 1 1 1 0 1 0 0 0 1 1 1 
1 0 1 0 1 1 0 1 1 0 0 1 1 1 1 0 0 1 0 0 1 1 0 1 1 0 0 1 1 0 0 0 1 0 1 0 1 0 0 0 1 0 1 0 0 0 0 0 0 0 0 0 0 1 0 1 0 0 1 1 1 0 1 0 1 1 1 1 1 0 0 0 1 0 0 1 1 0 1 0 0 1 1 0 1 0 1 0 0 1 0 1 1 0 1 1 1 1 0 0 0 0 0 1 0 1 0 0 1 1 0 1 1 1 1 0 1 0 1 0 1 0 1 1 1 
1 0 1 0 1 1 0 1 1 0 0 0 1 1 1 0 0 1 0 0 1 0 1 1 1 0 0 1 1 0 0 0 1 0 1 0 1 0 0 0 1 0 1 0 0 0 0 0 0 0 0 0 0 1 0 1 0 0 1 1 1 1 1 0 0 1 1 0 1 0 0 0 1 0 0 0 1 1 0 0 0 0 1 0 1 0 1 1 0 1 0 1 1 0 1 0 0 1 0 0 0 0 0 1 0 1 0 0 1 1 0 1 1 1 1 0 1 0 1 0 1 0 1 1 1 
0 1 0 1 1 0 1 1 0 0 0 0 0 1 0 1 0 1 1 1 0 1 0 1 0 0 1 0 0 1 1 1 1 1 1 0 1 0 0 1 0 0 0 0 1 0 0 1 0 0 0 1 0 0 0 1 0 1 0 1 1 0 0 1 1 1 1 1 1 1 0 0 0 1 0 1 0 0 0 0 0 1 1 0 1 1 0 0 0 1 0 1 0 1 0 1 1 0 0 1 1 0 0 1 0 0 0 1 0 1 1 1 0 0 1 0 0 0 1 1 1 1 0 0 0 
1 0 1 0 1 0 1 0 0 1 1 0 1 1 0 0 0 0 0 1 0 0 1 0 0 1 0 1 0 0 0 1 0 0 0 1 0 1 1 0 0 1 0 1 1 1 1 0 1 1 1 1 1 0 1 0 1 0 0 0 0 1 0 0 0 0 0 0 0 1 1 1 0 0 1 0 0 0 0 0 0 0 1 1 0 0 1 1 1 1 1 0 0 1 0 0 0 0 1 0 1 1 1 0 1 0 1 0 0 1 0 0 0 0 0 1 0 1 1 1 0 0 0 0 0 
0 1 0 0 1 0 0 1 0 0 0 1 0 0 0 1 1 1 0 1 0 1 0 1 0 0 1 0 0 1 1 0 1 0 1 0 1 0 0 0 1 0 1 0 0 0 0 1 0 0 0 0 0 0 0 1 0 1 0 1 1 0 1 0 1 1 1 1 1 0 0 0 1 0 0 1 0 1 0 1 0 0 0 0 1 0 0 0 0 0 0 1 1 0 0 1 1 0 0 0 0 0 0 1 0 0 0 1 1 0 1 1 0 1 1 0 0 0 1 0 1 1 0 0 0 
1 1 1 0 1 1 1 1 1 1 0 0 1 1 1 1 0 1 0 1 0 0 1 1 0 1 1 1 1 1 0 1 1 0 1 1 1 1 1 0 0 1 1 1 1 1 1 0 1 1 1 1 1 0 1 1 1 1 0 1 1 1 1 0 1 1 1 0 1 1 1 1 0 1 1 1 1 1 1 1 1 0 0 0 1 0 1 1 1 1 1 0 1 1 1 0 0 1 1 1 1 1 1 1 1 1 1 1 0 1 1 1 1 1 1 1 0 1 1 1 1 0 1 1 1 
1 0 1 0 0 0 1 0 0 1 1 0 1 0 0 0 0 0 0 0 0 0 1 0 0 1 0 0 0 0 0 1 0 0 0 1 0 1 1 0 0 1 0 1 1 1 1 0 1 0 1 1 1 0 1 0 1 0 0 0 0 1 0 0 0 0 0 0 0 0 1 1 0 0 1 0 0 0 0 0 1 0 0 0 0 0 1 1 1 1 1 0 0 0 0 0 0 0 1 0 0 1 0 0 0 0 1 0 0 0 0 0 0 0 0 1 0 1 0 0 0 0 0 0 0 
1 1 1 0 1 1 1 1 1 0 0 0 1 1 1 1 0 1 0 1 0 1 1 1 0 0 1 1 1 1 1 1 1 0 1 0 1 0 0 0 1 1 1 1 1 0 0 1 0 0 0 1 0 1 0 1 0 1 0 1 1 1 1 0 1 1 1 1 1 0 0 1 1 1 0 1 1 1 1 1 0 1 1 0 0 0 1 1 0 1 1 1 1 1 1 1 1 1 0 0 0 1 0 1 0 1 0 1 1 1 1 1 1 1 1 1 1 1 1 0 1 0 1 1 1 
0 1 0 1 0 0 1 0 0 1 0 0 0 0 0 1 0 0 1 1 0 0 0 0 0 0 1 0 0 1 0 1 0 1 0 0 0 0 0 1 0 1 0 1 1 0 1 0 0 1 1 1 0 0 1 0 0 0 0 0 0 0 0 1 1 0 0 0 0 1 1 0 0 1 1 0 0 0 0 1 0 0 0 0 0 0 0 0 0 0 1 0 0 1 0 0 0 0 1 1 1 1 1 0 1 0 0 1 0 0 1 0 0 0 0 0 0 1 1 1 0 1 0 0 0 
1 1 1 0 1 1 1 1 1 0 1 0 1 1 1 1 0 0 0 1 1 0 1 1 1 1 1 1 1 1 0 1 1 0 1 1 1 1 1 0 0 1 1 1 1 1 1 0 1 0 0 1 1 1 1 1 1 0 0 0 1 1 1 0 1 1 1 0 1 0 0 1 0 0 1 0 1 1 1 0 1 0 1 1 1 0 0 1 1 1 1 0 1 1 1 0 0 1 1 0 0 1 0 1 0 1 1 0 0 1 0 1 1 1 1 1 1 1 1 0 1 0 1 1 1 
1 1 1 0 1 1 1 1 1 1 1 0 1 1 1 1 0 0 0 1 0 0 1 1 1 1 1 1 1 1 0 1 0 0 1 1 1 1 1 0 0 1 1 1 1 1 1 0 1 0 1 1 1 1 1 1 1 0 0 0 1 1 1 0 1 1 1 0 1 1 1 1 0 1 1 0 1 0 1 0 1 0 1 1 1 0 1 0 1 1 1 0 1 1 1 0 0 1 1 0 1 1 0 1 1 1 1 0 0 1 0 0 1 1 1 1 0 1 1 1 1 0 1 1 1 
1 0 1 0 0 1 1 0 0 1 1 0 1 1 0 0 0 0 0 0 0 0 1 0 0 1 0 1 0 0 0 1 0 0 0 1 0 1 1 0 0 1 0 1 1 1 1 0 1 0 1 1 1 0 1 0 1 0 0 0 0 1 0 0 0 0 0 0 0 0 1 1 0 0 1 0 0 0 0 0 1 0 1 1 0 0 1 1 0 1 1 0 0 0 0 0 0 0 1 0 0 1 0 0 0 1 1 0 0 1 0 0 1 0 0 1 0 1 1 0 0 0 1 0 1 
1 1 1 0 1 1 1 1 1 1 1 0 1 1 1 1 0 1 0 1 0 0 1 1 0 1 1 1 1 1 0 1 1 0 1 1 1 1 1 0 0 1 1 1 1 1 1 0 1 1 1 1 1 0 1 1 1 0 0 1 1 1 1 0 1 1 1 0 1 1 1 1 0 1 1 0 1 1 1 1 1 0 1 1 1 0 1 1 1 0 1 0 1 1 1 0 0 1 1 1 1 1 1 1 1 1 1 1 0 1 0 1 1 1 1 1 0 1 1 1 1 0 1 1 1 
1 1 1 0 1 1 1 1 0 1 1 0 1 1 1 1 0 0 0 1 0 0 1 1 0 1 1 1 0 1 0 1 0 0 1 1 1 1 1 1 0 1 0 1 1 1 1 0 1 1 1 1 1 0 1 0 1 0 0 0 1 1 1 0 1 0 0 0 0 1 1 1 0 1 1 0 0 0 0 0 1 0 1 1 1 1 1 1 1 1 0 0 0 1 0 0 0 0 1 1 1 1 1 1 1 1 1 0 0 1 0 0 0 0 0 1 0 1 1 1 0 0 1 0 0 
0 0 0 0 1 0 0 1 1 0 0 1 0 0 0 1 1 1 0 0 0 1 0 1 0 0 1 0 0 1 1 0 1 0 1 0 1 0 0 0 1 0 1 0 0 0 0 1 0 0 0 0 0 0 0 1 0 1 0 1 1 0 1 0 1 1 1 1 1 0 0 0 1 0 0 1 0 1 1 1 0 1 0 0 1 0 0 0 0 0 0 0 1 0 1 1 1 0 0 0 0 0 0 1 0 0 0 1 1 0 1 1 0 1 1 0 0 0 0 0 1 0 0 0 0 
1 0 1 0 1 1 0 1 1 0 0 1 1 1 1 0 1 1 0 0 1 1 0 1 1 0 0 1 1 1 0 0 1 0 1 0 1 0 0 0 1 0 1 0 0 0 0 0 0 0 0 0 0 1 0 1 0 0 1 1 1 0 1 0 1 1 1 1 1 0 0 0 1 0 0 1 1 1 1 0 0 1 1 0 1 0 1 1 0 1 0 1 0 0 1 1 1 1 0 0 0 0 0 1 0 1 0 0 1 1 0 1 1 1 1 0 1 0 1 0 1 0 1 1 1 
1 1 1 1 1 0 1 1 0 1 0 0 0 1 0 1 0 0 1 1 0 0 0 1 0 0 1 0 0 1 0 1 0 1 1 0 1 0 0 1 0 1 0 1 1 1 1 0 0 1 1 1 1 0 1 0 0 0 0 0 0 1 0 1 1 0 0 0 1 1 1 0 0 1 1 0 0 0 0 1 1 0 1 0 1 1 1 1 0 1 1 0 0 0 0 0 0 0 1 1 1 1 1 1 1 0 0 1 0 1 1 0 0 0 1 1 0 1 1 1 1 1 0 0 0 
1 0 1 0 1 1 0 1 1 0 0 0 1 1 1 0 0 1 0 0 1 1 1 1 1 0 0 1 1 0 0 0 1 0 1 0 1 0 0 0 1 0 1 0 0 0 0 0 0 0 0 0 0 1 0 1 0 0 1 1 1 0 1 0 0 1 1 0 1 0 0 0 1 0 0 0 1 1 1 0 0 0 1 0 1 0 1 1 0 1 0 1 1 0 0 0 1 1 0 0 0 0 0 1 0 1 0 0 1 1 0 1 1 1 1 0 1 0 1 0 1 0 1 1 1 
0 0 0 0 0 0 0 1 0 0 0 1 0 0 0 0 1 1 0 0 0 1 0 0 0 0 0 0 0 0 1 0 1 0 1 0 0 0 0 0 1 0 1 0 0 0 0 1 0 0 0 0 0 0 0 1 0 1 0 1 1 0 0 0 1 1 1 1 1 0 0 0 1 0 0 1 0 1 0 1 0 1 0 0 1 0 0 0 0 0 0 1 1 0 0 0 1 0 0 0 0 0 0 1 0 0 0 1 1 0 0 1 0 1 1 0 0 0 0 0 1 0 0 0 0 
0 1 0 0 1 0 0 1 1 0 0 1 0 0 0 1 1 1 0 1 0 1 0 1 0 0 1 0 0 1 1 0 1 0 1 0 1 0 0 0 1 0 1 0 0 0 0 1 0 0 0 0 0 0 0 1 0 1 0 1 1 0 1 0 1 1 1 1 1 0 0 0 1 0 0 1 0 1 0 1 0 1 0 0 1 0 0 0 0 0 0 1 1 0 1 1 0 0 0 0 0 0 0 1 0 0 0 1 1 1 1 1 0 1 1 0 0 0 1 0 1 0 0 0 0 
1 0 1 0 1 1 0 1 1 0 0 0 1 1 1 0 0 0 0 1 1 0 1 1 1 0 0 1 1 0 0 0 1 0 1 0 1 1 1 0 1 0 1 0 0 0 0 0 0 0 0 0 0 1 0 1 0 0 1 0 1 1 1 0 1 1 1 0 1 0 0 1 0 0 0 0 1 1 1 0 0 0 1 0 1 0 1 1 0 1 0 0 1 0 1 0 0 0 0 0 0 0 0 1 0 1 0 0 1 1 0 1 1 1 1 1 1 0 1 0 0 0 1 1 1 
1 0 1 0 0 0 1 0 0 1 1 0 1 1 0 0 0 0 0 1 0 0 1 0 0 1 1 0 0 0 0 1 0 0 0 1 0 1 1 0 0 1 0 1 1 1 1 0 1 1 1 1 1 0 1 0 1 0 0 0 0 1 0 0 0 0 0 0 0 1 1 1 0 0 1 0 0 0 0 0 1 0 1 1 0 1 1 1 1 1 1 0 0 1 0 0 0 0 0 1 1 1 1 0 1 0 1 0 0 1 0 0 0 0 0 1 0 1 1 1 0 0 0 0 0 
0 1 0 1 1 0 1 1 0 1 0 0 0 1 0 1 0 0 1 1 0 0 0 1 0 0 1 0 0 1 0 1 0 1 0 0 0 0 0 1 0 1 0 1 1 0 1 0 0 1 1 1 0 0 0 0 0 1 0 0 0 0 0 1 1 0 0 0 0 1 0 0 0 1 1 0 0 0 0 1 0 0 1 0 0 1 0 0 0 1 1 0 0 1 0 0 0 0 1 0 1 1 1 0 1 0 0 1 0 1 1 0 0 0 0 0 0 1 1 1 1 1 0 0 0 
1 1 0 1 1 0 1 1 0 1 0 0 0 1 0 1 0 0 1 1 0 0 0 1 0 0 1 0 0 1 0 1 0 1 0 0 0 0 0 1 0 1 0 1 1 1 1 0 0 1 1 1 1 0 1 0 0 0 0 0 0 1 0 1 1 0 0 0 0 1 1 0 0 1 1 0 0 0 0 1 1 0 1 0 0 1 0 1 0 1 1 0 0 1 0 0 0 0 1 1 0 1 1 0 1 0 0 1 0 1 1 0 0 0 0 1 0 1 1 1 1 1 0 0 0 
1 1 1 0 1 1 1 1 0 1 1 0 1 1 0 1 0 0 1 1 0 0 1 1 0 1 1 1 0 1 0 1 0 1 1 1 1 1 0 1 0 1 0 1 1 1 1 0 1 1 1 1 1 0 1 0 1 0 0 0 1 1 1 0 1 0 0 0 1 1 1 1 0 1 1 0 0 0 0 0 1 0 1 1 1 1 1 1 1 1 1 0 0 1 0 0 0 0 1 1 1 0 1 1 1 1 1 1 0 1 1 0 0 0 1 1 0 1 1 1 1 0 0 0 0 
0 1 0 1 0 0 1 1 0 1 0 0 0 1 0 1 0 0 1 1 0 0 0 1 0 0 1 0 0 1 0 1 0 1 0 0 0 0 0 1 0 1 0 1 1 1 1 0 0 1 1 1 1 0 1 0 0 0 0 0 0 0 0 1 1 0 0 0 0 1 1 0 0 1 1 0 0 0 0 0 1 0 1 0 0 1 0 0 0 1 1 0 0 1 0 0 0 0 1 1 1 1 0 0 1 0 0 1 0 1 1 0 0 0 0 0 0 1 1 1 0 1 0 0 0 
1 1 1 0 1 1 1 1 1 0 0 0 1 1 1 1 0 1 0 1 0 1 1 1 0 0 1 1 1 1 1 1 1 0 1 0 1 0 0 0 1 1 1 1 1 0 0 1 0 0 0 1 0 0 0 1 0 1 0 1 1 1 1 0 1 1 1 1 1 0 0 1 1 1 1 1 1 1 1 1 0 1 1 0 1 0 1 1 0 1 1 1 1 1 1 1 1 1 0 0 0 1 0 0 0 1 0 1 1 1 1 1 1 1 1 1 0 1 1 0 1 0 1 1 1 
1 1 0 1 0 0 1 1 0 1 0 0 0 1 0 1 0 0 1 1 0 0 0 1 0 0 1 0 0 1 0 1 0 1 0 0 0 0 0 1 0 1 0 1 1 1 1 0 0 1 1 1 1 0 1 0 0 0 0 0 0 0 0 1 1 0 0 0 0 1 1 0 0 1 1 0 0 0 0 0 1 0 1 0 0 1 0 1 0 1 1 0 0 1 0 0 0 0 1 1 1 1 1 0 0 0 0 1 0 1 1 0 0 0 0 0 0 1 1 1 0 1 0 0 0 
1 0 1 0 1 1 0 1 1 0 0 0 1 1 1 1 0 1 0 1 1 0 1 1 1 1 1 1 1 1 0 1 1 0 1 0 1 1 1 0 1 1 1 1 1 1 0 0 0 0 0 1 0 1 1 1 0 0 1 1 1 1 1 0 1 1 1 0 1 0 0 1 0 0 0 0 1 1 1 0 0 0 1 0 1 0 1 1 1 1 1 0 1 0 1 0 0 1 0 0 0 1 0 1 0 0 1 0 1 1 0 1 1 1 1 1 1 1 1 0 1 0 1 1 1 
1 0 1 0 0 1 0 0 0 0 1 0 1 1 1 0 0 0 0 0 0 0 1 0 1 1 0 1 0 0 0 1 0 0 0 1 0 1 1 0 0 1 0 1 0 1 1 0 1 0 0 1 1 0 1 0 1 0 0 0 0 1 0 0 0 0 0 0 0 0 1 1 0 0 0 0 0 0 0 0 1 0 1 1 0 0 1 1 1 1 1 0 0 0 0 0 0 0 1 0 0 1 0 0 0 1 0 0 0 1 0 0 1 0 0 1 0 1 0 0 0 0 1 1 1 
0 1 0 1 1 0 1 1 0 0 0 0 0 1 0 1 0 1 1 1 0 1 0 1 0 0 1 0 0 1 1 1 1 1 1 0 1 0 0 1 0 0 0 0 1 0 0 1 0 1 0 1 0 0 0 1 0 1 0 1 1 0 0 1 1 1 1 0 1 1 0 0 0 1 1 1 0 0 0 1 0 1 1 0 1 1 0 0 0 1 0 1 0 1 0 1 1 0 0 1 1 1 1 1 1 0 0 0 0 1 1 1 0 0 1 0 0 0 1 1 1 1 0 0 0 
0 0 0 0 1 1 0 1 1 0 0 1 0 0 1 0 1 1 0 0 0 1 0 1 0 0 0 0 1 0 1 0 1 0 1 0 1 0 0 0 1 0 1 0 0 0 0 1 0 0 0 0 0 0 0 1 0 0 0 1 1 0 1 0 0 1 1 1 1 0 0 0 1 0 0 1 1 1 1 0 0 1 0 0 1 0 0 0 0 0 0 1 1 0 1 1 1 1 0 0 0 0 0 1 0 1 0 0 0 0 0 1 0 1 1 0 1 0 0 0 1 0 0 1 0 
1 1 1 0 1 1 1 1 1 1 0 0 1 1 1 1 0 1 0 1 0 0 1 1 0 1 1 1 1 1 0 1 1 0 1 0 1 1 1 0 0 1 1 1 1 1 1 0 0 0 1 1 0 1 1 1 0 1 0 1 1 1 1 0 1 1 1 0 1 1 0 1 0 1 1 1 1 1 1 1 1 0 1 0 1 0 1 1 1 1 1 0 1 1 1 0 1 1 1 1 1 1 1 1 1 1 1 1 0 0 1 1 1 1 1 1 0 1 1 1 1 0 1 1 1 
0 1 0 1 1 0 1 1 0 0 0 0 0 1 0 1 0 1 1 1 0 1 0 1 0 0 1 0 0 1 1 1 1 1 1 0 0 0 0 1 0 0 0 0 1 0 0 1 0 1 0 1 0 0 0 0 0 1 0 1 0 0 0 1 1 1 1 0 1 1 0 0 0 1 1 1 0 0 0 1 0 1 1 0 1 1 0 0 0 0 0 1 0 1 0 0 1 0 0 1 1 1 1 1 1 0 0 1 0 1 0 0 0 0 1 0 0 0 1 1 1 1 0 0 0 
0 0 0 0 1 1 0 1 1 0 0 1 0 1 1 1 1 1 0 1 0 1 0 1 0 0 1 0 1 1 1 0 1 0 1 0 1 0 0 0 1 0 1 0 0 0 0 1 0 0 0 0 0 0 0 1 0 1 0 1 1 0 1 0 1 1 1 1 1 0 0 0 1 0 0 1 1 1 1 1 0 1 1 0 1 0 1 0 0 1 0 1 1 0 1 1 1 1 0 0 0 0 0 1 0 1 0 1 1 1 0 0 0 1 1 0 0 0 1 0 1 0 0 1 1 
1 0 1 0 1 1 0 0 1 0 0 0 1 1 1 0 0 0 0 0 1 0 1 0 1 1 0 1 1 0 0 0 0 0 1 0 1 1 1 0 0 0 1 0 0 1 0 0 0 0 0 0 0 1 0 0 0 0 1 0 1 1 1 0 0 0 0 0 0 0 0 1 0 0 0 0 1 1 1 0 0 0 1 0 1 0 1 1 1 1 0 0 1 0 1 0 0 1 0 0 0 0 0 1 0 1 1 0 0 1 0 0 0 1 0 1 1 0 1 0 0 0 1 1 1 
1 0 1 0 1 1 0 1 1 0 0 1 1 1 1 1 1 1 0 1 1 1 0 1 0 0 0 1 1 1 0 0 1 0 1 0 1 0 0 0 1 0 1 0 0 0 0 1 0 0 0 0 0 1 0 1 0 0 0 1 1 0 1 0 1 1 1 1 1 0 0 0 1 0 0 1 1 1 1 0 0 1 1 0 1 0 1 1 0 1 0 1 1 0 1 1 1 1 0 0 0 0 0 1 0 1 0 0 1 1 0 1 1 0 1 0 1 0 1 0 1 0 1 1 1 
1 1 1 0 1 1 1 1 1 0 0 1 1 1 1 1 1 1 0 1 0 1 0 1 0 0 1 0 0 1 1 1 1 0 1 0 1 0 0 0 1 0 1 0 1 0 0 1 0 0 0 1 0 0 0 1 0 1 0 1 1 1 1 0 1 1 1 1 1 0 0 0 1 1 0 1 1 1 1 1 0 1 1 0 1 0 1 1 0 1 0 1 1 1 1 1 1 1 0 0 0 1 0 1 0 1 0 1 1 1 1 1 0 1 0 0 0 0 1 0 1 1 0 1 0 
1 0 1 0 1 1 1 1 0 1 1 0 1 1 1 0 0 0 0 1 0 0 1 1 1 1 1 1 0 0 0 1 0 0 0 1 1 1 1 0 0 1 0 1 1 1 1 0 1 0 1 1 1 0 1 0 1 0 0 0 1 1 1 0 0 0 0 0 0 1 1 1 0 0 1 0 1 0 0 0 1 0 1 1 1 0 1 1 1 1 1 0 0 1 0 0 0 1 1 0 1 1 0 1 0 1 1 0 0 1 0 0 1 0 0 0 0 1 1 0 0 0 1 1 1 
1 0 1 0 0 1 0 0 1 0 0 0 1 0 1 0 0 0 0 0 1 0 1 0 1 0 0 1 1 0 0 0 0 0 0 0 1 1 1 0 1 0 1 0 0 0 0 0 0 0 0 0 0 1 0 1 0 0 1 0 1 1 1 0 0 0 0 0 0 0 0 1 0 0 0 0 1 1 1 0 0 0 0 0 1 0 1 0 0 0 0 0 1 0 1 0 0 1 0 0 0 0 0 0 0 1 0 0 1 0 0 0 1 1 0 0 0 0 0 0 0 0 1 1 1 
1 1 1 0 1 0 1 1 0 1 1 0 1 1 0 1 0 0 0 1 0 0 1 1 0 1 1 1 0 1 0 1 0 0 0 1 1 1 1 1 0 1 0 1 1 1 1 0 1 1 1 1 1 0 1 0 1 0 0 0 0 1 1 0 1 0 0 0 0 1 1 1 0 1 1 0 0 0 0 0 1 0 1 1 1 1 1 1 1 1 1 0 0 1 0 0 0 0 1 1 1 1 1 1 1 1 1 0 0 1 0 0 0 0 0 1 0 0 1 1 0 0 0 0 0 
1 1 1 0 1 1 1 1 1 1 0 0 1 1 1 1 0 1 0 1 0 0 1 1 0 0 1 1 0 1 1 1 1 1 1 0 1 1 0 1 0 1 1 1 1 1 1 0 0 1 1 1 0 0 1 1 0 1 0 1 1 1 1 0 1 1 1 0 1 1 0 1 0 1 1 1 1 1 1 1 1 1 1 0 1 1 1 1 1 1 1 0 1 1 1 0 1 1 1 1 1 1 1 1 1 1 0 1 0 1 1 1 1 1 1 1 0 1 0 1 1 0 1 1 1 
1 1 0 1 1 0 1 1 0 1 0 0 0 1 0 1 0 0 1 1 0 0 0 1 0 0 1 0 0 1 0 1 0 1 0 0 0 0 0 1 0 1 0 1 1 1 1 0 0 1 1 1 1 0 1 0 0 0 0 0 0 1 0 1 1 0 0 0 0 1 1 0 0 1 1 0 0 0 0 1 1 0 1 0 0 1 0 1 0 1 1 0 0 1 0 0 0 0 1 1 1 1 1 0 1 0 0 1 0 1 1 0 0 0 0 0 0 1 1 0 1 1 0 0 0 
1 1 1 0 1 1 1 1 1 0 0 1 0 1 1 1 1 1 0 1 0 1 0 1 0 0 1 0 0 1 1 1 1 0 1 0 1 0 0 0 1 0 1 0 1 0 0 1 0 0 0 1 0 0 0 1 0 1 0 1 1 0 1 1 1 1 1 1 1 0 0 0 1 1 0 1 0 1 1 1 0 1 1 0 1 0 1 1 0 1 0 1 1 1 1 1 1 0 0 1 1 1 0 1 0 1 0 1 1 1 1 1 0 1 1 0 0 0 1 1 0 1 0 0 0 
0 1 0 1 0 0 1 1 0 0 0 0 0 0 0 1 0 1 1 1 0 0 0 1 0 0 1 0 0 1 1 0 1 1 0 0 0 0 0 1 0 0 0 0 0 0 0 1 0 1 0 0 0 0 0 0 0 1 0 1 0 0 0 1 1 0 0 0 1 1 0 0 0 1 0 1 0 0 0 1 0 1 0 0 0 1 0 0 0 0 0 0 0 1 0 0 0 0 0 1 1 0 1 0 1 0 0 1 0 0 1 0 0 0 1 0 0 0 0 1 1 0 0 0 0 
1 0 1 0 1 1 0 0 1 0 0 0 1 1 1 0 0 0 0 0 1 0 1 1 1 1 0 1 1 0 0 0 0 0 1 0 1 1 1 0 0 0 1 1 0 1 0 0 0 0 0 1 0 1 0 1 0 0 1 0 1 1 1 0 0 0 0 0 0 0 0 1 0 0 0 0 1 1 1 0 0 0 1 0 1 0 1 1 1 1 1 0 1 0 1 0 0 1 0 0 0 0 0 1 0 1 1 0 0 1 0 0 1 1 0 1 1 0 1 0 0 0 0 1 1 
1 0 1 0 1 1 0 1 1 0 0 0 1 1 1 0 0 0 0 1 1 0 1 1 1 1 0 1 1 0 0 1 0 0 1 0 1 1 1 0 1 0 1 0 0 0 0 0 0 0 0 1 0 1 0 1 0 0 1 0 1 1 1 0 1 1 1 0 1 0 0 1 0 0 0 0 1 1 1 0 0 0 1 0 1 0 1 1 0 1 0 0 1 0 1 0 0 1 0 0 0 0 0 1 0 1 1 0 1 1 0 1 1 1 1 1 1 0 1 0 0 0 1 0 1 
1 0 1 0 1 1 0 1 1 0 0 0 1 1 1 0 0 0 0 0 1 0 1 1 1 1 0 1 1 0 0 0 0 0 1 0 1 1 1 0 1 0 1 1 0 1 0 0 0 0 0 0 0 1 0 1 0 0 1 0 1 1 1 0 0 0 1 0 0 0 0 1 0 0 0 0 1 1 1 0 0 0 1 0 1 0 1 1 1 1 0 0 1 0 1 0 0 1 0 0 0 0 0 1 0 1 1 0 0 1 0 1 1 1 0 1 1 0 1 0 0 0 1 1 0 
