100 50 0.482020
1 65 3
2 4 28
3 31 97
4 33 19
5 89 98
6 73 99
7 7 58
8 64 23
9 35 3
10 62 85
11 20 91
12 9 92
13 33 1
14 36 48
15 2 23
16 94 66
17 51 36
18 84 74
19 32 44
20 12 30
21 53 22
22 31 77
23 55 41
24 71 63
25 78 74
26 4 11
27 97 83
28 91 90
29 63 13
30 45 38
31 15 7
32 15 23
33 14 76
34 94 32
35 39 37
36 85 29
37 20 29
38 28 4
39 39 96
40 59 46
41 79 87
42 7 95
43 64 40
44 69 29
45 72 24
46 69 96
47 100 67
48 28 58
49 18 58
50 29 37
51 32 48
52 28 89
53 1 46
54 73 52
55 35 87
56 56 39
57 53 24
58 48 71
59 45 11
60 17 99
61 4 66
62 76 12
63 89 62
64 54 83
65 60 49
66 10 85
67 48 1
68 23 25
69 38 38
70 61 21
71 99 65
72 33 94
73 12 38
74 59 34
75 16 67
76 55 43
77 100 2
78 95 29
79 66 70
80 12 18
81 66 20
82 48 37
83 33 43
84 87 33
85 6 41
86 17 8
87 7 72
88 34 36
89 68 53
90 95 72
91 34 98
92 72 10
93 34 74
94 42 60
95 95 89
96 3 28
97 33 13
98 12 44
99 52 40
100 19 18
0 0 0 1 0 0 0 1 1 0 0 0 1 0 0 0 1 0 0 0 1 0 1 0 0 0 0 0 1 1 0 0 0 1 1 1 0 1 0 1 0 0 1 1 1 0 0 0 0 1 0 0 0 1 0 1 1 0 1 0 0 1 0 0 1 0 1 1 1 1 0 0 0 1 0 1 1 1 0 0 1 1 0 1 0 1 0 1 0 0 0 1 0 0 0 0 1 0 1 1 
0 0 0 1 0 0 1 0 1 0 0 0 1 1 1 0 1 0 1 1 1 0 0 0 0 1 0 0 0 1 1 1 1 0 1 0 1 1 0 0 0 0 0 0 0 0 0 1 1 1 1 0 1 0 0 0 1 0 1 0 1 0 0 0 0 0 0 1 1 0 0 0 1 0 1 0 0 0 0 1 0 1 1 0 1 1 1 1 0 0 0 0 0 1 0 1 1 1 1 1 
0 0 0 0 0 1 1 0 0 1 1 1 0 1 0 0 0 0 0 0 0 1 0 0 0 0 0 0 0 0 0 0 1 0 0 0 0 0 1 0 1 1 0 0 0 1 0 1 1 0 1 1 0 0 1 0 0 1 0 1 1 0 0 1 0 1 0 0 0 0 0 1 0 0 1 0 0 0 1 0 0 0 0 0 0 0 1 0 0 0 1 0 1 1 0 0 0 0 0 0 
1 1 0 0 0 0 1 1 1 0 0 0 1 1 1 0 1 0 1 1 1 0 1 0 0 1 0 0 1 1 1 1 0 0 1 0 1 1 0 1 0 0 1 1 1 0 0 1 1 1 1 0 1 0 0 1 1 0 1 0 0 1 0 0 1 0 1 1 1 1 0 0 1 1 0 1 0 0 0 1 1 1 1 0 1 1 0 1 1 0 0 1 0 1 0 1 1 1 1 1 
0 0 0 0 0 1 0 0 0 1 0 0 0 0 0 1 0 1 0 0 0 0 0 1 1 0 1 1 0 0 0 0 0 0 0 0 0 0 0 0 1 0 0 0 0 1 1 0 0 0 0 0 0 1 0 0 0 1 0 0 0 0 1 1 0 0 0 0 0 0 1 0 0 0 0 0 0 0 1 0 0 0 0 0 0 0 0 0 1 1 0 0 0 0 1 0 0 0 0 0 
0 0 1 0 1 0 0 0 0 1 0 0 0 0 0 1 0 1 0 0 0 1 0 1 1 0 1 1 0 0 0 0 0 0 0 0 0 0 1 0 1 0 0 0 0 1 1 0 0 0 0 1 0 1 1 0 0 1 0 0 0 0 1 1 0 0 0 0 0 0 1 1 0 0 0 0 0 0 1 0 0 0 0 0 0 0 0 0 1 1 1 0 1 1 1 0 0 0 0 0 
0 1 1 1 0 0 0 0 0 0 1 1 0 1 1 0 1 0 1 1 0 1 0 0 0 1 0 0 0 1 0 1 1 0 1 0 1 0 1 0 0 1 0 0 0 0 0 1 1 1 1 1 1 0 1 0 0 1 0 1 1 0 0 0 0 1 0 1 1 0 0 1 1 0 1 0 0 0 0 1 0 1 1 0 1 0 1 1 0 0 1 0 1 1 0 1 0 1 1 1 
1 0 0 1 0 0 0 0 1 0 0 0 1 1 0 0 1 0 1 0 1 0 1 1 0 0 0 0 1 1 0 1 0 1 1 1 1 1 0 1 0 0 1 1 1 0 0 0 0 1 1 0 0 1 0 1 1 0 1 0 0 1 1 0 1 0 1 1 1 1 0 0 0 1 0 1 1 1 1 0 1 1 1 1 0 1 0 1 1 0 0 1 0 1 0 0 1 0 1 1 
1 1 0 1 0 0 0 1 0 0 0 0 1 1 1 0 1 0 1 1 1 0 1 0 0 1 0 0 1 1 1 1 0 0 1 0 1 1 0 1 0 0 1 1 1 0 0 0 0 1 1 0 0 0 0 1 1 0 1 0 0 1 0 0 0 0 1 1 1 1 0 0 1 1 0 1 0 0 0 1 1 1 1 0 1 1 0 1 0 0 0 1 0 0 0 1 1 1 1 1 
0 0 1 0 1 1 0 0 0 0 1 0 0 1 0 1 0 1 0 0 0 1 1 1 1 0 1 1 0 1 0 0 1 0 0 0 0 0 1 1 1 0 1 0 0 1 1 1 0 0 1 1 0 1 1 1 0 1 0 1 0 0 1 1 1 0 0 0 0 0 1 1 0 0 1 1 0 0 1 0 0 1 0 0 0 0 0 0 1 1 1 0 1 1 1 0 0 0 1 0 
0 0 1 0 0 0 1 0 0 1 0 1 0 1 0 0 0 0 1 0 0 1 0 0 0 0 0 0 0 0 0 0 1 0 0 0 0 0 1 0 0 1 0 0 0 1 0 1 1 0 1 1 1 0 1 0 0 1 0 1 1 0 0 1 0 1 0 0 0 0 0 1 0 0 1 0 0 0 0 0 0 0 1 0 0 0 1 0 0 0 1 0 1 1 0 0 0 1 0 0 
0 0 1 0 0 0 1 0 0 0 1 0 0 0 0 0 0 0 0 0 0 1 0 0 0 0 0 0 0 0 0 0 1 0 0 0 0 0 1 0 0 1 0 0 0 0 0 1 1 0 1 1 1 0 1 0 0 1 0 1 1 0 0 1 0 1 0 0 0 0 0 1 0 0 1 0 0 0 0 0 0 0 0 0 0 0 1 0 0 0 1 0 1 1 0 0 0 1 0 0 
1 1 0 1 0 0 0 1 1 0 0 0 0 1 1 0 1 0 1 1 1 0 1 0 0 1 0 0 1 1 1 1 0 0 1 0 1 1 0 0 0 0 1 1 1 0 0 0 0 1 1 0 0 0 0 1 1 0 1 0 0 1 0 0 0 0 1 1 1 1 0 0 1 1 0 1 0 0 0 1 1 1 1 0 1 1 0 1 0 0 0 1 0 0 0 1 1 1 1 1 
0 1 1 1 0 0 1 1 1 1 1 0 1 0 1 0 1 0 1 1 1 1 1 1 1 1 0 0 1 1 1 1 1 0 1 0 1 1 1 1 0 0 1 1 1 0 0 1 1 1 1 1 1 1 1 1 1 1 1 0 1 0 0 1 1 1 1 1 1 1 0 1 1 1 1 1 0 0 1 1 1 1 1 0 1 1 1 1 1 0 0 0 1 1 0 1 1 1 1 1 
0 1 0 1 0 0 1 0 1 0 0 0 1 1 0 0 0 0 1 1 0 0 0 0 0 1 0 0 0 1 1 1 0 0 1 0 1 1 0 0 0 0 0 0 0 0 0 1 1 1 1 0 1 0 0 0 0 0 1 0 1 0 0 0 0 0 0 1 1 0 0 0 1 0 1 0 0 0 0 1 0 1 1 0 1 1 1 1 0 0 0 0 0 0 0 1 1 1 0 1 
0 0 0 0 1 1 0 0 0 1 0 0 0 0 0 0 0 1 0 0 0 0 1 1 1 0 1 1 0 0 0 0 0 1 0 1 0 0 0 1 1 0 1 1 1 1 1 0 0 0 0 0 0 1 0 1 0 1 0 0 0 0 1 1 1 0 0 0 0 0 1 0 0 1 0 1 0 1 1 0 0 0 0 1 0 0 0 0 1 1 0 0 0 0 1 0 0 0 1 0 
1 1 0 1 0 0 1 1 1 0 0 0 1 1 0 0 0 0 1 1 1 1 1 1 1 0 0 0 1 1 1 1 0 1 1 1 1 1 0 1 0 0 1 1 1 0 0 1 1 1 1 0 0 1 0 1 1 1 1 0 0 1 1 1 1 0 1 1 1 1 0 0 1 1 1 1 0 1 1 1 1 1 1 1 1 1 0 1 1 0 0 1 1 1 0 1 1 1 1 1 
0 0 0 0 1 1 0 0 0 1 0 0 0 0 0 1 0 0 0 0 0 0 1 1 1 0 1 1 0 0 0 0 0 1 0 1 0 0 0 1 1 0 1 1 0 1 1 0 0 0 0 0 0 1 0 1 0 1 0 0 0 0 1 1 1 0 0 0 0 0 1 0 0 1 0 1 0 1 1 0 0 0 0 1 0 0 0 0 1 1 0 0 1 1 1 0 0 0 1 0 
0 1 0 1 0 0 1 1 1 0 1 0 1 1 1 0 1 0 0 1 1 1 1 1 0 1 0 0 1 1 1 1 1 0 1 0 1 1 0 1 0 0 1 1 1 0 0 1 1 1 1 1 1 1 1 1 1 1 1 0 1 0 0 1 1 1 1 1 1 1 0 0 1 1 1 1 0 0 1 1 1 1 1 0 1 1 1 1 1 0 0 0 1 1 0 1 1 1 1 1 
0 1 0 1 0 0 1 0 1 0 0 0 1 1 1 0 1 0 1 0 1 0 1 0 0 1 0 0 0 1 1 1 1 0 1 0 1 1 0 1 0 0 0 0 0 0 0 1 1 1 1 0 1 0 0 1 1 0 1 0 1 0 0 0 0 0 1 1 1 1 0 0 1 1 1 1 0 0 0 1 0 1 1 0 1 1 1 1 0 0 0 0 1 1 0 1 1 1 1 1 
1 1 0 1 0 0 0 1 1 0 0 0 1 1 0 0 1 0 1 1 0 0 1 1 0 0 0 0 1 1 1 1 0 1 1 1 1 1 0 1 0 0 1 1 1 0 0 1 0 1 1 0 0 1 0 1 1 1 1 0 0 1 0 0 1 0 1 1 1 1 0 0 1 1 0 1 0 1 1 1 1 1 1 1 0 1 0 1 1 0 0 1 0 1 0 0 1 1 1 1 
0 0 1 0 0 1 1 0 0 1 1 1 0 1 0 0 1 0 1 0 0 0 1 1 1 0 0 0 0 1 0 0 1 0 1 0 1 0 1 1 1 1 1 0 0 1 0 1 1 1 1 1 1 1 1 1 0 1 0 1 1 0 0 1 1 1 0 0 1 0 0 1 1 0 1 1 0 0 1 0 0 1 1 0 1 0 1 1 1 0 1 0 1 1 0 0 0 1 1 0 
1 0 0 1 0 0 0 1 1 1 0 0 1 1 0 1 1 1 1 1 1 1 0 1 1 0 0 0 1 1 0 1 0 1 1 1 1 1 0 1 0 0 1 1 1 0 0 1 1 1 1 0 0 1 0 1 1 1 1 0 0 1 1 1 1 0 1 1 1 1 0 0 1 1 1 1 0 1 1 1 1 1 1 1 1 0 0 1 1 0 0 1 1 1 0 0 1 1 1 1 
0 0 0 0 1 1 0 1 0 1 0 0 0 1 0 1 1 1 1 0 1 1 1 0 1 0 1 1 0 1 0 0 0 1 1 1 0 0 1 1 1 0 1 1 1 1 1 1 0 1 1 0 0 1 1 1 1 1 0 0 0 0 1 1 1 0 0 0 1 1 1 1 0 1 0 1 0 1 1 0 1 1 1 1 0 0 0 1 1 1 0 0 1 1 1 0 0 0 1 0 
0 0 0 0 1 1 0 0 0 1 0 0 0 1 0 1 1 1 0 0 0 1 1 1 0 0 1 1 0 1 0 0 0 1 0 1 0 0 1 1 1 0 1 1 0 1 1 0 0 0 0 0 0 1 1 1 0 1 0 0 0 0 1 1 1 0 0 0 0 0 1 1 0 1 0 1 0 1 1 0 0 1 0 1 0 0 0 0 1 1 0 0 1 1 1 0 0 0 1 0 
0 1 0 1 0 0 1 0 1 0 0 0 1 1 1 0 0 0 1 1 0 0 0 0 0 0 0 0 0 1 1 1 0 0 1 0 1 1 0 0 0 0 0 0 0 0 0 0 1 1 1 0 1 0 0 0 0 0 1 0 0 0 0 0 0 0 1 1 1 0 0 0 1 0 0 0 0 0 0 1 0 0 1 0 1 1 0 1 0 0 0 0 0 0 0 1 1 1 0 1 
0 0 0 0 1 1 0 0 0 1 0 0 0 0 0 1 0 1 0 0 0 0 0 1 1 0 0 1 0 0 0 0 0 0 0 0 0 0 0 0 1 0 0 0 0 1 1 0 0 0 0 0 0 1 0 0 0 0 0 0 0 0 1 1 0 0 0 0 0 0 1 0 0 0 0 0 0 0 1 0 0 0 0 0 0 0 0 0 1 1 0 0 0 0 1 0 0 0 0 0 
0 0 0 0 1 1 0 0 0 1 0 0 0 0 0 1 0 1 0 0 0 0 0 1 1 0 1 0 0 0 0 0 0 0 0 0 0 0 0 0 1 0 0 0 0 1 1 0 0 0 0 0 0 1 0 0 0 1 0 0 0 0 1 1 0 0 0 0 0 0 1 0 0 0 0 0 0 0 1 0 0 0 0 0 0 0 0 0 1 1 0 0 0 0 1 0 0 0 0 0 
1 0 0 1 0 0 0 1 1 0 0 0 1 1 0 0 1 0 1 0 1 0 1 0 0 0 0 0 0 1 1 1 0 1 1 1 1 1 0 1 0 0 1 1 1 0 0 0 0 1 1 0 0 1 0 1 1 0 1 0 0 1 0 0 1 0 1 1 1 1 0 0 0 1 0 1 1 1 0 0 1 1 1 1 0 1 0 1 1 0 0 1 0 0 0 0 1 0 1 1 
1 1 0 1 0 0 1 1 1 1 0 0 1 1 1 0 1 0 1 1 1 1 1 1 1 1 0 0 1 0 1 1 1 1 1 1 1 1 0 1 0 0 1 1 1 0 0 1 1 1 1 0 1 1 0 1 1 1 1 0 1 1 0 1 1 0 1 1 1 1 0 0 1 1 1 1 0 0 1 1 1 1 1 1 1 1 0 1 1 0 0 1 1 1 0 1 1 1 1 1 
0 1 0 1 0 0 0 0 1 0 0 0 1 1 1 0 1 0 1 1 1 0 0 0 0 1 0 0 1 1 0 1 0 0 1 0 1 1 0 0 0 0 0 0 0 0 0 0 0 1 1 0 1 0 0 0 1 0 1 0 0 0 0 0 0 0 1 1 1 1 0 0 1 0 0 0 0 0 0 1 0 1 1 0 1 1 0 1 0 0 0 0 0 0 0 1 1 1 1 1 
0 1 0 1 0 0 1 1 1 0 0 0 1 1 1 0 1 0 1 1 1 0 1 0 0 1 0 0 1 1 1 0 0 0 1 0 1 1 0 1 0 0 0 0 0 0 0 1 1 1 1 0 1 0 0 1 1 0 1 0 1 0 0 0 0 0 1 1 1 1 0 0 1 1 1 1 0 0 0 1 0 1 1 0 1 1 1 1 0 0 0 0 0 1 0 1 1 1 1 1 
0 1 1 0 0 0 1 0 0 1 1 1 0 1 0 0 0 0 1 1 0 1 0 0 0 0 0 0 0 1 0 0 0 0 1 0 1 0 1 0 0 1 0 0 0 0 0 1 1 1 1 1 1 0 1 0 0 1 0 1 1 0 0 1 0 1 0 0 1 0 0 1 1 0 1 0 0 0 0 0 0 0 1 0 1 0 1 1 0 0 1 0 1 1 0 1 0 1 0 0 
1 0 0 0 0 0 0 1 0 0 0 0 0 0 0 1 1 1 0 0 1 0 1 1 1 0 0 0 1 1 0 0 0 0 0 1 0 0 0 1 0 0 1 1 1 0 1 0 0 0 0 0 0 1 0 1 1 0 0 0 0 1 1 0 1 0 0 0 0 1 1 0 0 1 0 1 1 1 1 0 1 1 0 1 0 0 0 0 1 1 0 1 0 0 0 0 0 0 1 0 
1 1 0 1 0 0 1 1 1 0 0 0 1 1 1 0 1 0 1 1 1 1 1 1 0 1 0 0 1 1 1 1 1 0 0 1 1 1 0 1 0 0 1 1 1 0 0 1 1 1 1 0 1 1 0 1 1 1 1 0 1 1 0 1 1 0 1 1 1 1 0 0 1 1 1 1 0 0 1 1 1 1 1 1 1 1 1 1 1 0 0 1 1 1 0 1 1 1 1 1 
1 0 0 0 0 0 0 1 0 0 0 0 0 0 0 1 1 1 0 0 1 0 1 1 1 0 0 0 1 1 0 0 0 1 1 0 0 0 0 1 0 0 1 1 1 0 1 0 0 0 0 0 0 1 0 1 1 0 1 0 0 1 1 0 1 0 1 0 1 1 1 0 0 1 0 1 1 1 1 0 1 1 0 1 0 0 0 0 1 1 0 1 0 0 0 0 0 0 1 0 
0 1 0 1 0 0 1 1 1 0 0 0 1 1 1 0 1 0 1 1 1 1 1 0 0 1 0 0 1 1 1 1 1 0 1 0 0 1 0 1 0 0 1 1 0 0 0 1 1 1 1 0 1 0 0 1 1 0 1 0 1 0 0 0 1 0 1 1 1 1 0 0 1 1 1 1 0 0 0 1 1 1 1 0 1 1 1 1 0 0 0 0 1 1 0 1 1 1 1 1 
1 1 0 1 0 0 0 1 1 0 0 0 1 1 1 0 1 0 1 1 1 0 1 0 0 1 0 0 1 1 1 1 0 0 1 0 1 0 0 0 0 0 0 1 1 0 0 0 0 1 1 0 1 0 0 1 1 0 1 0 0 1 0 0 0 0 1 1 1 1 0 0 1 1 0 1 0 0 0 1 1 1 1 0 1 1 0 1 0 0 0 1 0 0 0 1 1 1 1 1 
0 0 1 0 0 1 1 0 0 1 1 1 0 1 0 0 0 0 0 0 0 1 0 1 1 0 0 0 0 0 0 0 1 0 0 0 0 0 0 0 1 1 0 0 0 1 0 1 1 0 1 1 0 0 1 0 0 1 0 1 1 0 0 1 0 1 0 0 0 0 0 1 0 0 1 0 0 0 1 0 0 0 0 0 0 0 1 0 0 0 1 0 1 1 0 0 0 0 0 0 
1 0 0 1 0 0 0 1 1 1 0 0 0 1 0 1 1 1 1 1 1 1 1 1 1 0 0 0 1 1 0 1 0 1 1 1 1 0 0 0 1 0 1 1 1 0 1 1 1 1 1 0 0 1 1 1 1 1 1 0 0 1 1 1 1 0 1 1 1 1 1 0 1 1 1 1 0 1 1 0 1 1 1 1 0 0 0 1 1 1 0 1 1 1 0 0 1 1 1 1 
0 0 1 0 1 1 0 0 0 1 0 0 0 0 0 1 0 1 0 0 0 1 0 1 1 0 1 1 0 0 0 0 0 0 0 0 0 0 1 1 0 0 1 0 0 1 1 0 0 0 0 0 0 1 1 0 0 1 0 0 0 0 1 1 1 0 0 0 0 0 1 1 0 0 0 0 0 0 1 0 0 0 0 0 0 0 0 0 1 1 1 0 1 1 1 0 0 0 0 0 
0 0 1 0 0 0 1 0 0 0 1 1 0 0 0 0 0 0 0 0 0 1 0 0 0 0 0 0 0 0 0 0 1 0 0 0 0 0 1 0 0 0 0 0 0 0 0 1 1 0 0 1 1 0 1 0 0 1 0 1 1 0 0 1 0 1 0 0 0 0 0 1 0 0 1 0 0 0 0 0 0 0 0 0 0 0 1 0 0 0 1 0 1 1 0 0 0 0 0 0 
1 0 0 1 0 0 0 1 1 1 0 0 1 1 0 1 1 1 1 0 1 1 1 1 1 0 0 0 1 1 0 0 0 1 1 1 1 0 0 1 1 0 0 1 1 0 1 1 1 1 1 0 0 1 0 1 1 1 1 0 0 1 1 1 1 0 1 1 1 1 1 0 0 1 0 1 0 1 1 0 1 1 1 1 0 0 0 1 1 1 0 1 1 1 0 0 1 0 1 0 
1 0 0 1 0 0 0 1 1 0 0 0 1 1 0 1 1 1 1 0 1 0 1 1 1 0 0 0 1 1 0 0 0 1 1 1 1 1 0 1 0 0 1 0 1 0 1 0 0 1 1 0 0 1 0 1 1 1 1 0 0 1 1 0 1 0 1 1 1 1 1 0 0 1 0 1 1 1 1 0 1 1 1 1 0 0 0 1 1 0 0 1 0 1 0 0 1 0 1 0 
1 0 0 1 0 0 0 1 1 0 0 0 1 1 0 1 1 0 1 0 1 0 1 1 0 0 0 0 1 1 0 0 0 1 1 1 0 1 0 1 0 0 1 1 0 0 0 0 0 1 1 0 0 1 0 1 1 0 1 0 0 1 1 0 1 0 1 1 1 1 1 0 0 1 0 1 1 1 1 0 1 1 1 1 0 0 0 1 1 0 0 1 0 1 0 0 1 0 1 0 
0 0 1 0 1 1 0 0 0 1 1 0 0 0 0 1 0 1 0 0 0 1 0 1 1 0 1 1 0 0 0 0 0 0 0 0 0 0 1 0 1 0 0 0 0 0 1 0 0 0 0 1 0 1 1 0 0 1 0 0 0 0 1 1 1 0 0 0 0 0 1 1 0 0 0 0 0 0 1 0 0 0 0 0 0 0 0 0 1 1 1 0 1 1 1 0 0 0 0 0 
0 0 0 0 1 1 0 0 0 1 0 0 0 0 0 1 0 1 0 0 0 0 0 1 1 0 1 1 0 0 0 0 0 1 0 1 0 0 0 1 1 0 1 1 0 1 0 0 0 0 0 0 0 1 0 0 0 0 0 0 0 0 1 1 1 0 0 0 0 0 1 0 0 0 0 0 0 1 1 0 0 0 0 1 0 0 0 0 1 1 0 0 0 0 1 0 0 0 0 0 
0 1 1 1 0 0 1 0 0 1 1 1 0 1 1 0 1 0 1 1 1 1 1 1 0 0 0 0 0 1 0 1 1 0 1 0 1 0 1 1 0 1 1 0 0 0 0 0 1 1 1 1 1 1 1 1 1 1 1 1 1 0 0 1 1 1 0 1 1 1 0 1 1 1 1 1 0 0 1 1 0 1 1 0 1 0 1 1 1 0 1 0 1 1 0 1 1 1 1 1 
0 1 1 1 0 0 1 0 0 0 1 1 0 1 1 0 1 0 1 1 0 1 1 0 0 1 0 0 0 1 0 1 1 0 1 0 1 0 1 1 0 1 1 0 0 0 0 1 0 1 1 1 1 0 1 1 1 1 0 1 1 0 0 1 1 1 0 1 1 0 0 1 1 1 1 1 0 0 1 1 0 1 1 0 1 0 1 1 0 0 1 0 1 1 0 1 1 1 1 1 
1 1 0 1 0 0 1 1 1 0 0 0 1 1 1 0 1 0 1 1 1 1 1 1 0 1 0 0 1 1 1 1 1 0 1 0 1 1 0 1 0 0 1 1 1 0 0 1 1 0 1 0 1 1 0 1 1 1 1 0 1 0 0 0 1 0 1 1 1 1 0 0 1 1 1 1 0 0 1 1 1 1 1 0 1 1 1 1 1 0 0 0 1 1 0 1 1 1 1 1 
0 1 1 1 0 0 1 1 1 1 1 1 1 1 1 0 1 0 1 1 1 1 1 1 0 1 0 0 1 1 1 1 1 0 1 0 1 1 1 1 0 0 1 1 1 0 0 1 1 1 0 1 1 1 1 1 1 1 1 0 1 0 0 1 1 1 1 1 1 1 0 1 1 1 1 1 0 0 1 1 1 1 1 0 1 1 1 1 1 0 0 0 1 1 0 1 1 1 1 1 
0 0 1 0 0 1 1 0 0 1 1 1 0 1 0 0 0 0 1 0 0 1 0 0 0 0 0 0 0 0 0 0 1 0 0 0 0 0 1 0 0 1 0 0 0 1 0 1 1 0 1 0 0 0 1 0 0 1 0 1 1 0 0 1 0 1 0 0 0 0 0 1 0 0 1 0 0 0 1 0 0 0 1 0 0 0 1 0 0 0 1 0 1 1 0 0 0 1 0 0 
0 1 0 1 0 0 1 0 0 0 1 1 0 1 1 0 0 0 1 1 0 1 0 0 0 1 0 0 0 1 1 1 1 0 1 0 1 1 0 0 0 1 0 0 0 0 0 1 1 1 1 0 0 0 0 0 0 0 0 0 1 0 0 0 0 1 0 1 1 0 0 0 1 0 1 0 0 0 0 1 0 1 1 0 1 1 1 1 0 0 0 0 1 1 0 1 1 1 0 1 
1 0 0 0 1 1 0 1 0 1 0 0 0 1 0 1 1 1 1 0 1 1 1 1 1 0 1 1 1 1 0 0 0 1 1 1 0 0 0 1 1 0 1 1 1 1 1 1 0 1 1 0 0 0 0 1 1 1 1 0 0 1 1 1 1 0 0 0 1 1 1 0 0 1 0 1 0 1 1 0 1 1 1 1 0 0 0 1 1 1 0 1 1 1 1 0 0 0 1 0 
0 0 1 0 0 1 1 0 0 1 1 1 0 1 0 0 0 0 1 0 0 1 0 1 1 0 0 0 0 0 0 0 1 0 0 0 0 0 1 1 1 1 0 0 0 1 0 1 1 0 1 1 0 0 0 0 0 1 0 1 1 0 0 1 1 1 0 0 1 0 0 1 0 0 1 1 0 0 1 0 0 0 1 0 0 0 1 0 1 0 1 0 1 1 0 0 0 1 1 0 
1 0 0 1 0 0 0 1 1 1 0 0 1 1 0 1 1 1 1 1 1 1 1 1 1 0 0 0 1 1 0 1 0 1 1 1 1 1 0 1 0 0 1 1 1 0 0 1 1 1 1 0 0 1 0 0 1 1 1 0 0 1 1 1 1 0 1 1 1 1 0 0 1 1 1 1 0 1 1 1 1 1 1 1 0 1 0 1 1 0 0 1 1 1 0 0 1 1 1 1 
1 1 0 1 0 0 0 1 1 0 0 0 1 1 0 0 1 0 1 1 1 0 1 1 0 0 0 0 1 1 1 1 0 1 1 1 1 1 0 1 0 0 1 1 1 0 0 1 1 1 1 0 0 1 0 1 0 1 1 0 0 1 0 0 1 0 1 1 1 1 0 0 1 1 0 1 0 1 1 1 1 1 1 1 1 1 0 1 1 0 0 1 0 1 0 0 1 1 1 1 
0 0 1 0 1 1 1 0 0 1 1 1 0 1 0 1 1 1 1 0 1 1 1 1 1 0 0 1 0 1 0 0 1 0 1 0 0 0 1 1 1 1 1 1 0 1 0 1 1 1 1 1 0 1 1 1 1 0 0 1 1 0 1 1 1 1 0 0 1 0 0 1 1 1 1 1 0 0 1 0 0 1 1 0 0 0 1 1 1 1 1 0 1 1 0 0 0 1 1 0 
1 1 0 1 0 0 0 1 1 0 0 0 1 1 1 0 1 0 1 1 1 0 1 0 0 1 0 0 1 1 1 1 0 0 1 1 1 1 0 1 0 0 1 1 1 0 0 1 0 1 1 0 0 1 0 1 1 0 0 0 0 1 0 0 1 0 1 1 1 1 0 0 1 1 0 1 0 0 0 1 1 1 1 1 1 1 0 1 1 0 0 1 0 1 0 1 1 1 1 1 
0 0 1 0 0 0 1 0 0 1 1 1 0 0 0 0 0 0 0 0 0 1 0 0 0 0 0 0 0 0 0 0 1 0 0 0 0 0 1 0 0 1 0 0 0 0 0 1 1 0 0 1 0 0 1 0 0 1 0 0 1 0 0 1 0 1 0 0 0 0 0 1 0 0 1 0 0 0 0 0 0 0 0 0 0 0 1 0 0 0 1 0 1 1 0 0 0 0 0 0 
0 1 1 0 0 0 1 0 0 0 1 1 0 1 1 0 0 0 1 1 0 1 0 0 0 0 0 0 0 1 0 1 1 0 1 0 1 0 1 0 0 1 0 0 0 0 0 1 1 1 1 1 1 0 1 0 0 1 0 1 0 0 0 0 0 1 0 1 1 0 0 1 1 0 1 0 0 0 0 1 0 0 1 0 1 0 1 1 0 0 1 0 1 1 0 1 0 1 0 0 
1 0 0 1 0 0 0 1 1 0 0 0 1 0 0 0 1 0 0 0 1 0 1 0 0 0 0 0 1 1 0 0 0 1 1 1 0 1 0 1 0 0 1 1 1 0 0 0 0 0 0 0 0 1 0 1 1 0 1 0 0 0 0 0 1 0 1 0 1 1 0 0 0 1 0 1 1 1 0 0 1 1 0 1 0 0 0 1 1 0 0 1 0 0 0 0 1 0 1 0 
0 0 0 0 1 1 0 1 0 1 0 0 0 0 0 1 1 1 0 0 0 0 1 1 1 0 1 1 0 0 0 0 0 1 0 1 0 0 0 1 1 0 1 1 1 1 1 0 0 0 0 0 0 1 0 1 0 1 0 0 0 0 0 1 1 0 0 0 0 1 1 0 0 1 0 1 0 1 1 0 1 1 0 1 0 0 0 0 1 1 0 0 0 1 1 0 0 0 1 0 
0 0 1 0 1 1 0 0 0 1 1 1 0 1 0 1 1 1 1 0 0 1 1 1 1 0 1 1 0 1 0 0 1 0 1 0 0 0 1 1 1 1 1 0 0 1 1 1 1 0 1 1 0 1 1 1 0 1 0 1 0 0 1 0 1 1 0 0 1 0 1 1 0 1 1 1 0 0 1 0 0 1 1 0 0 0 1 0 1 1 1 0 1 1 1 0 0 0 1 0 
1 0 0 1 0 0 0 1 0 1 0 0 0 1 0 1 1 1 1 0 1 1 1 1 1 0 0 0 1 1 0 0 0 1 1 1 1 0 0 1 1 0 1 1 1 1 1 1 1 1 1 0 0 1 1 1 1 1 1 0 0 1 1 1 0 0 1 1 1 1 1 0 1 1 1 1 0 1 1 0 1 1 1 1 0 0 0 1 1 1 0 1 1 1 0 0 1 1 1 0 
0 0 1 0 0 0 1 0 0 0 1 1 0 1 0 0 0 0 1 0 0 1 0 0 0 0 0 0 0 0 0 0 1 0 0 0 0 0 1 0 0 1 0 0 0 0 0 1 1 0 1 1 1 0 1 0 0 1 0 1 1 0 0 1 0 0 0 0 0 0 0 1 1 0 1 0 0 0 0 0 0 0 1 0 1 0 1 0 0 0 1 0 1 1 0 0 0 1 0 0 
1 0 0 1 0 0 0 1 1 0 0 0 1 1 0 0 1 0 1 1 1 0 1 0 0 1 0 0 1 1 1 1 0 0 1 1 1 1 0 1 0 0 1 1 1 0 0 0 0 1 1 0 0 0 0 1 1 0 1 0 0 1 0 0 1 0 0 1 1 1 0 0 0 1 0 1 0 0 0 1 1 1 1 0 0 1 0 1 0 0 0 1 0 0 0 0 1 0 1 1 
1 1 0 1 0 0 1 1 1 0 0 0 1 1 1 0 1 0 1 1 1 0 1 0 0 1 0 0 1 1 1 1 0 0 1 0 1 1 0 1 0 0 1 1 1 0 0 1 1 1 1 0 1 0 0 1 1 0 1 0 1 0 0 0 1 0 1 0 1 1 0 0 1 1 1 1 0 0 0 1 1 1 1 0 1 1 1 1 0 0 0 0 0 1 0 1 1 1 1 1 
1 1 0 1 0 0 1 1 1 0 0 0 1 1 1 0 1 0 1 1 1 1 1 1 0 1 0 0 1 1 1 1 1 0 1 1 1 1 0 1 0 0 1 1 1 0 0 1 1 1 1 0 1 1 1 1 1 1 1 0 1 1 0 1 1 0 1 1 0 1 0 0 1 1 1 1 0 0 1 1 1 1 1 1 1 1 1 1 1 0 0 1 1 1 0 1 1 1 1 1 
1 0 0 1 0 0 0 1 1 0 0 0 1 1 0 0 1 0 1 1 1 0 1 1 0 0 0 0 1 1 1 1 0 1 1 1 1 1 0 1 0 0 1 1 1 0 0 1 0 1 1 0 0 1 0 1 1 0 1 0 0 1 1 0 1 0 1 1 1 0 0 0 0 1 0 1 1 1 1 1 1 1 1 1 0 1 0 1 1 0 0 1 0 1 0 0 1 0 1 1 
0 0 0 0 1 1 0 0 0 1 0 0 0 0 0 1 0 1 0 0 0 0 0 1 1 0 1 1 0 0 0 0 0 1 0 1 0 0 0 1 1 0 1 1 1 1 1 0 0 0 0 0 0 1 0 0 0 0 0 0 0 0 1 1 1 0 0 0 0 0 0 0 0 0 0 1 0 1 1 0 0 0 0 1 0 0 0 0 1 1 0 0 0 0 1 0 0 0 0 0 
0 0 1 0 0 1 1 0 0 1 1 1 0 1 0 0 0 0 0 0 0 1 0 1 1 0 0 0 0 0 0 0 1 0 0 0 0 0 1 0 1 1 0 0 0 1 0 1 1 0 1 1 0 0 1 0 0 1 0 1 1 0 0 1 0 1 0 0 0 0 0 0 0 0 1 0 0 0 1 0 0 0 0 0 0 0 1 0 0 0 1 0 1 1 0 0 0 0 0 0 
0 1 0 1 0 0 1 0 1 0 0 0 1 1 1 0 1 0 1 1 1 1 1 0 0 1 0 0 0 1 1 1 1 0 1 0 1 1 0 1 0 0 0 0 0 0 0 1 1 1 1 0 1 0 0 1 1 1 1 0 1 0 0 0 1 1 0 1 1 0 0 0 0 1 1 1 0 0 0 1 0 1 1 0 1 1 1 1 0 0 0 0 1 1 0 1 1 1 1 1 
1 0 0 1 0 0 0 1 1 0 0 0 1 1 0 1 1 1 1 1 1 0 1 1 1 0 0 0 1 1 0 1 0 1 1 1 1 1 0 1 0 0 1 1 1 0 0 1 1 1 1 0 0 1 0 1 1 1 1 0 0 1 1 1 1 0 1 1 1 1 0 0 1 0 0 1 0 1 1 1 1 1 1 1 0 1 0 1 1 0 0 1 1 1 0 0 1 1 1 1 
0 1 1 0 0 0 1 0 0 1 1 1 0 1 1 0 1 0 1 1 0 1 1 0 0 0 0 0 0 1 0 1 1 0 1 0 1 0 1 1 0 1 0 0 0 0 0 1 1 1 1 1 1 0 1 1 0 1 0 1 1 0 0 1 1 1 0 1 1 0 0 1 1 0 0 1 0 0 0 1 0 1 1 0 1 0 1 1 0 0 1 0 1 1 0 1 0 1 1 1 
1 0 0 1 0 0 0 1 1 1 0 0 1 1 0 1 1 1 1 1 1 1 1 1 1 0 0 0 1 1 0 1 0 1 1 1 1 1 0 1 0 0 1 1 1 0 0 1 1 1 1 0 0 1 1 1 1 1 1 0 0 1 1 1 1 0 1 1 1 1 1 0 1 1 1 0 0 1 1 1 1 1 1 1 1 0 0 1 1 1 0 1 1 1 0 0 1 1 1 1 
1 0 0 0 0 0 0 1 0 0 0 0 0 0 0 0 0 0 0 0 0 0 0 0 0 0 0 0 1 0 0 0 0 1 0 1 0 0 0 0 0 0 0 1 1 0 0 0 0 0 0 0 0 0 0 0 0 0 0 0 0 1 0 0 0 0 0 0 0 1 0 0 0 0 0 0 0 1 0 0 1 0 0 1 0 0 0 0 0 0 0 1 0 0 0 0 0 0 0 0 
1 0 0 0 0 0 0 1 0 0 0 0 0 0 0 1 1 1 0 0 1 0 1 1 1 0 0 0 1 0 0 0 0 1 0 1 0 0 0 1 0 0 1 1 1 0 1 0 0 0 0 0 0 1 0 1 1 0 0 0 0 1 1 0 1 0 0 0 0 1 1 0 0 1 0 1 1 0 0 0 1 1 0 1 0 0 0 0 1 1 0 1 0 0 0 0 0 0 1 0 
0 0 1 0 1 1 0 1 0 1 0 0 0 1 0 1 1 1 1 0 1 1 1 1 1 0 1 1 0 1 0 0 0 1 1 1 0 0 1 1 1 0 1 1 1 1 1 1 1 1 1 1 0 1 1 1 1 1 0 0 0 0 1 1 1 0 0 0 1 1 1 1 0 1 0 1 0 0 0 0 1 1 1 1 0 0 0 1 1 1 1 0 1 1 1 0 0 0 1 0 
0 1 0 1 0 0 1 0 1 0 0 0 1 1 1 0 1 0 1 1 1 0 1 0 0 1 0 0 0 1 1 1 0 0 1 0 1 1 0 0 0 0 0 0 0 0 0 1 1 1 1 0 1 0 0 1 1 0 1 0 1 0 0 0 0 0 1 1 1 1 0 0 1 1 1 1 0 0 0 0 0 1 1 0 1 1 0 1 0 0 0 0 0 0 0 1 1 1 1 1 
1 0 0 1 0 0 0 1 1 0 0 0 1 1 0 0 1 0 1 0 1 0 1 1 0 0 0 0 1 1 0 0 0 1 1 1 1 1 0 1 0 0 1 1 1 0 0 0 0 1 1 0 0 1 0 1 1 0 1 0 0 1 1 0 1 0 1 1 1 1 0 0 0 1 0 1 1 1 1 0 0 1 1 1 0 0 0 1 1 0 0 1 0 1 0 0 1 0 1 1 
1 1 0 1 0 0 1 1 1 1 0 0 1 1 1 0 1 0 1 1 1 1 1 1 1 0 0 0 1 1 1 1 0 1 1 1 1 1 0 1 0 0 1 1 1 0 0 1 1 1 1 0 1 1 0 1 1 1 1 0 0 1 1 1 1 0 1 1 1 1 0 0 1 1 1 1 0 1 1 1 1 0 1 1 1 1 0 1 1 0 0 1 1 1 0 1 1 1 1 1 
0 1 0 1 0 0 1 1 1 0 1 0 1 1 1 0 1 0 1 1 1 1 1 1 0 1 0 0 1 1 1 1 1 0 1 0 1 1 0 1 0 0 1 1 1 0 0 1 1 1 1 1 1 1 1 1 1 1 1 0 1 0 0 1 1 1 1 1 1 1 0 0 1 1 1 1 0 0 1 1 1 1 0 0 1 1 1 1 1 0 0 0 1 1 0 1 1 1 1 1 
1 0 0 0 0 0 0 1 0 0 0 0 0 0 0 1 1 1 0 0 1 0 1 1 1 0 0 0 1 1 0 0 0 1 1 1 0 0 0 1 0 0 1 1 1 0 1 0 0 0 0 0 0 1 0 1 1 0 1 0 0 1 1 0 1 0 0 0 1 1 1 0 0 1 0 1 1 1 1 0 1 1 0 0 0 0 0 0 1 1 0 1 0 0 0 0 0 0 1 0 
0 1 0 1 0 0 1 0 1 0 0 0 1 1 1 0 1 0 1 1 0 1 1 0 0 1 0 0 0 1 1 1 1 0 1 0 1 1 0 0 0 0 0 0 0 0 0 1 1 1 1 0 1 0 0 0 1 0 1 0 1 0 0 0 0 1 0 1 1 0 0 0 1 0 1 1 0 0 0 1 0 1 1 0 0 1 1 1 0 0 0 0 1 1 0 1 1 1 1 1 
1 1 0 1 0 0 0 1 1 0 0 0 1 1 1 0 1 0 1 1 1 0 0 0 0 1 0 0 1 1 1 1 0 0 1 0 1 1 0 0 0 0 0 0 0 0 0 0 0 1 1 0 1 0 0 1 1 0 1 0 0 0 0 0 0 0 1 1 1 1 0 0 1 1 0 0 0 0 0 1 0 1 1 0 1 0 0 1 0 0 0 0 0 0 0 1 1 1 1 1 
0 1 1 0 0 0 1 0 0 0 1 1 0 1 1 0 0 0 1 1 0 1 0 0 0 0 0 0 0 0 0 1 1 0 1 0 1 0 1 0 0 1 0 0 0 0 0 1 1 1 1 1 1 0 1 0 0 1 0 1 1 0 0 1 0 1 0 1 1 0 0 1 1 0 1 0 0 0 0 0 0 0 1 0 1 0 0 1 0 0 1 0 1 1 0 1 0 1 0 0 
1 1 0 1 0 0 1 1 1 0 0 0 1 1 1 0 1 0 1 1 1 1 1 1 0 1 0 0 1 1 1 1 1 0 1 0 1 1 0 1 0 0 1 1 1 0 0 1 1 1 1 0 1 1 0 1 1 1 1 0 1 1 0 0 1 0 1 1 1 1 0 0 1 1 1 1 0 0 1 1 1 1 1 0 1 1 1 0 1 0 0 1 1 1 0 1 1 1 1 1 
0 0 0 1 1 1 0 1 0 1 0 0 0 1 0 1 1 1 1 0 1 1 1 1 1 0 1 1 1 1 0 0 0 1 1 1 0 0 0 1 1 0 1 1 1 1 1 1 0 1 1 0 0 1 1 1 1 1 1 0 0 1 1 1 1 0 0 0 1 1 1 0 0 1 0 1 0 1 1 0 1 1 1 1 0 0 0 1 0 1 0 1 1 1 1 0 0 0 1 0 
0 0 0 0 1 1 0 0 0 1 0 0 0 0 0 1 0 1 0 0 0 0 0 1 1 0 1 1 0 0 0 0 0 1 0 1 0 0 0 1 1 0 1 0 0 1 1 0 0 0 0 0 0 1 0 0 0 1 0 0 0 0 1 1 1 0 0 0 0 0 1 0 0 0 0 1 0 1 1 0 0 0 0 1 0 0 0 0 1 0 0 0 0 0 1 0 0 0 0 0 
0 0 1 0 0 1 1 0 0 1 1 1 0 0 0 0 0 0 0 0 0 1 0 0 0 0 0 0 0 0 0 0 1 0 0 0 0 0 1 0 1 1 0 0 0 1 0 1 1 0 0 1 0 0 1 0 0 1 0 1 1 0 0 1 0 1 0 0 0 0 0 1 0 0 1 0 0 0 1 0 0 0 0 0 0 0 1 0 0 0 0 0 1 1 0 0 0 0 0 0 
1 0 0 1 0 0 0 1 1 0 0 0 1 0 0 0 1 0 0 0 1 0 1 0 0 0 0 0 1 1 0 0 0 1 1 1 0 1 0 1 0 0 1 1 1 0 0 0 0 0 0 0 0 1 0 1 1 0 1 0 0 1 0 0 1 0 1 0 1 1 0 0 0 1 0 1 1 1 0 0 1 1 0 1 0 0 0 1 1 0 0 0 0 0 0 0 1 0 1 0 
0 0 1 0 0 1 1 0 0 1 1 1 0 1 0 0 1 1 1 1 0 1 1 1 1 0 0 0 0 1 0 0 1 0 1 0 1 0 1 1 1 1 1 0 0 1 0 1 1 1 1 1 1 1 1 1 0 1 0 1 1 0 0 1 1 1 0 0 1 0 0 1 1 1 1 1 0 0 1 0 0 1 1 0 1 0 1 1 1 0 1 0 0 1 0 0 0 1 1 0 
0 1 1 1 0 1 1 1 0 1 1 1 0 1 0 0 1 1 1 1 1 1 1 1 1 0 0 0 0 1 0 1 1 0 1 0 1 0 1 1 1 1 1 1 1 1 0 1 1 1 1 1 1 1 1 1 1 1 1 1 1 0 1 1 1 1 0 1 1 1 0 1 1 1 1 1 0 0 1 0 1 1 1 0 1 0 1 1 1 0 1 0 1 0 0 0 1 1 1 1 
0 0 0 0 1 1 0 0 0 1 0 0 0 0 0 1 0 1 0 0 0 0 0 1 1 0 1 1 0 0 0 0 0 0 0 0 0 0 0 0 1 0 0 0 0 1 1 0 0 0 0 0 0 1 0 0 0 0 0 0 0 0 1 1 0 0 0 0 0 0 1 0 0 0 0 0 0 0 1 0 0 0 0 0 0 0 0 0 1 1 0 0 0 0 0 0 0 0 0 0 
0 1 0 1 0 0 1 0 1 0 0 0 1 1 1 0 1 0 1 1 0 0 0 0 0 1 0 0 0 1 1 1 1 0 1 0 1 1 0 0 0 0 0 0 0 0 0 1 1 1 1 0 1 0 0 0 0 0 1 0 1 0 0 0 0 0 0 1 1 0 0 0 1 0 1 0 0 0 0 1 0 1 1 0 1 1 1 1 0 0 0 0 0 0 0 0 1 1 0 1 
1 1 0 1 0 0 0 1 1 0 0 0 1 1 1 0 1 0 1 1 1 0 1 0 0 1 0 0 1 1 1 1 0 0 1 0 1 1 0 1 0 0 1 1 1 0 0 1 1 1 1 0 1 0 0 1 1 0 1 0 0 1 0 0 1 0 1 1 1 1 0 0 1 1 0 1 0 0 0 1 1 1 1 0 1 1 0 1 0 0 0 1 0 1 0 1 0 1 1 1 
0 1 0 1 0 0 1 0 1 0 1 1 1 1 1 0 1 0 1 1 1 1 1 0 0 1 0 0 0 1 1 1 1 0 1 0 1 1 0 1 0 0 0 0 0 0 0 1 1 1 1 1 1 0 1 1 1 1 1 0 1 0 0 0 1 1 0 1 1 0 0 0 1 1 1 1 0 0 0 1 0 1 1 0 1 1 1 1 0 0 0 0 1 1 0 1 1 0 1 1 
1 1 0 1 0 0 1 1 1 1 0 0 1 1 0 1 1 1 1 1 1 1 1 1 1 0 0 0 1 1 1 1 0 1 1 1 1 1 0 1 0 0 1 1 1 0 0 1 1 1 1 0 0 1 1 1 1 1 1 0 0 1 1 1 1 0 1 1 1 1 0 0 1 1 1 1 0 1 1 1 1 1 1 1 1 1 0 1 1 0 0 1 1 1 0 0 1 1 0 1 
1 1 0 1 0 0 1 1 1 0 0 0 1 1 1 0 1 0 1 1 1 0 1 0 0 1 0 0 1 1 1 1 0 0 1 0 1 1 0 1 0 0 0 0 0 0 0 1 1 1 1 0 1 0 0 1 1 0 1 0 0 0 0 0 0 0 1 1 1 1 0 0 1 1 1 1 0 0 0 1 1 1 1 0 1 1 0 1 0 0 0 0 0 1 0 1 1 1 1 0 
