100 50 0.458384
1 27 74
2 15 21
3 83 8
4 74 3
5 30 23
6 79 22
7 30 6
8 27 20
9 46 85
10 28 93
11 34 17
12 66 95
13 44 8
14 1 54
15 35 95
16 41 25
17 4 76
18 39 89
19 43 33
20 74 24
21 60 34
22 90 53
23 83 22
24 88 26
25 53 15
26 46 6
27 53 80
28 4 48
29 30 18
30 67 84
31 1 91
32 17 24
33 16 43
34 54 17
35 100 63
36 61 60
37 80 11
38 89 99
39 24 2
40 38 61
41 1 61
42 71 24
43 13 48
44 10 40
45 81 36
46 14 16
47 65 10
48 51 8
49 77 66
50 3 63
51 41 31
52 35 70
53 70 78
54 61 96
55 70 54
56 45 7
57 92 71
58 86 55
59 18 98
60 79 38
61 51 55
62 45 56
63 16 20
64 26 51
65 81 14
66 10 50
67 24 25
68 25 61
69 25 100
70 1 81
71 76 9
72 74 97
73 83 34
74 19 4
75 44 65
76 71 57
77 82 10
78 48 3
79 43 18
80 50 47
81 13 58
82 7 98
83 39 56
84 86 27
85 99 17
86 86 52
87 97 56
88 16 52
89 18 10
90 79 9
91 34 70
92 6 99
93 67 11
94 88 93
95 100 52
96 100 2
97 77 51
98 11 63
99 19 93
100 34 75
0 0 0 0 0 0 0 0 1 1 0 1 0 1 1 0 1 1 1 0 0 0 0 0 0 0 1 1 0 1 1 0 1 0 0 1 0 0 0 1 1 0 1 1 0 0 0 0 0 1 1 1 1 1 1 0 0 0 1 0 1 1 0 1 0 1 1 1 1 1 0 0 0 0 1 1 0 0 0 1 1 1 1 0 0 0 0 1 0 0 1 1 0 0 0 0 0 1 1 1 
0 0 0 0 1 0 1 1 0 0 1 0 1 1 0 1 0 0 1 0 1 0 0 0 1 1 0 1 1 0 0 1 1 1 0 0 0 0 1 1 1 0 1 1 0 1 0 1 0 1 1 0 0 0 0 1 0 0 0 0 1 1 1 1 0 1 1 1 0 0 0 0 0 1 0 0 0 1 1 1 1 0 1 0 0 0 0 1 1 0 0 0 0 0 0 0 0 1 0 0 
0 0 0 1 0 1 0 0 0 0 1 0 1 0 0 1 0 0 1 1 1 1 1 1 1 1 0 0 0 0 0 0 0 1 0 0 1 0 0 0 0 1 0 0 1 0 1 1 0 0 1 0 0 0 1 1 0 1 0 1 0 0 0 0 1 0 0 0 0 0 1 0 1 0 0 0 1 1 1 0 0 0 0 1 1 1 1 0 0 1 0 0 1 0 1 1 1 0 0 0 
0 0 1 0 1 1 1 1 0 0 1 0 1 0 0 1 0 0 1 1 1 0 1 1 1 1 0 0 1 0 0 0 0 1 0 0 1 0 0 0 0 1 0 0 1 0 1 1 0 0 1 0 0 0 0 1 0 0 0 1 0 0 0 0 1 0 0 0 0 0 1 0 1 0 0 0 1 1 1 0 0 0 0 1 1 0 0 0 0 1 0 0 1 0 0 1 1 0 0 0 
0 1 0 1 0 1 1 1 0 0 1 0 1 1 0 1 0 0 1 1 1 0 0 0 1 1 0 1 1 0 0 1 1 1 0 1 0 0 1 1 1 1 1 1 0 1 1 1 0 1 1 1 0 0 0 1 0 0 0 0 1 1 1 1 0 1 1 1 0 0 1 0 0 1 1 0 0 1 1 1 1 0 1 0 0 0 0 1 1 0 1 0 1 0 0 0 0 1 0 0 
0 0 1 1 1 0 0 0 0 0 1 0 1 0 0 1 0 0 1 1 1 1 1 1 1 1 0 0 1 0 0 0 0 1 1 1 1 0 0 0 0 1 0 0 1 0 1 1 1 0 1 0 0 0 1 1 0 1 0 1 1 1 0 0 1 0 0 0 0 0 1 0 1 0 0 1 1 1 1 1 0 0 0 1 1 1 1 0 0 1 0 0 1 0 1 1 1 0 0 0 
0 1 0 1 1 0 0 1 0 0 1 0 1 0 0 1 0 0 1 1 1 0 0 0 1 1 0 1 1 0 0 1 1 1 0 0 0 0 1 0 0 1 1 1 0 1 1 1 0 0 1 0 0 0 0 1 0 0 0 0 0 0 1 1 0 1 1 0 0 0 1 0 0 1 0 0 0 1 1 1 0 0 0 0 0 0 0 1 1 1 0 0 1 0 0 0 0 0 0 0 
0 1 0 1 1 0 1 0 0 0 1 0 1 1 0 1 0 0 1 1 1 0 0 0 1 1 0 1 1 0 0 1 1 1 0 0 0 0 1 1 1 1 1 1 0 1 1 1 0 1 1 0 0 0 0 1 0 0 0 0 1 1 1 1 0 1 1 1 0 0 0 0 0 1 1 0 0 1 1 1 1 0 1 0 0 0 0 1 1 0 0 0 1 0 0 0 0 1 0 0 
1 0 0 0 0 0 0 0 0 1 0 1 0 0 1 0 1 1 0 0 0 0 0 0 0 0 1 0 0 1 1 0 0 0 0 1 0 1 0 1 0 0 1 0 0 0 0 0 1 1 0 1 1 1 1 0 1 1 1 0 1 1 0 1 0 0 0 1 1 1 0 1 0 0 1 1 0 0 0 1 1 1 1 0 0 0 0 1 0 0 1 1 0 1 0 0 1 1 1 1 
1 0 0 0 0 0 0 0 1 0 0 1 0 1 1 0 1 1 0 0 0 0 0 0 0 0 1 0 0 1 1 0 0 0 0 1 0 0 0 1 1 0 1 0 0 0 0 0 0 1 0 1 1 1 0 0 0 0 1 0 1 1 0 1 0 1 0 1 1 1 0 1 0 0 1 0 0 0 0 0 1 1 1 0 0 0 0 1 0 0 1 1 0 0 0 0 0 1 1 1 
0 1 1 1 1 1 1 1 0 0 0 0 1 1 0 1 0 0 1 1 1 0 1 0 1 1 0 1 1 0 0 1 1 1 0 0 1 0 1 1 0 1 1 1 0 1 1 1 0 0 1 0 0 0 0 1 0 0 0 1 1 1 1 1 1 1 1 1 0 0 1 0 0 1 1 0 1 1 1 1 1 0 1 0 0 0 0 1 1 1 0 0 1 0 0 0 0 0 0 0 
1 0 0 0 0 0 0 0 1 1 0 0 0 0 1 0 0 1 0 0 0 1 0 0 0 0 1 0 0 1 0 0 0 0 1 1 0 1 0 1 0 0 0 0 0 0 0 0 1 0 0 1 1 1 1 0 1 1 1 0 1 1 0 0 0 0 0 0 1 0 0 1 0 0 1 1 0 0 0 0 0 0 1 0 0 1 1 0 0 0 1 0 0 1 0 0 1 0 1 1 
0 1 1 1 1 1 1 1 0 0 1 0 0 0 0 1 0 0 1 1 1 0 1 1 1 1 0 0 1 0 0 1 1 1 0 0 1 0 1 0 0 1 0 1 1 1 1 1 0 0 1 0 0 0 0 1 0 0 0 1 1 1 1 1 1 0 1 0 0 0 1 0 1 1 0 0 1 1 1 1 0 0 1 1 0 0 0 0 1 1 0 0 1 0 0 0 0 0 0 0 
1 1 0 0 1 0 0 1 0 1 1 0 0 0 0 1 1 0 1 0 0 0 0 0 0 0 0 1 1 0 1 1 1 0 0 0 0 0 0 1 1 0 1 1 0 1 0 0 0 1 1 1 0 0 0 0 0 0 1 0 0 1 1 1 0 1 1 1 0 1 0 0 0 0 1 0 0 0 0 1 1 1 1 0 0 0 0 1 1 0 1 1 0 0 0 0 0 1 1 1 
1 0 0 0 0 0 0 0 1 1 0 1 0 0 0 0 1 1 0 0 0 0 0 0 0 0 1 0 0 1 1 0 0 0 0 1 0 0 0 1 1 0 0 0 0 0 0 0 0 1 0 1 1 1 0 0 0 0 1 0 1 1 0 1 0 0 0 1 1 1 0 1 0 0 1 0 0 0 0 0 1 1 1 0 0 0 0 1 0 0 1 1 0 0 0 0 0 1 1 1 
0 1 1 1 1 1 1 1 0 0 1 0 1 1 0 0 0 0 1 1 1 0 1 1 1 1 0 1 1 0 0 1 1 1 0 1 1 0 1 1 0 1 1 1 1 1 1 1 0 0 1 1 0 0 1 1 0 0 0 1 1 1 1 1 1 1 1 1 0 0 1 0 1 1 1 1 1 1 1 1 1 0 1 1 0 0 0 1 1 1 1 0 1 0 0 0 1 1 0 0 
1 0 0 0 0 0 0 0 1 1 0 0 0 1 1 0 0 1 0 0 0 0 0 0 0 0 1 1 0 0 1 0 1 0 0 0 0 0 0 1 1 0 1 1 0 0 0 0 0 1 0 1 0 0 0 0 0 0 1 0 0 1 0 1 0 1 0 1 1 1 0 0 0 0 1 0 0 0 0 0 1 1 1 0 0 0 0 1 0 0 1 1 0 0 0 0 0 1 1 1 
1 0 0 0 0 0 0 0 1 1 0 1 0 0 1 0 1 0 0 0 0 0 0 0 0 0 1 0 0 1 1 0 0 0 0 1 0 0 0 1 1 0 1 0 0 0 0 0 1 1 0 1 1 1 1 0 0 0 1 0 1 1 0 1 0 1 0 1 1 1 0 1 0 0 1 1 0 0 0 1 1 1 1 0 0 0 0 1 0 0 1 1 0 1 0 0 0 1 1 1 
1 1 1 1 1 1 1 1 0 0 1 0 1 1 0 1 0 0 0 1 1 0 1 1 1 1 1 1 1 0 0 1 1 1 0 1 1 0 1 1 0 1 1 1 1 1 1 1 1 1 1 1 0 0 1 1 0 1 0 1 1 1 1 1 1 1 1 1 0 0 1 0 1 1 1 1 1 1 1 1 1 0 1 1 0 1 0 1 1 1 1 0 1 0 0 0 1 1 0 1 
0 0 1 1 1 1 1 1 0 0 1 0 1 0 0 1 0 0 1 0 1 1 1 1 1 1 0 0 1 0 0 0 0 1 1 1 1 0 0 0 0 1 0 0 1 0 1 1 1 0 1 0 0 0 1 1 0 1 0 1 1 1 0 0 1 0 0 0 0 0 1 0 1 0 0 1 1 1 1 1 0 0 1 1 1 1 1 0 0 1 0 0 1 0 1 1 1 0 0 0 
0 1 1 1 1 1 1 1 0 0 1 0 1 0 0 1 0 0 1 1 0 1 1 1 1 1 1 0 1 0 0 1 1 1 1 1 1 0 1 1 0 1 1 0 1 1 1 1 1 0 1 1 1 0 1 1 1 1 0 1 1 1 1 1 1 0 1 1 0 0 1 0 1 0 1 1 1 1 1 1 0 0 1 1 1 1 1 1 1 1 1 0 1 0 1 0 1 0 0 1 
0 0 1 0 0 1 0 0 0 0 0 1 0 0 0 0 0 0 0 1 1 0 1 1 0 0 1 0 0 1 0 0 0 0 1 1 1 1 0 0 0 1 0 0 1 0 1 0 1 0 0 0 1 0 1 0 1 1 0 1 1 1 0 0 1 0 0 0 0 0 1 1 1 0 1 1 1 0 0 1 0 0 0 1 1 1 1 0 0 1 0 0 1 1 1 0 1 0 0 0 
0 0 1 1 0 1 0 0 0 0 1 0 1 0 0 1 0 0 1 1 1 1 0 1 1 1 0 0 0 0 0 0 0 1 1 1 1 0 0 0 0 1 0 0 1 0 1 1 1 0 1 0 0 0 1 1 1 1 0 1 1 0 0 0 1 0 0 0 0 0 1 0 1 0 0 1 1 1 1 1 0 0 0 1 1 1 1 0 0 1 0 0 1 0 1 1 1 0 0 0 
0 0 1 1 0 1 0 0 0 0 0 0 1 0 0 1 0 0 1 1 1 1 1 0 1 1 0 0 0 0 0 0 0 1 1 1 1 0 0 0 0 1 0 0 1 0 1 1 1 0 1 0 0 0 1 1 1 1 0 1 1 0 0 0 1 0 0 0 0 0 1 0 1 0 0 1 1 1 1 1 0 0 0 1 1 1 1 0 0 1 0 0 1 0 1 1 1 0 0 0 
0 1 1 1 1 1 1 1 0 0 1 0 1 0 0 1 0 0 1 1 1 0 1 1 0 1 0 0 1 0 0 1 1 1 0 1 1 0 1 1 0 1 0 1 1 1 1 1 0 0 1 0 0 0 1 1 0 0 0 1 1 1 1 1 1 0 1 0 0 0 1 0 1 1 0 1 1 1 1 1 0 0 1 1 1 1 0 0 1 1 0 0 1 0 0 1 1 0 0 0 
0 1 1 1 1 1 1 1 0 0 1 0 1 0 0 1 0 0 1 1 1 0 1 1 1 0 0 0 1 0 0 1 1 1 0 0 1 0 1 0 0 1 0 1 1 1 1 1 0 0 1 0 0 0 0 1 0 0 0 1 1 0 1 1 1 0 1 0 0 0 1 0 1 1 0 0 1 1 1 1 0 0 0 1 0 0 0 0 1 1 0 0 1 0 0 0 0 0 0 0 
1 0 0 0 0 0 0 0 1 1 0 1 0 0 1 0 1 1 1 0 1 1 0 0 0 0 0 0 0 1 0 0 0 0 1 1 0 1 0 1 0 0 0 0 0 0 0 0 1 0 0 1 1 1 1 0 1 1 1 1 1 1 0 1 0 0 0 1 1 0 0 1 0 0 1 1 0 0 0 1 1 1 1 0 0 1 0 1 0 0 1 0 0 1 0 0 1 1 1 1 
1 1 0 0 1 0 1 1 0 0 1 0 0 1 0 1 1 0 1 0 0 0 0 0 0 0 0 0 1 0 1 1 1 0 0 0 0 0 0 1 1 0 1 1 0 1 0 0 0 1 1 1 0 0 0 0 0 0 0 0 1 1 1 1 0 1 1 1 0 1 0 0 0 1 1 0 0 0 1 1 1 0 1 0 0 0 0 1 1 0 1 0 0 0 0 0 0 1 1 1 
0 1 0 1 1 1 1 1 0 0 1 0 1 1 0 1 0 0 1 1 1 0 0 0 1 1 0 1 0 0 0 1 1 1 0 0 0 0 1 1 0 1 1 1 0 1 1 1 0 0 1 0 0 0 0 1 0 0 0 0 1 1 1 1 0 1 1 1 0 0 1 0 0 1 1 0 0 1 1 1 1 0 1 0 0 0 0 1 1 1 0 0 1 0 0 0 0 1 0 0 
1 0 0 0 0 0 0 0 1 1 0 1 0 0 1 0 0 1 0 0 0 1 0 0 0 0 1 0 0 0 0 0 0 0 1 1 0 1 0 1 0 0 0 0 1 0 0 0 1 0 0 1 1 1 1 0 1 1 0 1 1 1 0 0 0 0 0 1 1 0 0 1 0 0 1 1 0 0 0 1 0 0 1 0 0 1 1 0 0 0 1 0 0 1 1 0 1 0 1 1 
1 0 0 0 0 0 0 0 1 1 0 0 0 1 1 0 1 1 0 0 0 0 0 0 0 0 0 1 0 0 0 0 0 0 0 0 0 0 0 1 1 0 1 0 0 0 0 0 0 1 0 1 0 0 0 0 0 0 1 0 0 0 0 1 0 1 0 1 1 1 0 0 0 0 0 0 0 0 0 0 1 1 0 0 0 0 0 1 0 0 1 1 0 0 0 0 0 1 1 1 
0 1 0 0 1 0 1 1 0 0 1 0 1 1 0 1 0 0 1 0 1 0 0 0 1 1 0 1 1 0 0 0 1 1 0 0 0 0 1 1 1 0 1 1 0 1 1 1 0 1 1 1 0 0 0 1 0 0 0 0 1 1 1 1 0 1 1 1 0 0 0 0 0 1 1 0 0 1 1 1 1 0 1 0 0 0 0 1 1 0 1 0 0 0 0 0 0 1 0 0 
1 1 0 0 1 0 1 1 0 0 1 0 1 1 0 1 1 0 1 0 1 0 0 0 1 1 0 1 1 0 0 1 0 1 0 1 0 0 1 1 1 0 1 1 0 1 0 1 0 1 1 1 0 0 0 1 0 0 0 0 1 1 1 1 0 1 1 1 0 1 0 0 0 1 1 0 0 0 1 1 1 0 1 0 0 0 0 1 1 0 1 0 0 0 0 0 0 1 0 1 
0 1 1 1 1 1 1 1 0 0 1 0 1 0 0 1 0 0 1 1 1 0 1 1 1 1 0 0 1 0 0 1 1 0 0 1 1 0 1 1 0 1 0 1 1 1 1 1 0 0 1 0 0 0 1 1 0 1 0 1 1 1 1 1 1 0 1 0 0 0 1 0 1 1 1 1 1 1 1 1 0 0 1 1 1 1 0 0 1 1 0 0 1 0 0 1 1 0 0 0 
0 0 0 0 0 1 0 0 0 0 0 1 0 0 0 0 0 0 0 1 1 1 1 1 0 0 1 0 0 1 0 0 0 0 0 1 0 1 0 0 0 1 0 0 1 0 0 0 1 0 0 0 1 0 1 0 1 1 0 1 1 0 0 0 0 0 0 0 0 0 0 1 1 0 0 1 0 0 0 0 0 0 0 1 1 1 1 0 0 0 0 0 0 1 1 0 1 0 0 0 
1 0 0 0 1 1 0 0 1 1 0 1 0 0 1 1 0 1 1 1 1 1 1 1 1 0 1 0 0 1 0 0 1 1 1 0 0 1 0 1 0 1 1 0 1 0 0 0 1 0 1 1 1 1 1 0 1 1 0 1 1 1 0 1 0 0 0 1 0 0 0 1 1 0 1 1 0 0 1 1 1 0 1 1 0 1 1 1 0 0 1 0 1 1 1 0 1 0 0 1 
0 0 1 1 0 1 0 0 0 0 1 0 1 0 0 1 0 0 1 1 1 1 1 1 1 1 0 0 0 0 0 0 0 1 0 0 0 0 0 0 0 1 0 0 1 0 1 1 0 0 1 0 0 0 1 1 0 1 0 1 0 0 0 0 1 0 0 0 0 0 1 0 1 0 0 1 1 1 1 1 0 0 0 1 1 1 1 0 0 1 0 0 1 0 1 1 1 0 0 0 
0 0 0 0 0 0 0 0 1 0 0 1 0 0 0 0 0 0 0 0 0 1 0 0 0 0 1 0 0 1 0 0 0 0 1 1 0 0 0 0 0 0 0 0 0 0 0 0 1 0 0 0 1 1 1 0 1 1 0 0 0 0 0 0 0 0 0 0 0 0 0 1 0 0 0 1 0 0 0 0 0 0 0 0 0 1 1 0 0 0 0 0 0 1 1 0 1 0 0 0 
0 1 0 0 1 0 1 1 0 0 1 0 1 0 0 1 0 0 1 0 1 0 0 0 1 1 0 0 1 0 0 1 1 1 0 0 0 0 0 0 0 0 1 1 0 1 1 1 0 0 1 0 0 0 0 1 0 0 0 0 0 0 1 1 0 1 1 0 0 0 0 0 0 1 0 0 0 1 1 0 0 0 0 0 0 0 0 0 1 0 0 0 1 0 0 0 0 0 0 0 
1 1 0 0 1 0 0 1 1 1 1 1 0 1 1 1 1 1 1 0 1 0 0 0 1 0 1 1 1 1 1 1 1 1 0 1 0 0 0 0 1 1 1 1 1 0 0 0 1 1 1 1 1 1 1 0 0 1 1 1 1 1 1 1 0 1 1 1 1 1 0 0 0 0 1 1 0 0 1 1 1 1 1 0 0 1 0 1 0 0 1 1 0 0 0 0 1 1 1 1 
1 1 0 0 1 0 0 1 0 1 0 0 0 1 1 0 1 1 0 0 0 0 0 0 0 0 0 1 0 0 1 1 1 0 0 0 0 0 0 1 0 0 1 1 0 1 0 0 0 1 1 1 0 0 0 0 0 0 1 0 0 1 1 1 0 1 1 1 1 1 0 0 0 0 1 0 0 0 0 0 1 1 1 0 0 0 0 1 0 0 1 1 0 0 0 0 0 1 1 1 
0 0 1 1 1 1 1 1 0 0 1 0 1 0 0 1 0 0 1 1 1 1 1 1 1 1 0 0 1 0 0 0 0 1 1 1 1 0 0 1 0 0 0 0 1 0 1 1 1 0 1 0 0 0 1 1 0 1 0 1 1 1 0 0 1 0 1 0 0 0 1 0 1 0 1 1 1 1 1 1 0 0 1 1 1 1 1 0 0 1 0 0 1 0 1 1 1 0 0 0 
1 1 0 0 1 0 1 1 1 1 1 0 0 1 0 1 1 1 1 0 1 0 0 0 0 0 0 1 1 0 1 1 1 0 0 1 0 0 1 1 1 0 0 1 0 1 0 0 0 1 1 1 0 0 0 0 0 0 0 0 1 1 1 1 0 1 1 1 0 1 0 0 0 1 1 0 0 0 1 1 1 0 1 0 0 0 0 1 1 0 1 0 0 0 0 0 0 1 1 1 
1 1 0 0 1 0 1 1 0 0 1 0 1 1 0 1 1 0 1 0 0 0 0 0 1 1 0 1 1 0 0 1 1 1 0 0 0 0 1 1 1 0 1 0 0 1 0 0 0 1 1 1 0 0 0 1 0 0 0 0 1 1 1 1 0 1 1 1 0 1 0 0 0 1 1 0 0 0 1 1 1 0 1 0 0 0 0 1 1 0 1 0 0 0 0 0 0 1 0 1 
0 0 1 1 0 1 0 0 0 0 0 0 1 0 0 1 0 0 1 1 1 1 1 1 1 1 0 0 0 1 0 0 0 1 1 1 1 0 0 1 0 1 0 0 0 0 1 1 1 0 1 0 1 0 1 1 1 1 0 1 1 1 0 0 1 0 0 0 0 0 1 0 1 0 1 1 1 1 1 1 0 0 1 1 1 1 1 0 0 1 0 0 1 0 1 1 1 0 0 0 
0 1 0 0 1 0 1 1 0 0 1 0 1 1 0 1 0 0 1 0 1 0 0 0 1 1 0 1 1 0 0 1 1 1 0 0 0 0 1 0 1 0 1 1 0 0 0 1 0 1 1 0 0 0 0 1 0 0 0 0 0 0 1 1 0 1 1 1 0 0 0 0 0 1 0 0 0 1 1 1 1 0 1 0 0 0 0 1 1 0 0 0 0 0 0 0 0 1 0 0 
0 0 1 1 1 1 1 1 0 0 1 0 1 0 0 1 0 0 1 1 1 1 1 1 1 1 0 0 1 0 0 1 0 1 0 0 1 0 1 0 0 1 0 0 1 0 0 1 0 0 1 0 0 0 1 1 0 1 0 1 1 0 0 0 1 0 1 0 0 0 1 0 1 1 0 1 1 1 1 1 0 0 0 1 1 1 0 0 1 1 0 0 1 0 0 1 1 0 0 0 
0 1 1 1 1 1 1 1 0 0 1 0 1 0 0 1 0 0 1 1 1 0 1 1 1 1 0 0 1 0 0 1 1 1 0 0 1 0 1 0 0 1 0 0 1 1 1 0 0 0 1 0 0 0 1 1 0 0 0 1 1 1 1 1 1 0 1 0 0 0 1 0 1 1 0 0 1 1 1 1 0 0 1 1 1 0 0 0 1 1 0 0 1 0 0 1 0 0 0 0 
0 0 0 0 0 1 0 0 1 0 0 1 0 0 0 0 0 1 1 1 1 1 1 1 0 0 1 0 0 1 0 0 0 0 1 1 0 1 0 1 0 1 0 0 1 0 0 0 0 0 0 1 1 1 1 0 1 1 0 1 1 1 0 0 0 0 0 0 0 0 0 1 1 0 1 1 0 0 0 1 0 0 1 1 0 1 1 0 0 0 1 0 0 1 1 0 1 0 0 1 
1 1 0 0 1 0 0 1 1 1 0 0 0 1 1 0 1 1 1 0 0 0 0 0 0 0 0 1 0 0 1 1 1 0 0 0 0 0 0 1 1 0 1 1 0 1 0 0 0 0 1 1 0 0 0 0 0 0 1 0 1 1 1 1 0 1 1 1 1 1 0 0 0 0 1 0 0 0 0 1 1 1 1 0 0 0 0 1 0 0 1 1 0 0 0 0 0 1 1 1 
1 1 1 1 1 1 1 1 0 0 1 0 1 1 0 1 0 0 1 1 1 0 1 1 1 1 0 1 1 0 0 1 1 1 0 1 1 0 1 1 1 1 1 1 1 1 1 1 0 1 0 1 0 0 1 1 0 0 0 1 1 1 1 1 1 1 1 1 0 0 1 0 1 1 1 1 1 1 1 1 1 0 1 1 0 1 0 1 1 1 1 0 1 0 0 0 1 1 0 1 
1 0 0 0 1 0 0 0 1 1 0 1 0 1 1 1 1 1 1 0 1 0 0 0 0 0 1 1 0 1 1 1 1 0 0 1 0 0 0 1 1 0 1 1 0 0 0 0 1 1 1 0 1 1 1 0 0 0 1 0 1 1 0 1 0 1 1 1 1 1 0 1 0 0 1 1 0 0 0 1 1 1 1 0 0 0 0 1 0 0 1 1 0 0 0 0 1 1 1 1 
1 0 0 0 0 0 0 0 1 1 0 1 0 0 1 0 0 1 0 0 1 1 0 0 0 0 1 0 0 1 0 0 0 0 1 1 0 1 0 1 0 0 0 0 1 0 0 0 1 0 0 1 0 1 1 0 1 1 0 1 1 1 0 0 0 0 0 1 0 0 0 1 1 0 1 1 0 0 0 1 0 0 1 0 0 1 1 0 0 0 1 0 0 1 1 0 1 0 0 1 
1 0 0 0 0 0 0 0 1 1 0 1 0 0 1 0 0 1 0 0 0 0 0 0 0 0 1 0 0 1 0 0 0 0 0 1 0 1 0 1 0 0 0 0 0 0 0 0 1 0 0 1 1 0 1 0 1 1 1 0 1 1 0 0 0 0 0 0 1 0 0 1 0 0 1 1 0 0 0 0 0 0 1 0 0 0 0 0 0 0 1 0 0 1 0 0 1 0 1 1 
1 0 1 0 0 1 0 0 1 0 0 1 0 0 0 1 0 1 1 1 1 1 1 1 1 0 1 0 0 1 0 0 0 1 1 1 1 1 0 1 0 1 0 0 1 0 1 1 1 0 1 1 1 1 0 0 1 1 0 1 1 1 0 1 1 0 0 1 0 0 1 1 1 0 1 1 1 0 1 1 0 0 1 1 1 1 1 0 0 1 1 0 1 1 1 0 1 0 0 1 
0 1 1 1 1 1 1 1 0 0 1 0 1 0 0 1 0 0 1 1 1 0 1 1 1 1 0 0 1 0 0 1 1 1 0 0 1 0 1 0 0 1 0 1 1 1 1 1 0 0 1 0 0 0 0 0 0 0 0 1 1 1 1 1 1 0 1 0 0 0 1 0 1 1 0 0 1 1 1 1 0 0 1 1 0 0 0 0 1 1 0 0 1 0 0 0 0 0 0 0 
0 0 0 0 0 0 0 0 1 0 0 1 0 0 0 0 0 0 0 0 1 1 1 1 0 0 1 0 0 1 0 0 0 0 1 1 0 1 0 0 0 0 0 0 1 0 0 0 1 0 0 0 1 1 1 0 0 1 0 1 1 1 0 0 0 0 0 0 0 0 0 1 1 0 1 1 0 0 0 1 0 0 0 1 0 1 1 0 0 0 0 0 0 1 1 0 1 0 0 0 
0 0 1 0 0 1 0 0 1 0 0 1 0 0 0 0 0 0 1 1 1 1 1 1 0 0 1 0 0 1 0 0 0 1 1 1 1 1 0 1 0 1 0 0 1 0 1 0 1 0 0 0 1 1 1 0 1 0 0 1 1 1 0 0 1 0 0 0 0 0 1 1 1 0 1 1 1 0 0 1 0 0 1 1 1 1 1 0 0 1 0 0 1 1 1 0 1 0 0 0 
1 0 0 0 0 0 0 0 1 1 0 1 0 1 1 0 1 1 0 0 0 0 0 0 0 0 1 0 0 0 1 0 0 0 0 0 0 0 0 1 1 0 0 0 0 0 0 0 0 1 0 1 0 1 0 0 0 0 0 0 0 1 0 1 0 1 0 1 1 1 0 0 0 0 1 0 0 0 0 0 1 1 1 0 0 0 0 1 0 0 1 1 0 0 0 0 0 1 1 1 
0 0 1 1 0 1 0 0 0 0 1 0 1 0 0 1 0 0 1 1 1 1 1 1 1 1 1 0 0 1 0 0 0 1 1 1 1 0 0 1 0 1 0 0 1 0 1 1 1 0 1 0 1 0 1 1 1 1 0 0 1 1 0 0 1 0 0 0 0 0 1 0 1 0 1 1 1 1 1 1 0 0 1 1 1 1 1 0 0 1 0 0 1 0 1 1 1 0 0 0 
1 1 0 0 1 1 0 1 1 1 1 1 1 0 1 1 0 1 1 1 1 1 1 1 1 1 1 1 1 1 0 1 1 1 1 1 0 0 0 1 0 1 1 1 1 0 1 1 1 1 1 1 1 1 1 1 1 1 0 1 0 1 1 1 0 1 1 1 0 0 0 1 1 0 1 1 0 0 1 1 1 0 1 1 0 1 1 1 0 0 1 0 1 0 1 0 1 1 1 1 
1 1 0 0 1 1 0 1 1 1 1 1 1 1 1 1 1 1 1 1 1 1 0 0 1 0 1 1 1 1 0 1 1 1 0 1 0 0 0 1 1 1 1 1 1 0 0 1 1 1 1 1 1 1 1 1 1 1 1 1 1 0 1 1 0 1 1 1 1 0 0 0 1 0 1 1 0 0 1 1 1 0 1 0 0 1 0 1 0 0 1 0 0 0 0 0 1 1 1 1 
0 1 0 0 1 0 1 1 0 0 1 0 1 1 0 1 0 0 1 0 1 0 0 0 1 1 0 1 1 0 0 1 1 1 0 0 0 0 1 1 1 0 1 1 0 1 0 1 0 1 1 0 0 0 0 1 0 0 0 0 1 1 0 1 0 1 1 1 0 0 0 0 0 1 0 0 0 1 1 1 1 0 1 0 0 0 0 1 1 0 0 0 0 0 0 0 0 1 0 0 
1 1 0 0 1 0 1 1 1 1 1 0 1 1 1 1 1 1 1 0 1 0 0 0 1 1 1 1 1 0 1 1 1 1 0 1 0 0 1 1 1 0 1 1 0 1 0 1 0 1 1 1 0 0 1 1 0 0 1 0 1 1 1 0 0 1 1 1 1 1 0 0 0 1 1 1 0 0 1 1 1 0 1 0 0 0 0 1 1 0 1 0 0 0 0 0 0 1 1 1 
0 0 1 1 0 1 0 0 0 0 1 0 1 0 0 1 0 0 1 1 1 1 1 1 1 1 0 0 0 0 0 0 0 1 0 0 1 0 0 0 0 1 0 0 1 0 1 1 0 0 1 0 0 0 1 1 0 1 0 1 0 0 0 0 0 0 0 0 0 0 1 0 1 0 0 1 1 1 1 1 0 0 0 1 1 1 1 0 0 1 0 0 1 0 1 1 1 0 0 0 
1 1 0 0 1 0 1 1 0 1 1 0 0 1 0 1 1 1 1 0 0 0 0 0 0 0 0 1 1 0 1 1 1 0 0 0 0 0 1 1 1 0 1 1 0 1 0 0 0 1 1 1 0 0 0 0 0 0 1 0 1 1 1 1 0 0 1 1 0 1 0 0 0 1 1 0 0 0 1 1 1 1 1 0 0 0 0 1 1 0 1 1 0 0 0 0 0 1 1 1 
1 1 0 0 1 0 1 1 0 0 1 0 1 1 0 1 0 0 1 0 1 0 0 0 1 1 0 1 1 0 0 1 1 1 0 0 0 0 1 1 1 1 1 1 0 1 1 1 0 1 1 1 0 0 0 1 0 0 0 0 1 1 1 1 0 1 0 1 0 0 0 0 0 1 1 0 0 1 1 1 1 0 1 0 0 0 0 1 1 0 1 0 1 0 0 0 0 1 0 0 
1 1 0 0 1 0 0 1 1 1 1 0 0 1 1 1 1 1 1 0 1 0 0 0 0 0 1 1 1 1 1 1 1 0 0 1 0 0 0 1 1 0 1 1 0 1 0 0 0 1 1 1 1 0 1 0 0 0 1 0 1 1 1 1 0 1 1 0 1 1 0 0 0 0 1 1 0 0 1 1 1 1 1 0 0 0 0 1 0 0 1 1 0 0 0 0 0 1 1 1 
1 0 0 0 0 0 0 0 1 1 0 1 0 0 1 0 1 1 0 0 0 0 0 0 0 0 1 0 0 1 1 0 0 0 0 0 0 0 0 1 1 0 0 0 0 0 0 0 0 1 0 1 0 1 0 0 0 0 1 0 0 1 0 1 0 0 0 1 0 1 0 1 0 0 1 0 0 0 0 0 1 1 1 0 0 0 0 1 0 0 1 1 0 0 0 0 0 1 1 1 
1 0 0 0 0 0 0 0 1 1 0 0 0 1 1 0 1 1 0 0 0 0 0 0 0 0 0 1 0 0 1 0 1 0 0 0 0 0 0 1 1 0 1 1 0 0 0 0 0 1 0 1 0 0 0 0 0 0 1 0 0 0 0 1 0 1 0 1 1 0 0 0 0 0 1 0 0 0 0 0 1 1 1 0 0 0 0 1 0 0 1 1 0 0 0 0 0 1 1 1 
0 0 1 1 1 1 1 0 0 0 1 0 1 0 0 1 0 0 1 1 1 1 1 1 1 1 0 0 1 0 0 0 0 1 0 0 1 0 0 0 0 1 0 0 1 0 1 1 0 0 1 0 0 0 1 1 0 1 0 1 0 0 0 0 1 0 0 0 0 0 0 0 1 0 0 1 1 1 1 1 0 0 0 1 1 1 0 0 0 1 0 0 1 0 1 1 1 0 0 0 
0 0 0 0 0 0 0 0 1 1 0 1 0 0 1 0 0 1 0 0 0 1 0 0 0 0 1 0 0 1 0 0 0 0 1 1 0 1 0 0 0 0 0 0 0 0 0 0 1 0 0 1 1 1 1 0 1 1 0 0 1 0 0 0 0 0 0 0 1 0 0 0 0 0 1 1 0 0 0 0 0 0 0 0 0 1 1 0 0 0 1 0 0 1 0 0 1 0 0 1 
0 0 1 1 0 1 0 0 0 0 0 0 1 0 0 1 0 0 1 1 1 1 1 1 1 1 0 0 0 0 0 0 0 1 1 1 1 0 0 0 0 1 0 0 1 0 1 1 1 0 1 0 1 0 1 1 1 1 0 1 1 1 0 0 1 0 0 0 0 0 1 0 0 0 1 1 1 1 1 1 0 0 1 1 1 1 1 0 0 1 0 0 1 0 1 1 1 0 0 0 
0 1 0 0 1 0 1 1 0 0 1 0 1 0 0 1 0 0 1 0 0 0 0 0 1 1 0 1 1 0 0 1 1 1 0 0 0 0 1 0 0 0 1 1 0 1 1 1 0 0 1 0 0 0 0 1 0 0 0 0 0 0 1 1 0 1 1 0 0 0 0 0 0 0 0 0 0 1 1 0 0 0 0 0 0 0 0 1 1 0 0 0 1 0 0 0 0 0 0 0 
1 0 0 0 1 0 0 1 1 1 1 1 0 1 1 1 1 1 1 0 1 1 0 0 0 0 1 1 1 1 0 1 1 1 0 1 0 0 0 1 1 1 1 1 1 0 0 0 1 1 1 1 1 1 1 0 1 1 1 1 1 1 0 1 0 1 1 1 1 1 0 1 1 0 0 1 0 0 1 1 1 1 1 0 0 1 0 1 0 0 1 0 0 0 0 0 1 1 1 1 
1 0 0 0 0 1 0 0 1 0 0 1 0 0 0 1 0 1 1 1 1 1 1 1 1 0 1 0 0 1 0 0 0 1 1 1 1 1 0 1 0 1 0 0 1 0 1 0 1 0 1 1 1 1 1 0 1 1 0 1 1 1 0 1 1 0 0 1 0 0 1 1 1 0 1 0 1 0 1 1 0 0 1 1 1 1 1 0 0 1 1 0 1 1 1 0 1 0 0 1 
0 0 1 1 0 1 0 0 0 0 1 0 1 0 0 1 0 0 1 1 1 1 1 1 1 1 0 0 0 0 0 0 0 1 0 0 1 0 0 0 0 1 0 0 1 0 1 1 0 0 1 0 0 0 1 1 0 1 0 1 0 0 0 0 1 0 0 0 0 0 1 0 1 0 0 1 0 1 1 1 0 0 0 1 1 1 1 0 0 1 0 0 1 0 1 1 1 0 0 0 
0 1 1 1 1 1 1 1 0 0 1 0 1 0 0 1 0 0 1 1 1 0 1 1 1 1 0 0 1 0 0 1 0 1 0 0 1 0 1 0 0 1 0 0 1 1 1 1 0 0 1 0 0 0 0 1 0 0 0 1 0 0 1 0 1 0 1 0 0 0 1 0 1 1 0 0 1 0 1 1 0 0 0 1 0 0 0 0 1 1 0 0 1 0 0 0 0 0 0 0 
0 1 1 1 1 1 1 1 0 0 1 0 1 0 0 1 0 0 1 1 1 0 1 1 1 1 0 1 1 0 0 1 1 1 0 1 1 0 1 1 0 1 1 1 1 1 1 1 0 0 1 0 0 0 1 1 0 0 0 1 1 1 1 1 1 1 1 1 0 0 1 0 1 1 1 1 1 1 0 1 1 0 1 1 0 0 0 1 1 1 0 0 1 0 0 0 1 0 0 0 
1 1 0 0 1 1 1 1 1 0 1 0 1 1 0 1 0 1 1 1 1 1 1 1 1 1 1 1 1 1 0 1 1 1 0 1 1 0 0 1 0 1 1 1 1 1 1 1 1 1 1 1 1 0 1 1 1 1 0 1 1 1 1 1 1 1 1 1 0 0 1 0 1 0 1 1 1 1 1 0 1 0 1 1 0 1 1 1 1 1 1 0 1 0 0 0 1 1 0 1 
1 1 0 0 1 0 0 1 1 1 1 0 0 1 1 1 1 1 1 0 0 0 0 0 0 0 1 1 1 0 1 1 1 0 0 1 0 0 0 1 1 0 1 1 0 1 0 0 0 1 1 1 0 0 0 0 0 0 1 0 1 1 1 1 0 1 1 1 1 1 0 0 0 0 1 0 0 0 1 1 0 1 1 0 0 0 0 1 1 0 1 1 0 0 0 0 0 1 1 1 
1 0 0 0 0 0 0 0 1 1 0 0 0 1 1 0 1 1 0 0 0 0 0 0 0 0 1 0 0 0 1 0 0 0 0 0 0 0 0 1 1 0 0 0 0 0 0 0 0 1 0 1 0 0 0 0 0 0 1 0 0 0 0 0 0 1 0 1 1 1 0 0 0 0 1 0 0 0 0 0 1 0 0 0 0 0 0 1 0 0 1 1 0 0 0 0 0 1 1 1 
1 1 0 0 1 0 0 1 1 1 1 1 1 1 1 1 1 1 1 1 1 0 0 0 1 0 1 1 1 1 0 1 1 1 0 1 0 0 0 1 1 1 1 1 1 1 0 1 1 1 1 1 1 1 1 1 0 1 1 1 1 1 1 1 0 1 1 1 1 1 0 0 1 0 1 1 0 0 1 1 1 0 0 0 0 1 0 1 0 0 1 0 0 0 0 0 1 1 1 1 
0 0 1 1 0 1 0 0 0 0 0 0 1 0 0 1 0 0 1 1 1 1 1 1 1 1 0 0 0 0 0 0 0 1 1 1 1 0 0 0 0 1 0 0 1 0 1 1 1 0 1 0 0 0 1 1 1 1 0 1 1 0 0 0 1 0 0 0 0 0 1 0 1 0 0 1 1 1 1 1 0 0 0 0 1 1 1 0 0 1 0 0 1 0 1 1 1 0 0 0 
0 0 1 1 0 1 0 0 0 0 0 0 0 0 0 0 0 0 0 1 1 1 1 1 1 0 0 0 0 0 0 0 0 1 1 0 1 0 0 0 0 1 0 0 1 0 1 1 0 0 0 0 0 0 1 0 0 1 0 1 0 0 0 0 1 0 0 0 0 0 1 0 1 0 0 1 1 0 0 0 0 0 0 1 0 1 1 0 0 1 0 0 1 0 1 1 1 0 0 0 
0 0 1 0 0 1 0 0 0 0 0 1 0 0 0 0 0 0 1 1 1 1 1 1 1 0 1 0 0 1 0 0 0 1 1 1 1 1 0 1 0 1 0 0 1 0 1 0 1 0 1 0 1 0 1 0 1 1 0 1 1 1 0 0 1 0 0 0 0 0 1 1 1 0 1 1 1 0 0 1 0 0 1 1 1 0 1 0 0 1 0 0 1 1 1 0 1 0 0 0 
0 0 1 0 0 1 0 0 0 0 0 1 0 0 0 0 0 0 0 1 1 1 1 1 0 0 0 0 0 1 0 0 0 0 1 1 1 1 0 0 0 1 0 0 1 0 0 0 1 0 0 0 1 0 1 0 1 1 0 1 1 0 0 0 1 0 0 0 0 0 0 1 1 0 0 1 1 0 0 1 0 0 0 1 1 1 0 0 0 0 0 0 0 1 1 0 1 0 0 0 
1 1 0 0 1 0 1 1 1 1 1 0 0 1 1 1 1 1 1 0 1 0 0 0 0 0 1 1 1 0 1 1 1 0 0 1 0 0 0 1 1 0 1 1 0 1 0 0 0 1 1 1 0 0 0 0 0 0 1 0 1 1 1 1 0 1 1 1 1 1 0 0 0 1 1 0 0 0 1 1 1 1 1 0 0 0 0 0 1 0 1 1 0 0 0 0 0 1 1 1 
0 1 0 0 1 0 1 1 0 0 1 0 1 1 0 1 0 0 1 0 1 0 0 0 1 1 0 1 1 0 0 1 1 1 0 0 0 0 1 0 0 0 1 1 0 1 1 1 0 0 1 0 0 0 0 1 0 0 0 0 0 0 1 1 0 1 1 0 0 0 0 0 0 1 0 0 0 1 1 1 1 0 0 0 0 0 0 1 0 0 0 0 1 0 0 0 0 0 0 0 
0 0 1 1 0 1 1 0 0 0 1 0 1 0 0 1 0 0 1 1 1 1 1 1 1 1 0 0 1 0 0 0 0 1 0 0 1 0 0 0 0 1 0 0 1 0 1 1 0 0 1 0 0 0 1 1 0 1 0 1 0 0 0 0 1 0 0 0 0 0 1 0 1 0 0 1 1 1 1 1 0 0 0 1 1 1 0 0 0 0 0 0 1 0 1 1 1 0 0 0 
1 0 0 0 1 0 0 0 1 1 0 1 0 1 1 1 1 1 1 0 1 0 0 0 0 0 1 1 0 1 1 1 1 0 0 1 0 0 0 1 1 0 1 1 0 0 0 0 1 1 1 1 1 1 1 0 0 0 1 0 1 1 0 1 0 1 1 1 1 1 0 1 0 0 1 1 0 0 0 1 1 1 1 0 0 0 0 1 0 0 0 1 0 0 0 0 1 1 1 1 
1 0 0 0 0 0 0 0 1 1 0 0 0 1 1 0 1 1 0 0 0 0 0 0 0 0 0 0 0 0 1 0 0 0 0 0 0 0 0 1 1 0 0 0 0 0 0 0 0 1 0 1 0 0 0 0 0 0 1 0 0 0 0 0 0 1 0 1 1 1 0 0 0 0 0 0 0 0 0 0 1 1 0 0 0 0 0 1 0 0 1 0 0 0 0 0 0 1 1 1 
0 0 1 1 1 1 1 1 0 0 1 0 1 0 0 1 0 0 1 1 1 1 1 1 1 1 0 0 1 0 0 0 0 1 0 1 1 0 1 0 0 1 0 0 1 0 1 1 0 0 1 0 0 0 1 1 0 1 0 1 1 0 0 0 1 0 1 0 0 0 1 0 1 1 0 1 1 1 1 1 0 0 0 1 1 1 0 0 1 1 0 0 0 0 0 1 1 0 0 0 
0 0 0 0 0 0 0 0 1 0 0 1 0 0 0 0 0 1 0 0 0 1 0 0 0 0 1 0 0 1 0 0 0 0 1 1 0 1 0 0 0 0 0 0 0 0 0 0 1 0 0 0 1 1 1 0 1 1 0 0 0 0 0 0 0 0 0 0 0 0 0 1 0 0 0 1 0 0 0 0 0 0 0 0 0 1 1 0 0 0 0 0 0 0 1 0 1 0 0 0 
0 0 1 0 0 1 0 0 0 0 0 0 0 0 0 0 0 0 0 1 1 1 1 1 0 0 0 0 0 1 0 0 0 0 1 1 1 1 0 0 0 1 0 0 1 0 0 0 1 0 0 0 1 0 1 0 1 1 0 1 1 0 0 0 1 0 0 0 0 0 1 0 1 0 0 1 1 0 0 0 0 0 0 1 1 1 1 0 0 1 0 0 0 1 0 1 1 0 0 0 
0 0 1 1 0 1 0 0 0 0 0 0 0 0 0 0 0 0 0 1 0 0 1 1 1 0 0 0 0 0 0 0 0 1 0 0 1 0 0 0 0 1 0 0 1 0 1 1 0 0 0 0 0 0 0 0 0 0 0 1 0 0 0 0 1 0 0 0 0 0 1 0 1 0 0 0 1 0 0 0 0 0 0 1 1 0 0 0 0 1 0 0 1 0 1 0 0 0 0 0 
0 0 1 1 0 1 0 0 1 0 0 1 0 0 0 1 0 0 1 1 1 1 1 1 1 0 1 0 0 1 0 0 0 1 1 1 1 1 0 1 0 1 0 0 1 0 1 0 1 0 1 1 1 1 1 0 1 1 0 1 1 1 0 0 1 0 0 0 0 0 1 1 1 0 1 1 1 0 1 1 0 0 1 1 1 1 1 0 0 1 1 0 1 1 1 0 0 0 0 1 
1 1 0 0 1 0 0 1 1 1 0 0 0 1 1 1 1 1 1 0 0 0 0 0 0 0 1 1 1 0 1 1 1 0 0 0 0 0 0 1 1 0 1 1 0 1 0 0 0 1 1 1 0 0 0 0 0 0 1 0 1 1 1 1 0 1 1 1 1 1 0 0 0 0 1 0 0 0 0 1 1 1 1 0 0 0 0 1 0 0 1 1 0 0 0 0 0 0 1 1 
1 0 0 0 0 0 0 0 1 1 0 1 0 1 1 0 1 1 0 0 0 0 0 0 0 0 1 1 0 1 1 0 0 0 0 0 0 0 0 1 1 0 1 0 0 0 0 0 0 1 0 1 0 1 0 0 0 0 1 0 1 1 0 1 0 1 0 1 1 1 0 0 0 0 1 0 0 0 0 0 1 1 1 0 0 0 0 1 0 0 1 1 0 0 0 0 0 1 0 1 
1 0 0 0 0 0 0 0 1 1 0 1 0 1 1 0 1 1 1 0 1 0 0 0 0 0 1 1 0 1 1 0 1 0 0 1 0 0 0 1 1 0 1 1 0 0 0 0 1 1 1 1 1 1 1 0 0 0 1 0 1 1 0 1 0 1 0 1 1 1 0 1 0 0 1 1 0 0 0 1 1 1 1 0 0 0 0 1 0 0 1 1 0 0 0 0 1 1 1 0 
