100 50 0.459596
1 14 95
2 70 68
3 78 1
4 72 5
5 86 73
6 29 55
7 65 23
8 8 37
9 19 97
10 83 46
11 9 18
12 80 15
13 50 31
14 100 21
15 14 31
16 91 2
17 67 39
18 24 90
19 43 62
20 66 32
21 70 83
22 27 86
23 45 89
24 68 1
25 89 58
26 82 24
27 75 43
28 91 71
29 4 87
30 3 31
31 96 54
32 25 17
33 45 79
34 81 29
35 85 58
36 12 8
37 48 15
38 18 43
39 19 95
40 38 61
41 11 64
42 46 58
43 46 42
44 41 10
45 71 61
46 95 45
47 97 8
48 36 80
49 54 85
50 95 12
51 50 44
52 90 75
53 54 80
54 20 44
55 96 36
56 77 17
57 70 5
58 90 82
59 27 98
60 90 56
61 6 43
62 50 72
63 78 28
64 48 91
65 94 69
66 98 35
67 60 92
68 51 32
69 55 3
70 3 48
71 41 81
72 65 31
73 42 63
74 30 15
75 92 87
76 29 79
77 81 59
78 2 19
79 76 62
80 23 67
81 93 76
82 80 72
83 32 80
84 41 51
85 82 55
86 14 23
87 1 46
88 18 25
89 9 2
90 20 45
91 100 63
92 49 16
93 87 35
94 22 100
95 33 29
96 90 20
97 4 74
98 47 73
99 37 58
100 98 16
0 0 0 0 0 1 0 0 1 0 0 0 0 0 0 0 0 1 1 0 0 1 1 0 0 0 0 0 1 0 0 0 1 0 0 0 0 0 1 1 1 1 0 0 0 0 0 1 1 0 0 0 1 0 0 0 0 0 1 0 0 1 0 1 0 0 1 0 0 1 1 0 1 0 0 1 0 0 0 1 0 0 1 0 0 0 0 0 0 0 0 0 0 1 0 0 1 1 1 0 
0 0 0 0 1 1 1 0 0 1 0 0 1 0 0 0 1 0 1 1 1 1 1 0 1 1 1 1 0 0 1 0 1 1 1 0 0 0 0 1 0 1 1 0 1 1 0 1 1 0 1 1 1 0 1 0 0 1 0 1 0 1 1 1 1 1 1 1 0 0 1 1 1 0 1 1 1 0 1 1 1 1 1 1 1 0 0 0 0 0 1 0 1 0 0 0 0 1 1 0 
0 0 0 1 0 0 1 0 0 1 0 1 1 1 0 1 1 0 0 1 0 0 0 1 0 1 1 0 0 0 0 0 0 1 0 0 1 0 0 0 0 0 0 1 0 1 1 0 0 1 0 0 0 0 1 1 1 0 0 0 0 0 1 0 0 1 0 1 1 0 0 1 0 1 0 0 0 0 0 0 0 0 0 0 0 0 0 0 0 0 0 1 1 0 0 1 0 0 0 1 
0 0 1 0 0 0 1 0 0 1 0 1 1 1 0 1 1 0 0 1 0 0 0 1 0 1 1 0 0 0 0 1 0 1 0 0 1 0 0 0 0 0 1 1 0 1 1 0 0 1 1 0 0 0 1 1 1 0 0 0 0 0 1 0 0 1 0 1 1 0 0 1 0 1 0 0 0 0 0 0 0 0 0 0 0 0 0 0 0 0 0 1 1 0 1 1 0 0 0 1 
0 1 0 0 0 0 0 0 0 1 0 0 0 0 0 0 1 0 1 1 1 0 1 0 1 1 1 1 0 0 1 0 1 1 1 0 0 0 0 1 0 1 0 0 1 1 0 0 1 0 1 1 1 0 1 0 0 1 0 1 0 1 1 1 1 1 1 0 0 0 1 1 1 0 1 0 1 0 1 0 1 1 0 0 1 0 0 0 0 0 1 0 1 0 0 0 0 1 0 0 
1 1 0 0 0 0 1 1 1 0 1 0 1 0 1 0 1 1 1 1 1 1 1 0 0 0 1 0 1 1 0 1 1 0 0 1 1 1 1 1 1 1 1 1 1 0 0 1 1 0 1 0 1 1 0 0 0 0 1 0 1 1 0 1 0 0 1 1 0 1 1 1 1 1 0 1 0 1 1 1 0 0 1 1 0 1 1 1 0 1 0 1 0 1 1 0 1 1 1 0 
0 1 1 1 0 1 0 0 0 1 0 1 1 1 0 1 1 0 1 1 0 0 0 1 1 1 1 0 0 0 1 1 0 1 1 0 1 0 0 1 0 1 1 1 1 1 1 0 0 1 1 0 0 1 1 1 1 0 0 1 0 0 1 0 0 1 0 1 1 0 0 1 1 1 0 0 1 0 1 0 0 0 0 1 1 0 0 1 0 0 0 1 1 0 1 1 0 0 1 1 
0 0 0 0 0 1 0 0 0 0 1 0 1 0 1 0 0 0 1 0 0 0 0 0 0 0 0 0 0 1 0 1 0 0 0 1 1 1 0 1 1 1 1 1 0 0 0 0 0 0 1 0 0 1 0 0 0 0 0 0 1 0 0 0 0 0 0 1 0 1 0 0 1 1 0 1 0 1 0 1 0 0 1 1 0 1 1 1 1 1 0 1 0 0 1 0 1 0 1 0 
1 0 0 0 0 1 0 0 0 0 0 0 0 0 0 0 0 1 1 0 0 1 1 0 0 0 0 0 1 0 0 0 1 0 0 0 0 0 1 1 1 1 0 0 0 0 0 1 1 0 0 0 1 0 0 0 0 0 1 0 0 1 0 1 0 0 1 0 0 0 1 0 1 0 0 1 0 0 0 1 0 0 1 0 0 0 0 0 0 0 0 0 0 1 0 0 1 1 1 0 
0 1 1 1 1 0 1 0 0 0 0 1 1 1 0 1 1 0 1 1 1 0 0 1 1 1 1 1 0 0 1 0 0 1 1 0 1 0 0 1 0 1 1 0 1 1 1 0 1 1 1 1 1 0 1 1 1 1 0 1 0 1 1 0 1 1 0 1 0 0 0 1 1 0 1 0 1 0 1 0 1 1 0 1 1 0 0 0 0 0 1 1 1 0 0 1 0 1 1 1 
0 0 0 0 0 1 0 1 0 0 0 0 1 0 1 0 0 0 0 0 0 0 0 0 0 0 0 0 0 1 0 1 0 0 0 1 1 1 0 0 1 0 1 1 0 0 0 0 0 0 1 0 0 1 0 0 0 0 0 0 1 0 0 0 0 0 0 1 1 1 0 0 0 1 0 0 0 1 0 0 0 0 0 1 0 1 1 1 1 1 0 1 0 0 1 0 0 0 1 0 
0 0 1 1 0 0 1 0 0 1 0 0 1 1 0 1 1 0 0 1 0 0 0 1 1 1 1 0 0 0 1 0 0 1 1 0 1 0 0 0 0 0 1 1 1 1 1 0 0 1 1 0 0 0 1 1 1 0 0 1 0 0 1 0 0 1 0 1 1 0 0 1 0 1 0 0 1 0 1 0 0 0 0 0 1 0 0 0 0 0 0 1 1 0 1 1 0 0 0 1 
0 1 1 1 0 1 1 1 0 1 1 1 0 0 1 0 1 0 1 1 0 0 0 1 1 1 1 0 0 1 0 1 1 1 1 1 1 1 0 1 0 1 1 1 1 1 0 0 0 1 1 0 1 1 1 1 1 0 0 1 1 1 1 0 0 1 0 1 1 1 0 1 1 1 0 0 1 1 1 1 0 0 0 1 1 1 0 1 0 1 0 1 1 0 1 1 0 1 1 0 
0 0 1 1 0 0 1 0 0 1 0 1 0 0 0 1 1 0 0 1 0 0 0 1 1 1 1 0 0 0 1 0 0 1 1 0 0 0 0 0 0 0 0 0 1 1 1 0 0 1 0 0 0 0 1 1 1 0 0 1 0 0 1 0 1 1 0 0 1 0 0 1 0 0 0 0 1 0 1 0 0 0 0 0 1 0 0 0 0 0 1 0 1 0 0 1 0 0 0 1 
0 0 0 0 0 1 0 1 0 0 1 0 1 0 0 0 0 0 1 0 0 0 0 0 0 0 0 0 0 1 0 1 0 0 0 1 1 1 0 1 1 1 1 1 0 0 0 0 0 0 1 0 0 1 0 0 0 0 0 0 1 0 0 0 0 0 0 1 1 1 0 0 1 1 0 0 0 1 0 1 0 0 0 1 0 1 1 1 1 1 0 1 0 0 1 0 1 0 1 0 
0 0 1 1 0 0 1 0 0 1 0 1 0 1 0 0 1 0 0 1 0 0 0 1 0 1 1 0 0 0 0 0 0 1 0 0 1 0 0 0 0 0 0 0 0 1 1 0 0 1 0 0 0 0 1 1 1 0 0 0 0 0 1 0 0 1 0 1 1 0 0 1 0 0 0 0 0 0 0 0 0 0 0 0 0 0 0 0 0 0 0 1 1 0 0 1 0 0 0 1 
0 1 1 1 1 1 1 0 0 1 0 1 1 1 0 1 0 0 1 1 1 0 0 1 1 1 1 1 0 0 1 1 1 1 1 0 1 1 0 1 0 1 1 1 1 1 1 0 1 1 1 1 1 1 1 1 1 1 0 1 0 1 1 0 1 1 0 1 1 0 1 1 1 1 0 0 1 0 1 0 1 1 0 1 1 0 0 0 0 1 1 1 1 0 1 1 0 1 1 1 
1 0 0 0 0 1 0 0 1 0 0 0 0 0 0 0 0 0 1 0 1 1 1 0 0 0 0 0 1 0 0 0 1 0 0 0 0 1 1 1 1 1 0 0 0 0 0 1 1 0 0 0 1 1 0 0 0 0 1 0 0 1 0 1 0 0 1 0 0 1 1 0 1 0 0 1 0 0 0 1 0 0 1 1 0 0 1 0 0 1 0 0 0 1 0 0 1 1 1 0 
1 1 0 0 1 1 1 1 1 1 0 0 1 0 1 0 1 1 0 1 1 1 1 0 1 0 1 1 1 0 0 1 1 0 1 0 1 1 1 1 1 1 1 0 1 0 0 1 1 0 1 1 1 1 0 0 0 0 1 1 1 1 1 1 0 0 1 1 0 1 1 1 1 1 0 1 1 0 1 1 0 1 1 1 1 1 1 1 0 1 0 1 0 1 1 0 1 1 1 0 
0 1 1 1 1 1 1 0 0 1 0 1 1 1 0 1 1 0 1 0 0 0 0 1 1 1 1 1 0 0 1 1 0 1 1 0 1 1 0 1 0 1 1 1 1 1 1 0 0 1 1 1 1 1 1 1 1 0 0 1 0 1 1 0 1 1 0 1 1 0 0 1 1 1 0 0 1 0 1 0 0 1 0 1 1 0 0 1 0 1 1 1 1 0 1 1 0 1 1 1 
0 1 0 0 1 1 0 0 0 1 0 0 0 0 0 0 1 1 1 0 0 1 1 0 1 0 1 1 0 0 1 0 1 0 1 0 0 0 0 1 0 1 1 0 1 1 0 1 1 0 1 1 1 0 0 0 0 1 1 1 0 1 0 1 1 0 1 0 0 0 1 0 1 0 1 1 1 0 1 1 1 1 1 1 1 0 0 0 0 0 1 0 0 0 0 0 0 1 1 0 
1 1 0 0 0 1 0 0 1 0 0 0 0 0 0 0 0 1 1 0 1 0 1 0 0 0 0 0 1 0 0 0 1 0 0 0 0 1 1 1 1 1 1 0 0 0 0 1 1 0 1 0 1 1 0 0 0 0 1 0 1 1 0 1 0 0 1 0 0 1 1 0 1 0 0 1 0 0 0 1 0 0 1 1 0 0 1 0 0 1 0 0 0 1 0 0 1 1 1 0 
1 1 0 0 1 1 0 0 1 0 0 0 0 0 0 0 0 1 1 0 1 1 0 0 0 0 0 1 1 0 0 0 1 0 0 0 0 0 1 1 1 1 1 0 1 0 0 1 1 0 1 1 1 0 0 0 0 1 1 0 0 1 0 1 0 0 1 0 0 0 1 0 1 0 1 1 1 0 1 1 1 1 1 1 0 0 0 0 0 0 0 0 0 1 0 0 1 1 1 0 
0 0 1 1 0 0 1 0 0 1 0 1 1 1 0 1 1 0 0 1 0 0 0 0 0 1 1 0 0 0 0 1 0 1 0 0 1 0 0 0 0 0 1 1 0 0 1 0 0 1 1 0 0 0 1 1 1 0 0 0 0 0 1 0 0 1 0 1 1 0 0 1 0 1 0 0 0 0 0 0 0 0 0 0 0 0 0 0 0 0 0 1 1 0 1 1 0 0 0 1 
0 1 0 0 1 0 1 0 0 1 0 1 1 1 0 0 1 0 1 1 1 0 0 0 0 1 1 1 0 0 1 0 1 1 1 0 0 0 0 0 0 1 1 0 1 1 0 0 1 1 1 1 1 0 1 1 0 1 0 1 0 1 1 0 1 1 1 1 0 0 0 1 1 0 1 0 1 0 1 0 1 1 0 1 1 0 0 0 0 0 1 0 1 0 0 1 0 1 0 1 
0 1 1 1 1 0 1 0 0 1 0 1 1 1 0 1 1 0 0 1 0 0 0 1 1 0 1 1 0 0 1 0 0 1 1 0 1 0 0 0 0 1 1 1 1 1 1 0 0 1 1 0 0 0 1 1 1 0 0 1 0 0 1 0 1 1 0 1 1 0 0 1 0 0 0 0 1 0 1 0 0 1 0 1 1 0 0 0 0 0 1 1 1 0 1 1 0 0 0 1 
0 1 1 1 1 1 1 0 0 1 0 1 1 1 0 1 1 0 1 1 1 0 0 1 1 1 0 1 0 0 1 0 1 1 1 0 1 0 0 1 0 1 1 1 1 1 1 0 1 1 1 1 1 0 1 1 1 1 0 1 0 1 1 0 1 1 0 1 1 0 0 1 1 0 1 0 1 0 1 0 1 1 0 1 1 0 0 0 0 0 1 1 1 0 1 1 0 1 1 1 
0 1 0 0 1 0 0 0 0 1 0 0 0 0 0 0 1 0 1 1 1 0 1 0 1 1 1 0 0 0 1 0 1 1 1 0 0 0 0 0 0 1 0 0 1 1 0 0 1 0 1 1 1 0 1 0 0 1 0 1 0 1 1 1 1 1 1 0 0 0 0 1 1 0 1 0 1 0 1 0 1 1 0 0 1 0 0 0 0 0 1 0 1 0 0 0 0 1 0 0 
1 0 0 0 0 1 0 0 1 0 0 0 0 0 0 0 0 1 1 0 0 1 1 0 0 0 0 0 0 0 0 0 1 0 0 0 0 1 1 1 1 0 0 0 0 0 0 1 0 0 0 0 0 1 0 0 0 0 1 0 1 1 0 1 0 0 0 0 0 1 1 0 1 0 0 1 0 0 0 1 0 0 1 0 0 0 1 0 0 1 0 0 0 1 0 0 1 1 1 0 
0 0 0 0 0 1 0 1 0 0 1 0 1 0 1 0 0 0 0 0 0 0 0 0 0 0 0 0 0 0 0 1 0 0 0 1 1 1 0 1 1 0 1 1 0 0 0 0 0 0 1 0 0 1 0 0 0 0 0 0 1 0 0 0 0 0 0 1 0 1 0 0 0 1 0 0 0 1 0 1 0 0 0 1 0 1 1 1 1 1 0 1 0 0 1 0 1 0 1 0 
0 1 0 0 1 0 1 0 0 1 0 1 0 1 0 0 1 0 0 1 1 0 0 0 1 1 1 1 0 0 0 0 0 1 1 0 0 0 0 0 0 0 0 0 1 1 1 0 0 1 1 1 1 0 1 1 0 1 0 1 0 1 1 0 1 1 0 0 0 0 0 1 0 0 1 0 1 0 1 0 1 1 0 0 1 0 0 0 0 0 1 0 1 0 0 1 0 0 0 1 
0 0 0 1 0 1 1 1 0 0 1 0 1 0 1 0 1 0 1 1 0 0 0 1 0 0 0 0 0 1 0 0 0 0 0 1 1 1 0 1 1 1 1 1 0 0 0 0 0 0 1 0 0 1 0 0 1 0 0 0 1 0 0 0 0 0 0 1 1 1 0 1 1 1 0 0 0 1 0 0 0 0 0 1 0 1 1 1 1 1 0 1 0 0 1 0 0 0 1 0 
1 1 0 0 1 1 0 0 1 0 0 0 1 0 0 0 1 1 1 0 1 1 1 0 1 0 1 1 1 0 0 0 0 0 1 0 0 1 1 1 1 1 1 0 1 0 0 1 1 0 1 1 1 1 0 0 0 1 1 0 0 1 0 1 0 0 1 1 0 0 1 0 1 0 1 1 1 0 1 1 1 1 1 1 1 0 0 0 0 1 0 0 0 1 0 0 1 1 1 0 
0 1 1 1 1 0 1 0 0 1 0 1 1 1 0 1 1 0 0 1 0 0 0 1 1 1 1 1 0 0 1 0 0 0 1 0 1 0 0 0 0 1 1 1 1 1 1 0 0 1 1 1 0 0 1 1 1 0 0 1 0 0 1 0 1 1 0 1 1 0 0 1 0 0 0 0 1 0 1 0 1 1 0 1 1 0 0 0 0 0 1 1 1 0 1 1 0 0 0 1 
0 1 0 0 1 0 1 0 0 1 0 1 1 1 0 0 1 0 1 1 1 0 0 0 1 1 1 1 0 0 1 0 1 1 0 0 0 0 0 1 0 1 1 0 1 1 0 0 1 1 1 1 1 0 1 1 0 1 0 1 0 1 1 1 1 1 1 1 0 0 1 1 1 0 1 0 1 0 1 0 1 1 0 1 1 0 0 0 0 0 1 0 1 0 0 1 0 1 1 1 
0 0 0 0 0 1 0 1 0 0 1 0 1 0 1 0 0 0 0 0 0 0 0 0 0 0 0 0 0 1 0 1 0 0 0 0 1 1 0 0 0 0 1 1 0 0 0 0 0 0 0 0 0 1 0 0 0 0 0 0 1 0 0 0 0 0 0 1 1 1 0 0 0 1 0 0 0 1 0 0 0 0 0 0 0 1 1 1 1 1 0 1 0 0 1 0 0 0 0 0 
0 0 1 1 0 1 1 1 0 1 1 1 1 0 1 1 1 0 1 1 0 0 0 1 0 1 1 0 0 1 0 1 0 1 0 1 0 1 0 1 0 1 1 1 0 0 1 0 0 1 1 0 0 1 0 1 1 0 0 0 0 0 1 0 0 0 0 1 1 0 0 1 1 1 0 0 0 1 0 0 0 0 0 1 0 1 0 1 1 1 0 1 1 0 1 1 0 0 1 0 
0 0 0 0 0 1 0 1 0 0 1 0 1 0 1 0 1 1 1 1 0 1 0 0 0 0 0 0 1 1 0 1 1 0 0 1 1 0 0 1 1 1 1 1 0 0 0 1 0 0 1 0 0 1 0 0 0 0 0 0 1 1 0 0 0 0 0 1 0 1 1 1 1 1 0 1 0 1 0 1 0 0 1 1 0 1 1 1 1 1 0 1 0 0 1 0 1 1 1 0 
1 0 0 0 0 1 0 0 1 0 0 0 0 0 0 0 0 1 1 0 0 1 1 0 0 0 0 0 1 0 0 0 1 0 0 0 0 0 0 1 1 1 0 0 0 0 0 1 1 0 0 0 1 0 0 0 0 0 1 0 0 1 0 1 0 0 1 0 0 1 1 0 1 0 0 1 0 0 0 1 0 0 1 1 0 0 0 0 0 0 0 0 0 1 0 0 1 1 1 0 
1 1 0 0 1 1 1 1 1 1 0 0 1 0 1 0 1 1 1 1 1 1 1 0 0 0 1 0 1 1 0 1 1 0 1 0 1 1 1 0 1 1 1 0 1 0 0 1 1 0 1 0 1 1 0 0 0 0 1 0 1 1 0 1 0 0 1 1 0 1 1 1 1 1 0 1 1 0 1 1 0 1 1 1 1 1 1 1 0 1 0 1 0 1 1 0 1 1 1 0 
1 0 0 0 0 1 0 1 1 0 1 0 0 0 1 0 0 1 1 0 0 1 1 0 0 0 0 0 1 1 0 1 1 0 0 0 0 1 1 1 0 1 1 0 0 0 0 1 1 0 1 0 1 1 0 0 0 0 1 0 1 1 0 1 0 0 0 0 0 1 1 0 1 0 0 1 0 1 0 1 0 0 1 1 0 1 1 1 0 1 0 0 0 1 1 0 1 1 1 0 
1 1 0 0 1 1 1 1 1 1 0 0 1 0 1 0 1 1 1 1 1 1 1 0 1 1 1 1 0 0 0 1 1 1 1 0 1 1 1 1 1 0 1 1 1 0 0 1 1 0 1 1 1 1 0 0 0 0 1 1 1 1 1 1 1 0 1 1 0 1 1 1 1 1 0 1 1 0 1 1 0 1 1 1 1 1 1 1 0 1 0 1 1 1 1 0 1 1 1 0 
0 1 0 1 0 1 1 1 0 1 1 1 1 0 1 0 1 0 1 1 1 1 1 1 1 1 1 0 0 1 0 1 1 1 1 1 1 1 0 1 1 1 0 1 1 1 0 1 1 0 1 0 1 1 0 1 1 0 0 1 1 1 1 1 0 0 0 1 1 1 1 1 1 1 0 1 1 1 1 1 0 1 1 1 1 1 1 1 0 1 0 1 1 0 1 1 0 1 1 0 
0 0 1 1 0 1 1 1 0 0 1 1 1 0 1 0 1 0 0 1 0 0 0 1 0 1 1 0 0 1 0 1 0 1 0 1 1 1 0 0 0 1 1 0 0 0 0 0 0 0 1 0 0 1 0 1 1 0 0 0 1 0 1 0 0 0 0 1 1 0 0 1 0 1 0 0 0 1 0 0 0 0 0 1 0 1 0 1 1 1 0 1 0 0 1 0 0 0 1 0 
0 1 0 0 1 1 1 0 0 1 0 1 1 1 0 0 1 0 1 1 1 0 1 0 1 1 1 1 0 0 1 0 1 1 1 0 0 0 0 1 0 1 1 0 0 1 0 1 1 0 1 1 1 0 1 1 0 1 0 1 0 1 1 1 1 1 1 1 0 0 1 1 1 0 1 1 1 0 1 1 1 1 1 1 1 0 0 0 0 0 1 0 1 0 1 1 0 1 1 0 
0 1 1 1 1 0 1 0 0 1 0 1 1 1 0 1 1 0 0 1 1 0 0 0 1 1 1 1 0 0 1 0 0 1 1 0 0 0 0 0 0 0 1 0 1 0 1 0 0 1 1 1 0 0 1 1 1 1 0 1 0 0 1 0 1 1 0 1 0 0 0 1 0 0 1 0 1 0 1 0 1 1 0 0 1 0 0 0 0 0 1 0 1 0 0 1 0 0 0 1 
0 0 1 1 0 0 1 0 0 1 0 1 0 1 0 1 1 0 0 1 0 0 0 1 0 1 1 0 0 0 1 0 0 1 0 0 1 0 0 0 0 0 0 0 0 1 0 0 0 1 0 0 0 0 1 1 1 0 0 1 0 0 1 0 0 1 0 0 1 0 0 1 0 0 0 0 0 0 0 0 0 0 0 0 1 0 0 0 0 0 0 1 1 0 0 1 0 0 0 1 
1 1 0 0 0 1 0 0 1 0 0 0 0 0 0 0 0 1 1 0 1 1 1 0 0 0 0 0 1 0 0 0 1 0 0 0 0 1 1 1 1 1 1 0 1 0 0 0 1 0 1 0 1 1 0 0 0 0 1 0 1 1 0 1 0 0 1 0 0 1 1 0 1 0 0 1 1 0 1 1 0 1 1 1 0 0 1 0 0 1 0 0 0 1 0 0 1 1 1 0 
1 1 0 0 1 1 0 0 1 1 0 0 0 0 0 0 1 1 1 0 1 1 1 0 1 0 1 1 0 0 0 0 1 0 1 0 0 0 1 1 1 1 1 0 1 0 0 1 0 0 1 1 1 0 0 0 0 1 1 1 0 1 0 1 1 0 1 0 0 0 1 0 1 0 1 1 1 0 1 1 1 1 1 1 1 0 0 0 0 0 0 0 0 1 0 0 0 1 1 0 
0 0 1 1 0 0 1 0 0 1 0 1 1 1 0 1 1 0 0 1 0 0 0 1 1 1 1 0 0 0 1 0 0 1 1 0 1 0 0 0 0 0 0 0 0 1 1 0 0 0 0 0 0 0 1 1 1 0 0 1 0 0 1 0 0 1 0 1 1 0 0 1 0 0 0 0 1 0 0 0 0 0 0 0 1 0 0 0 0 0 0 1 1 0 0 1 0 0 0 1 
0 1 0 1 1 1 1 1 0 1 1 1 1 0 1 0 1 0 1 1 1 1 1 1 1 1 1 1 0 1 1 1 1 1 1 0 1 1 0 1 1 1 1 1 1 1 0 1 1 0 0 0 1 1 1 1 1 0 0 1 1 1 1 1 0 1 1 1 1 1 1 1 1 1 0 1 1 0 1 1 0 1 1 1 1 1 1 1 0 1 0 1 1 0 1 1 0 1 1 0 
0 1 0 0 1 0 0 0 0 1 0 0 0 0 0 0 1 0 1 1 1 0 1 0 1 0 1 1 0 0 1 0 1 1 1 0 0 0 0 0 0 1 0 0 1 1 0 0 1 0 0 0 1 0 1 0 0 1 0 1 0 1 1 1 1 1 1 0 0 0 1 0 1 0 1 0 1 0 1 0 1 1 0 0 1 0 0 0 0 0 1 0 1 0 0 0 0 1 0 0 
1 1 0 0 1 1 0 0 1 1 0 0 1 0 0 0 1 1 1 1 1 1 1 0 1 0 1 1 0 0 1 0 1 0 1 0 0 0 1 1 1 1 1 0 1 0 0 1 1 0 1 1 0 1 0 0 0 1 1 1 0 1 0 1 1 0 1 1 0 0 1 0 1 0 1 1 1 0 1 1 1 1 1 1 1 0 0 0 0 1 1 0 0 1 0 0 0 1 1 0 
0 0 0 0 0 1 1 1 0 0 1 0 1 0 1 0 1 1 1 1 0 1 0 0 0 0 0 0 1 1 0 1 1 0 0 1 1 1 0 1 1 1 1 1 0 0 0 1 0 0 1 0 1 0 0 0 0 0 0 0 1 1 0 0 0 0 0 1 0 1 1 1 1 1 0 1 0 1 0 1 0 0 1 1 0 1 1 1 1 1 0 1 0 0 1 0 1 1 1 0 
0 1 1 1 1 0 1 0 0 1 0 1 1 1 0 1 1 0 0 1 0 0 0 1 1 1 1 1 0 0 1 0 0 1 1 0 0 0 0 0 0 0 0 0 1 1 1 0 0 1 1 1 0 0 0 1 1 1 0 1 0 0 1 0 1 1 0 1 0 0 0 1 0 0 0 0 1 0 1 0 1 1 0 0 1 0 0 0 0 0 1 0 1 0 0 1 0 0 0 1 
0 0 1 1 0 0 1 0 0 1 0 1 1 1 0 1 1 0 0 1 0 0 0 1 1 1 1 0 0 0 1 0 0 1 1 0 1 0 0 0 0 0 1 1 1 1 1 0 0 1 1 0 0 0 1 0 1 0 0 1 0 0 1 0 0 1 0 1 1 0 0 1 0 1 0 0 1 0 1 0 0 0 0 1 1 0 0 0 0 0 0 1 1 0 1 1 0 0 0 1 
0 0 1 1 0 0 1 0 0 1 0 1 1 1 0 1 1 0 0 1 0 0 0 1 0 1 1 0 0 0 0 1 0 1 0 0 1 0 0 0 0 0 1 1 0 1 1 0 0 1 1 0 0 0 1 1 0 0 0 0 0 0 1 0 0 1 0 1 1 0 0 1 0 1 0 0 0 0 0 0 0 0 0 0 0 0 0 0 0 0 0 1 1 0 1 1 0 0 0 1 
0 1 0 0 1 0 0 0 0 1 0 0 0 0 0 0 1 0 0 0 1 0 1 0 1 0 1 1 0 0 1 0 1 0 1 0 0 0 0 0 0 0 0 0 1 1 0 0 1 0 0 1 1 0 1 0 0 0 0 1 0 1 0 1 1 1 1 0 0 0 1 0 0 0 1 0 1 0 1 0 1 1 0 0 1 0 0 0 0 0 1 0 1 0 0 0 0 1 0 0 
1 0 0 0 0 1 0 0 1 0 0 0 0 0 0 0 0 1 1 0 1 1 1 0 0 0 0 0 1 0 0 0 1 0 0 0 0 0 1 1 1 1 0 0 0 0 0 1 1 0 0 0 1 0 0 0 0 0 0 0 0 1 0 1 0 0 1 0 0 0 1 0 1 0 0 1 0 0 0 1 0 0 1 1 0 0 0 0 0 0 0 0 0 1 0 0 1 1 1 0 
0 1 0 0 1 0 1 0 0 1 0 1 1 1 0 0 1 0 1 1 1 0 0 0 1 1 1 1 0 0 1 0 0 1 1 0 0 0 0 0 0 1 1 0 1 1 1 0 1 1 1 1 1 0 1 1 0 1 0 0 0 1 1 0 1 1 1 1 0 0 0 1 1 0 1 0 1 0 1 0 1 1 0 1 1 0 0 0 0 0 1 0 1 0 0 1 0 1 0 1 
0 0 0 0 0 1 0 1 0 0 1 0 1 0 1 0 0 0 1 0 0 1 0 0 0 0 0 0 1 1 0 1 0 0 0 1 0 1 0 1 1 1 1 1 0 0 0 1 0 0 1 0 0 1 0 0 0 0 0 0 0 0 0 0 0 0 0 1 0 1 0 0 1 1 0 1 0 1 0 1 0 0 1 1 0 1 1 1 1 1 0 0 0 0 1 0 1 0 1 0 
1 1 0 0 1 1 0 0 1 1 0 0 1 0 0 0 1 1 1 1 1 1 1 0 1 0 1 1 1 0 1 0 1 0 1 0 0 1 1 1 1 1 1 0 1 0 0 1 1 0 1 1 1 1 0 0 0 1 1 1 0 0 0 1 1 0 1 1 0 0 1 1 1 0 1 1 1 0 1 1 1 1 1 1 1 0 0 0 0 1 0 0 0 1 1 0 1 1 1 0 
0 1 1 1 1 0 1 0 0 1 0 1 1 1 0 1 1 0 1 1 0 0 0 1 1 1 1 1 0 0 1 0 0 1 1 0 1 0 0 0 0 1 1 1 1 1 1 0 0 1 1 1 0 0 1 1 1 0 0 1 0 0 0 0 1 1 0 1 1 0 0 1 0 1 0 0 1 0 1 0 0 1 0 1 1 0 0 0 0 0 1 1 1 0 1 1 0 0 0 1 
1 1 0 0 1 1 0 0 1 0 0 0 0 0 0 0 0 1 1 0 1 1 1 0 0 0 0 1 1 0 0 0 1 0 1 0 0 0 1 1 1 1 1 0 1 0 0 1 1 0 1 1 1 0 0 0 0 1 1 0 0 1 0 0 0 0 1 0 0 0 1 0 1 0 1 1 1 0 1 1 1 1 1 1 1 0 0 0 0 0 0 0 0 1 0 0 1 1 1 0 
0 1 0 0 1 0 0 0 0 1 0 0 0 1 0 0 1 0 0 1 1 0 0 0 1 1 1 1 0 0 1 0 0 1 1 0 0 0 0 0 0 1 0 0 1 1 0 0 1 0 0 1 1 0 1 0 0 1 0 1 0 1 1 0 0 1 1 0 0 0 0 1 0 0 1 0 1 0 1 0 1 1 0 0 1 0 0 0 0 0 1 0 1 0 0 1 0 1 0 0 
0 1 1 1 1 0 1 0 0 1 0 1 1 1 0 1 1 0 0 1 0 0 0 1 1 1 1 1 0 0 1 0 0 1 1 0 0 0 0 0 0 0 0 0 1 1 1 0 0 1 1 1 0 0 1 1 1 1 0 1 0 0 1 0 1 0 0 1 0 0 0 1 0 0 0 0 1 0 1 0 1 1 0 0 1 0 0 0 0 0 1 0 1 0 0 1 0 0 0 1 
1 1 0 0 1 1 0 0 1 0 0 0 0 0 0 0 0 1 1 0 1 1 1 0 1 0 0 1 0 0 0 0 1 0 1 0 0 0 1 1 0 1 0 0 1 0 0 1 1 0 1 1 1 0 0 0 0 1 1 1 0 1 0 1 1 0 0 0 0 0 1 0 1 0 1 1 1 0 1 1 1 1 1 1 1 0 0 0 0 0 1 0 0 1 0 0 0 1 1 0 
0 1 1 1 0 1 1 1 0 1 1 1 1 0 1 1 1 0 1 1 0 0 0 1 1 1 1 0 0 1 0 1 1 1 1 1 1 1 0 1 0 1 1 1 1 1 0 0 0 1 1 0 1 1 1 1 1 0 0 1 1 1 1 0 0 1 0 0 1 0 0 1 1 1 0 0 1 0 1 1 0 1 0 1 1 1 0 1 0 1 0 1 1 0 1 1 0 1 1 1 
0 0 1 1 0 0 1 0 0 0 1 1 1 1 1 1 1 0 0 1 0 0 0 1 0 1 1 0 0 0 0 1 0 1 0 1 1 0 0 0 0 0 1 1 0 0 1 0 0 1 1 0 0 0 0 1 1 0 0 0 0 0 1 0 0 0 0 1 0 0 0 1 0 1 0 0 0 0 0 0 0 0 0 1 0 1 0 1 1 0 0 1 1 0 1 1 0 0 0 1 
1 0 0 0 0 1 0 1 0 0 1 0 1 0 1 0 0 1 1 0 0 1 0 0 0 0 0 0 1 1 0 1 0 0 0 1 0 1 1 1 1 1 1 0 0 0 0 1 0 0 1 0 0 1 0 0 0 0 0 0 1 0 0 0 0 0 0 0 0 0 0 0 1 1 0 1 0 1 0 1 0 0 1 1 0 1 1 1 1 1 0 0 0 0 1 0 1 0 1 0 
1 1 0 0 1 1 0 0 1 0 0 0 0 0 0 0 1 1 1 0 1 1 1 0 0 0 0 0 1 0 0 0 1 0 1 0 0 1 1 1 1 1 1 0 1 0 0 1 1 0 1 1 1 1 0 0 0 1 1 0 0 1 0 1 0 0 1 0 0 0 0 0 1 0 0 1 1 0 1 1 0 1 1 1 1 0 0 0 0 1 0 0 0 1 0 0 1 1 1 0 
0 1 1 1 1 1 1 0 0 1 0 1 1 1 0 1 1 0 1 1 0 0 0 1 1 1 1 1 0 0 1 1 0 1 1 0 1 1 0 1 0 1 1 1 1 1 1 0 0 1 1 0 0 1 1 1 1 0 0 1 0 1 1 0 1 1 0 1 1 0 0 0 1 1 0 0 1 0 1 0 0 1 0 1 1 0 0 1 0 1 1 1 1 0 1 1 0 1 1 1 
1 1 0 0 1 1 1 1 1 1 0 0 1 0 1 0 1 1 1 1 1 1 1 0 1 0 1 1 1 0 0 1 1 0 1 0 1 1 1 1 1 1 1 0 1 0 0 1 1 0 1 1 1 1 0 0 0 0 1 1 1 1 0 1 0 0 1 1 0 1 1 1 0 1 0 1 1 0 1 1 0 1 1 1 1 1 1 1 0 1 0 1 0 1 1 0 1 1 1 0 
0 0 1 1 0 1 1 1 0 0 1 1 1 0 1 0 1 0 1 1 0 0 0 1 0 0 0 0 0 1 0 1 0 0 0 1 1 1 0 1 0 1 1 1 0 0 0 0 0 0 1 0 0 1 0 1 1 0 0 0 1 0 1 0 0 0 0 1 1 1 0 1 1 0 0 0 0 1 0 0 0 0 0 1 0 1 1 1 1 1 0 1 0 0 1 0 0 0 1 0 
0 1 0 0 1 0 0 0 0 1 0 0 0 0 0 0 0 0 0 0 1 0 1 0 1 0 1 1 0 0 1 0 1 0 1 0 0 0 0 0 0 0 0 0 1 1 0 0 1 0 0 1 1 0 0 0 0 1 0 1 0 1 0 1 1 0 1 0 0 0 0 0 0 0 0 0 1 0 1 0 1 1 0 0 1 0 0 0 0 0 1 0 0 0 0 0 0 1 0 0 
1 1 0 0 0 1 0 1 1 0 0 0 0 0 0 0 0 1 1 0 1 1 1 0 0 0 0 0 1 0 0 0 1 0 0 0 0 1 1 1 1 1 1 0 1 0 0 1 1 0 1 0 1 1 0 0 0 0 1 0 1 1 0 1 0 0 1 0 0 1 1 0 1 0 0 0 0 0 1 1 0 0 1 1 0 0 1 0 0 1 0 0 0 1 0 0 1 1 1 0 
0 1 0 0 1 0 1 0 0 1 0 1 1 1 0 0 1 0 1 1 1 0 1 0 1 1 1 1 0 0 1 0 1 1 1 0 0 0 0 1 0 1 1 0 1 1 0 1 1 1 1 1 1 0 1 1 0 1 0 1 0 1 1 1 1 1 1 1 0 0 1 1 1 0 1 0 0 0 1 0 1 1 0 1 1 0 0 0 0 0 1 0 1 0 0 1 0 1 1 1 
0 0 0 0 0 1 0 1 0 0 1 0 1 0 1 0 0 0 0 0 0 0 0 0 0 0 0 0 0 1 0 1 0 0 0 1 1 1 0 0 1 0 1 1 0 0 0 0 0 0 0 0 0 1 0 0 0 0 0 0 1 0 0 0 0 0 0 0 0 1 0 0 0 1 0 0 0 0 0 0 0 0 0 0 0 1 1 1 1 1 0 1 0 0 1 0 0 0 0 0 
0 1 0 0 1 1 1 0 0 1 0 1 1 1 0 0 1 0 1 1 1 0 1 0 1 1 1 1 0 0 1 0 1 1 1 0 0 0 0 1 0 1 1 0 1 1 0 1 1 0 1 1 1 0 1 1 0 1 0 1 0 1 1 1 1 1 1 1 0 0 1 1 1 0 1 1 1 0 0 0 1 1 1 1 1 0 0 0 0 0 1 0 1 0 0 1 0 1 1 0 
1 1 0 0 0 1 0 1 1 0 0 0 1 0 1 0 0 1 1 0 1 1 1 0 0 0 0 0 1 1 0 0 1 0 0 0 0 1 1 1 1 1 1 0 1 0 0 1 1 0 1 0 1 1 0 0 0 0 1 0 1 1 0 1 0 0 1 1 0 1 1 0 1 0 0 1 0 0 0 0 0 0 1 1 0 1 1 1 0 1 0 0 0 1 1 0 1 1 1 0 
0 1 0 0 1 0 0 0 0 1 0 0 0 0 0 0 1 0 0 0 1 0 1 0 1 0 1 1 0 0 1 0 1 1 1 0 0 0 0 0 0 0 0 0 1 1 0 0 1 0 0 1 1 0 1 0 0 1 0 1 0 1 0 1 1 1 1 0 0 0 0 0 0 0 1 0 1 0 1 0 0 1 0 0 1 0 0 0 0 0 1 0 1 0 0 0 0 1 0 0 
0 1 0 0 1 0 0 0 0 1 0 0 0 0 0 0 1 0 1 1 1 0 1 0 1 1 1 1 0 0 1 0 1 1 1 0 0 0 0 1 0 1 1 0 1 1 0 1 1 0 1 1 1 0 1 0 0 1 0 1 0 1 1 1 1 1 1 1 0 0 1 1 1 0 1 0 1 0 1 0 1 0 1 1 1 0 0 0 0 0 1 0 1 0 0 0 0 1 1 0 
1 1 0 0 0 1 0 1 1 0 0 0 0 0 0 0 0 1 1 0 1 1 1 0 0 0 0 0 1 0 0 0 1 0 0 0 0 1 1 1 1 1 1 0 1 0 0 1 1 0 1 0 1 1 0 0 0 0 1 0 1 1 0 1 0 0 1 0 0 1 1 0 1 0 0 1 0 0 1 1 0 1 0 1 0 0 1 0 0 1 0 0 0 1 0 0 1 1 1 0 
0 1 0 0 0 1 1 1 0 1 1 0 1 0 1 0 1 1 1 1 1 1 1 0 1 1 1 0 0 1 0 1 1 1 1 0 1 1 1 1 1 1 1 1 1 0 0 1 1 0 1 0 1 1 0 1 0 0 1 1 1 1 1 1 0 0 1 1 1 1 1 1 1 1 0 1 1 0 1 1 0 1 1 0 1 1 1 1 0 1 0 1 1 0 1 0 1 1 1 0 
0 1 0 0 1 0 1 0 0 1 0 1 1 1 0 0 1 0 1 1 1 0 0 0 1 1 1 1 0 0 1 0 1 1 1 0 0 0 0 1 0 1 1 0 1 1 1 0 1 1 1 1 1 0 1 1 0 1 0 1 0 1 1 1 1 1 1 1 0 0 1 1 1 0 1 0 1 0 1 0 1 1 0 1 0 0 0 0 0 0 1 0 1 0 0 1 0 1 1 1 
0 0 0 0 0 1 0 1 0 0 1 0 1 0 1 0 0 0 1 0 0 0 0 0 0 0 0 0 0 1 0 1 0 0 0 1 1 1 0 1 1 1 1 1 0 0 0 0 0 0 1 0 0 1 0 0 0 0 0 0 1 0 0 0 0 0 0 1 1 1 0 0 1 1 0 0 0 1 0 1 0 0 0 1 0 0 1 1 1 1 0 1 0 0 1 0 0 0 1 0 
0 0 0 0 0 1 0 1 0 0 1 0 0 0 1 0 0 1 1 0 0 1 0 0 0 0 0 0 1 1 0 1 0 0 0 1 0 1 0 1 1 1 1 0 0 0 0 1 0 0 1 0 0 1 0 0 0 0 0 0 1 0 0 0 0 0 0 0 0 1 0 0 1 1 0 1 0 1 0 1 0 0 1 1 0 1 0 1 1 1 0 0 0 0 1 0 1 0 1 0 
0 0 0 0 0 1 1 1 0 0 1 0 1 0 1 0 0 0 1 1 0 0 0 0 0 0 0 0 0 1 0 1 0 0 0 1 1 1 0 1 1 1 1 1 0 0 0 0 0 0 1 0 0 1 0 0 0 0 0 0 1 0 0 0 0 0 0 1 1 1 0 1 1 1 0 0 0 1 0 1 0 0 0 1 0 1 1 0 1 1 0 1 0 0 1 0 0 0 1 0 
0 0 0 0 0 0 0 1 0 0 1 0 0 0 1 0 0 0 0 0 0 0 0 0 0 0 0 0 0 1 0 1 0 0 0 1 1 1 0 0 0 0 0 1 0 0 0 0 0 0 0 0 0 1 0 0 0 0 0 0 1 0 0 0 0 0 0 0 1 1 0 0 0 1 0 0 0 1 0 0 0 0 0 0 0 1 1 1 0 1 0 1 0 0 1 0 0 0 0 0 
0 0 0 0 0 1 0 1 0 0 1 0 1 0 1 0 1 1 1 1 0 1 0 0 0 0 0 0 1 1 0 1 1 0 0 1 1 1 0 1 1 1 1 1 0 0 0 1 0 0 1 0 1 1 0 0 0 0 0 0 1 1 0 0 0 0 0 1 0 1 1 1 1 1 0 1 0 1 0 1 0 0 1 1 0 1 1 1 1 0 0 1 0 0 1 0 1 1 1 0 
0 1 0 0 1 0 0 0 0 1 0 0 0 1 0 0 1 0 0 1 1 0 0 0 1 1 1 1 0 0 1 0 0 1 1 0 0 0 0 0 0 0 0 0 1 1 0 0 0 0 0 1 1 0 1 0 0 1 0 1 0 0 1 0 1 1 1 0 0 0 0 1 0 0 1 0 1 0 1 0 1 1 0 0 1 0 0 0 0 0 0 0 1 0 0 1 0 0 0 1 
0 0 1 1 0 1 1 1 0 1 1 1 1 0 1 1 1 0 1 1 0 0 0 1 0 1 1 0 0 1 0 1 0 1 0 1 1 1 0 1 0 1 1 1 0 0 1 0 0 1 1 0 0 1 0 1 1 0 0 0 0 0 1 0 0 0 0 1 1 0 0 1 1 1 0 0 0 1 0 0 0 0 0 1 0 1 0 1 1 1 0 0 1 0 1 1 0 0 1 1 
0 1 1 1 1 0 1 0 0 1 0 1 1 1 0 1 1 0 0 1 0 0 0 1 1 1 1 1 0 0 1 0 0 1 1 0 1 0 0 0 0 1 1 0 1 1 1 0 0 1 1 1 0 0 1 1 1 1 0 1 0 0 1 0 1 1 0 1 1 0 0 1 0 0 0 0 1 0 1 0 1 1 0 1 1 0 0 0 0 0 1 1 0 0 0 1 0 0 0 1 
1 0 0 0 0 1 0 0 1 0 0 0 0 0 0 0 0 1 1 0 0 1 1 0 0 0 0 0 1 0 0 0 1 0 0 0 0 0 1 1 1 1 0 0 0 0 0 1 1 0 0 0 1 0 0 0 0 0 1 0 0 1 0 1 0 0 1 0 0 0 1 0 1 0 0 1 0 0 0 1 0 0 1 0 0 0 0 0 0 0 0 0 0 0 0 0 1 1 1 0 
0 0 0 1 0 1 1 1 0 0 1 1 1 0 1 0 1 0 1 1 0 0 0 1 0 1 1 0 0 1 0 1 0 1 0 1 1 1 0 1 1 1 1 1 1 0 0 0 0 0 1 0 0 1 0 1 1 0 0 0 1 1 1 0 0 0 0 1 1 1 0 1 1 1 0 0 0 1 0 1 0 0 0 1 0 1 1 1 1 1 0 1 0 0 0 0 0 1 1 0 
0 0 1 1 0 0 1 0 0 1 0 1 1 1 0 1 1 0 0 1 0 0 0 1 1 1 1 0 0 0 1 0 0 1 1 0 1 0 0 0 0 0 1 0 1 1 1 0 0 1 1 0 0 0 1 1 1 0 0 1 0 0 1 0 1 1 0 1 1 0 0 1 0 0 0 0 1 0 1 0 0 0 0 0 1 0 0 0 0 0 1 1 1 0 0 0 0 0 0 1 
1 0 0 0 0 1 0 1 1 0 0 0 0 0 1 0 0 1 1 0 0 1 1 0 0 0 0 0 1 1 0 0 1 0 0 0 0 1 1 1 1 1 0 0 0 0 0 1 0 0 0 0 0 1 0 0 0 0 1 0 1 1 0 1 0 0 0 0 0 1 1 0 1 0 0 1 0 0 0 1 0 0 1 1 0 0 1 0 0 1 0 0 0 1 0 0 0 1 1 0 
1 1 0 0 1 1 0 0 1 1 0 0 1 0 0 0 1 1 1 1 1 1 1 0 1 0 1 1 1 0 0 0 1 0 1 0 0 1 1 1 1 1 1 0 1 0 0 1 1 0 1 1 1 1 0 0 0 1 1 1 0 1 0 1 1 0 1 1 0 0 1 1 1 0 1 1 1 0 1 1 1 1 1 1 1 0 0 0 0 1 0 0 0 1 1 0 1 0 1 0 
1 1 0 0 0 1 1 1 1 1 1 0 1 0 1 0 1 1 1 1 1 1 1 0 0 0 1 0 1 1 0 1 1 0 1 0 1 1 1 1 1 1 1 1 1 0 0 1 1 0 1 0 1 1 0 0 0 0 1 0 1 1 0 1 0 0 1 1 0 1 1 1 1 1 0 1 1 0 1 1 0 1 1 1 1 1 1 1 0 1 0 1 0 1 1 0 1 1 0 0 
0 0 1 1 0 0 1 0 0 1 0 1 0 1 0 1 1 0 0 1 0 0 0 1 1 1 1 0 0 0 1 0 0 1 1 0 0 0 0 0 0 0 0 0 0 1 1 0 0 1 0 0 0 0 1 1 1 0 0 1 0 0 1 0 0 1 0 1 1 0 0 1 0 0 0 0 1 0 0 0 0 0 0 0 1 0 0 0 0 0 1 1 1 0 0 1 0 0 0 0 
