100 50 0.492929
1 94 8
2 66 10
3 24 7
4 91 66
5 93 2
6 17 39
7 37 65
8 65 43
9 54 74
10 71 22
11 83 65
12 39 6
13 60 80
14 9 28
15 27 63
16 49 93
17 67 94
18 75 20
19 90 32
20 80 21
21 24 19
22 61 99
23 5 17
24 23 21
25 43 56
26 52 22
27 58 54
28 99 29
29 8 74
30 38 83
31 37 83
32 4 53
33 29 66
34 89 12
35 27 94
36 94 80
37 14 44
38 88 55
39 58 59
40 53 45
41 22 89
42 96 25
43 91 10
44 69 29
45 15 73
46 77 75
47 83 29
48 34 75
49 10 29
50 26 84
51 35 75
52 69 23
53 52 70
54 81 41
55 20 42
56 18 11
57 62 12
58 45 91
59 88 46
60 67 73
61 98 52
62 86 57
63 10 64
64 68 63
65 60 59
66 20 30
67 22 84
68 37 41
69 82 60
70 8 56
71 51 79
72 46 95
73 24 2
74 54 84
75 19 65
76 8 13
77 25 32
78 33 75
79 62 44
80 65 1
81 48 35
82 47 12
83 27 88
84 95 80
85 64 19
86 74 99
87 82 1
88 25 89
89 89 15
90 23 96
91 28 28
92 65 85
93 84 36
94 35 78
95 23 50
96 41 57
97 30 82
98 29 89
99 31 44
100 62 31
0 1 0 0 1 0 0 1 0 1 0 0 0 0 0 0 0 1 1 1 0 0 0 0 0 1 0 1 0 0 0 0 0 1 0 0 0 1 0 0 0 1 1 1 0 0 1 0 0 0 0 1 0 1 0 0 1 0 1 0 1 1 0 0 0 0 0 0 0 0 0 0 0 0 0 0 0 0 1 1 0 1 0 0 1 0 1 0 1 0 0 0 1 0 0 0 0 0 0 1 
1 0 1 0 1 0 0 1 0 1 0 1 0 0 0 0 0 1 1 1 1 0 0 1 0 1 1 1 0 0 0 0 0 1 0 0 0 0 1 1 0 1 1 1 0 0 1 0 0 0 0 1 0 1 0 1 1 0 1 0 0 0 0 0 1 0 0 1 0 0 0 0 1 0 0 0 1 0 1 1 1 1 0 0 1 0 1 0 1 0 1 0 1 0 0 0 0 0 1 1 
0 1 0 0 0 1 0 0 0 1 0 1 0 1 0 0 0 0 0 0 1 0 1 1 0 1 0 0 0 0 0 0 0 0 0 0 1 0 0 1 0 0 0 0 0 0 0 0 1 0 0 1 0 0 1 1 1 0 0 0 0 0 0 0 0 1 0 1 0 0 0 0 1 0 0 1 1 0 0 1 1 1 0 0 1 0 0 0 0 0 1 0 0 0 1 0 0 0 1 1 
0 0 0 0 0 0 0 1 1 1 1 0 1 0 0 1 1 1 1 1 0 1 0 0 1 0 1 1 0 0 0 0 0 0 0 1 0 1 1 1 0 1 0 1 0 1 1 0 0 0 0 1 1 1 0 0 0 0 1 1 1 1 0 1 1 0 0 0 1 0 1 0 0 1 0 0 0 0 1 0 0 0 0 1 0 1 0 0 0 0 0 1 1 0 0 0 0 0 0 1 
1 1 0 0 0 0 0 1 0 1 0 0 0 0 0 0 0 1 1 1 0 0 0 0 0 1 0 1 0 0 0 0 0 1 0 0 0 0 0 0 0 1 1 1 0 0 1 0 0 0 0 1 0 1 0 0 1 0 1 0 0 0 0 0 0 0 0 0 0 0 0 0 0 0 0 0 0 0 0 1 0 1 0 0 1 0 1 0 1 0 0 0 1 0 0 0 0 0 0 1 
0 0 1 0 0 0 1 1 0 0 0 1 0 1 1 0 0 0 0 0 1 0 1 1 1 1 1 0 1 1 1 1 1 0 0 0 1 0 1 1 0 0 0 0 1 0 0 1 1 1 1 0 1 0 1 1 0 0 0 0 0 0 1 0 1 1 1 1 0 1 0 0 1 0 1 1 1 1 1 0 1 1 0 0 0 0 0 0 0 0 1 0 0 1 1 1 1 0 1 1 
0 0 0 0 0 1 0 1 1 0 1 0 1 1 1 1 1 0 0 0 1 1 0 1 1 1 1 0 1 1 1 1 1 0 1 0 1 0 1 1 1 0 0 1 1 1 0 1 1 1 1 0 1 0 1 0 0 1 0 1 0 1 1 1 1 1 1 1 1 1 1 1 0 1 1 0 1 1 1 0 1 0 1 0 0 0 0 1 0 1 1 1 0 1 1 1 1 1 1 1 
1 1 0 1 1 1 1 0 1 1 1 1 1 0 1 0 0 1 1 1 1 0 0 1 1 1 1 1 0 1 1 0 1 1 0 1 0 1 1 1 0 1 1 1 0 1 1 1 0 0 1 1 1 1 1 0 1 0 1 1 1 1 0 1 1 1 0 1 1 0 1 0 0 1 0 0 1 1 1 1 1 1 0 1 1 0 1 0 1 0 1 1 1 1 1 1 0 0 1 1 
0 0 0 1 0 0 1 1 0 0 1 0 1 0 1 1 1 0 0 0 0 1 0 0 1 0 1 0 1 1 1 0 1 0 1 1 1 1 1 1 1 0 0 1 1 1 0 1 0 1 1 0 1 1 1 0 0 1 1 1 1 1 1 1 1 0 1 1 1 1 1 1 0 1 1 0 0 1 1 0 1 0 1 1 0 1 0 1 0 1 0 1 1 1 1 1 1 1 1 1 
1 1 1 1 1 0 0 1 0 0 1 1 0 0 0 0 0 1 1 1 1 0 0 1 1 1 1 1 0 0 0 0 0 1 0 0 0 1 1 1 0 1 1 1 0 0 1 0 0 0 0 1 0 1 0 0 1 0 1 0 1 1 0 1 1 0 0 1 1 0 0 0 0 0 0 0 1 0 1 1 1 1 0 0 1 0 1 0 1 0 1 0 1 0 0 1 0 0 1 1 
0 0 0 1 0 0 1 1 1 1 0 0 1 0 0 1 1 1 1 1 0 1 0 0 1 0 1 1 0 1 1 0 0 0 0 1 0 1 1 1 0 1 0 1 0 1 1 0 0 0 1 1 1 1 0 0 0 1 1 1 1 1 0 1 1 0 0 0 1 0 1 1 0 1 0 0 0 0 1 0 1 0 0 1 1 1 0 0 0 0 0 1 1 1 0 1 0 0 0 1 
0 1 1 0 0 1 0 1 0 1 0 0 0 1 0 0 0 1 0 1 1 0 1 1 0 1 0 0 0 0 0 0 0 0 0 0 1 0 0 1 0 0 0 1 0 0 1 0 1 0 0 1 0 0 1 1 1 0 0 0 0 0 0 0 0 1 0 1 0 0 0 0 1 0 0 1 1 0 1 1 1 1 0 0 1 0 1 0 0 0 1 0 0 0 1 0 0 0 1 1 
0 0 0 1 0 0 1 1 1 0 1 0 0 0 1 1 1 0 0 0 0 1 0 0 1 0 1 0 0 1 1 0 1 0 1 1 0 1 1 1 1 0 0 0 1 1 0 1 0 1 1 0 1 1 0 0 0 1 1 1 1 1 0 1 1 0 1 1 1 0 1 1 0 1 1 0 0 1 1 0 1 0 1 1 0 1 0 1 0 1 0 1 0 1 1 1 1 1 1 1 
0 0 1 0 0 1 1 0 0 0 0 1 0 0 1 0 0 0 0 0 1 0 1 1 1 1 0 0 1 0 0 1 1 0 0 0 1 0 0 1 0 0 0 0 1 0 0 0 1 0 0 0 0 0 1 1 0 0 0 0 0 0 1 0 0 1 0 1 0 1 0 0 1 0 1 1 1 0 0 0 1 1 0 0 0 0 0 0 0 0 1 0 0 0 1 1 0 0 1 0 
0 0 0 0 0 1 1 1 1 0 0 0 1 1 0 1 0 0 0 0 1 1 0 1 1 1 1 0 1 1 1 1 1 0 1 0 1 0 1 1 1 0 0 0 1 0 0 1 1 1 1 0 1 0 1 0 0 1 0 1 0 0 1 1 1 1 1 1 0 1 1 1 0 1 1 0 1 1 1 0 1 0 1 0 0 0 0 1 0 1 1 1 0 1 1 1 1 1 1 1 
0 0 0 1 0 0 1 0 1 0 1 0 1 0 1 0 1 0 0 0 0 1 0 0 1 0 1 0 1 1 1 0 1 0 1 1 0 0 1 1 1 0 0 0 1 1 0 1 0 1 1 0 1 0 0 0 0 1 0 1 0 0 1 1 1 0 1 0 1 0 1 1 0 1 1 0 0 1 0 0 0 0 1 1 0 1 0 1 0 1 0 1 0 1 0 1 1 1 0 0 
0 0 0 1 0 0 1 0 1 0 1 0 1 0 0 1 0 0 0 0 0 1 0 0 1 0 1 0 0 1 1 0 1 0 1 1 0 1 1 0 1 0 0 0 0 1 0 1 0 1 1 0 1 0 0 0 0 1 0 1 0 1 0 1 1 0 1 0 1 0 1 1 0 1 0 0 0 1 0 0 0 0 1 1 0 1 0 1 0 1 0 1 0 1 0 1 1 1 0 0 
1 1 0 1 1 0 0 1 0 1 1 1 0 0 0 0 0 0 1 1 0 0 0 0 1 1 1 1 0 0 0 0 0 1 0 0 0 1 1 1 0 1 1 1 0 0 1 0 0 0 0 1 0 1 0 0 1 0 1 0 1 1 0 1 1 0 0 1 1 0 0 0 0 0 0 0 0 0 1 1 1 1 0 0 1 0 1 0 1 0 1 0 1 0 0 0 0 0 0 1 
1 1 0 1 1 0 0 1 0 1 1 0 0 0 0 0 0 1 0 1 0 0 0 0 0 1 1 1 0 0 0 0 0 1 0 1 0 1 1 1 0 1 1 1 0 1 1 0 0 0 0 1 0 1 0 0 1 0 1 1 1 1 0 1 1 0 0 0 1 0 0 0 0 0 0 0 0 0 1 1 1 1 0 1 1 0 1 0 1 0 0 0 1 0 0 0 0 0 0 1 
1 1 0 1 1 0 0 1 0 1 1 1 0 0 0 0 0 1 1 0 0 0 0 0 0 1 1 1 0 0 0 0 0 1 0 0 0 1 1 1 0 1 1 1 0 0 1 0 0 0 0 1 0 1 0 0 1 0 1 0 1 1 0 1 1 0 0 1 1 0 0 0 0 0 0 0 0 0 1 1 1 1 0 0 1 0 1 0 1 0 0 0 1 0 0 0 0 0 0 1 
0 1 1 0 0 1 1 1 0 1 0 1 0 1 1 0 0 0 0 0 0 0 1 1 1 1 1 0 0 0 0 1 1 0 0 0 1 0 0 1 0 0 0 1 0 0 0 0 1 0 0 1 0 0 1 1 1 0 0 0 0 0 1 0 0 1 0 1 0 1 0 0 1 0 1 1 1 0 1 1 1 1 0 0 1 0 0 0 0 0 1 0 0 0 1 1 0 0 1 1 
0 0 0 1 0 0 1 0 1 0 1 0 1 0 1 1 1 0 0 0 0 0 0 0 1 0 1 0 0 1 1 0 1 0 1 1 0 0 1 0 1 0 0 0 0 1 0 1 0 1 1 0 1 0 0 0 0 1 0 1 0 1 0 1 1 0 1 0 1 0 1 1 0 1 0 0 0 1 0 0 0 0 1 1 0 1 0 1 0 1 0 1 0 1 0 1 1 1 0 0 
0 0 1 0 0 1 0 0 0 0 0 1 0 1 0 0 0 0 0 0 1 0 0 1 0 1 0 0 0 0 0 1 0 0 0 0 1 0 0 0 0 0 0 0 0 0 0 0 1 0 0 0 0 0 1 1 0 0 0 0 0 0 1 0 0 1 0 1 0 1 0 0 1 0 1 1 1 0 0 0 1 1 0 0 0 0 0 0 0 0 1 0 0 0 1 0 0 0 1 0 
0 1 1 0 0 1 1 1 0 1 0 1 0 1 1 0 0 0 0 0 1 0 1 0 1 1 1 0 0 0 0 1 1 0 0 0 1 0 0 1 0 0 0 1 0 0 0 0 1 0 0 1 0 0 1 1 1 0 0 0 0 0 1 0 0 1 0 1 0 1 0 0 1 0 1 1 1 0 1 1 1 1 0 0 1 0 0 0 0 0 1 0 0 0 1 1 0 0 1 1 
0 0 0 1 0 1 1 1 1 1 1 0 1 1 1 1 1 1 0 0 1 1 0 1 0 1 1 0 1 1 1 1 1 0 1 0 1 1 1 1 1 0 0 1 1 1 1 1 1 1 1 1 1 1 1 0 1 1 1 1 0 1 1 1 1 1 1 1 1 1 1 1 0 1 1 0 1 1 1 0 1 1 1 0 1 0 0 1 0 1 1 1 1 1 1 1 1 1 1 1 
1 1 1 0 1 1 1 1 0 1 0 1 0 1 1 0 0 1 1 1 1 0 1 1 1 0 1 1 0 0 0 0 1 1 0 0 1 1 1 1 0 1 1 1 0 0 1 0 1 0 0 1 1 1 1 1 1 0 1 0 0 1 0 1 1 1 0 1 1 0 0 0 1 0 0 1 1 0 1 1 1 1 0 0 1 0 1 0 1 0 1 0 1 0 1 1 0 0 1 1 
0 1 0 1 0 1 1 1 1 1 1 0 1 0 1 1 1 1 1 1 1 1 0 1 1 1 0 1 0 1 1 0 1 0 0 1 1 1 1 1 0 1 0 1 1 1 1 1 0 1 1 1 1 1 1 0 1 1 1 1 1 1 1 1 1 1 1 1 1 0 1 1 0 1 1 0 1 1 1 0 1 1 1 1 1 1 0 1 1 0 1 1 1 1 1 1 1 1 1 1 
1 1 0 1 1 0 0 1 0 1 1 0 0 0 0 0 0 1 1 1 0 0 0 0 0 1 1 0 0 0 0 0 0 1 0 0 0 1 0 1 0 1 1 1 0 0 1 0 0 0 0 1 0 1 0 0 1 0 1 0 1 1 0 1 1 0 0 0 1 0 0 0 0 0 0 0 0 0 1 1 0 0 0 0 1 0 1 0 1 0 0 0 1 0 0 0 0 0 0 1 
0 0 0 0 0 1 1 0 1 0 0 0 0 1 1 1 0 0 0 0 0 0 0 0 1 0 0 0 0 1 1 1 1 0 1 0 1 0 0 0 1 0 0 0 1 0 0 1 1 1 1 0 1 0 1 0 0 1 0 0 0 0 1 0 0 1 1 1 0 1 1 1 0 1 1 0 1 1 0 0 0 0 1 0 0 0 0 1 0 1 0 0 0 1 1 1 1 1 1 0 
0 0 0 0 0 1 1 1 1 0 1 0 1 0 1 1 1 0 0 0 0 1 0 0 1 0 1 0 1 0 1 1 1 0 1 0 1 0 1 1 1 0 0 0 1 1 0 1 0 1 1 0 1 0 1 0 0 1 0 1 0 0 1 1 1 0 1 1 1 1 1 1 0 1 1 0 0 1 1 0 1 0 1 0 0 1 0 1 0 1 0 1 0 1 1 1 1 1 1 0 
0 0 0 0 0 1 1 1 1 0 1 0 1 0 1 1 1 0 0 0 0 1 0 0 1 0 1 0 1 1 0 1 1 0 1 0 1 0 1 1 1 0 0 0 1 1 0 1 0 1 1 0 1 0 1 0 0 1 0 1 0 0 1 1 1 0 1 1 0 1 1 1 0 1 1 0 0 1 1 0 1 0 1 0 0 1 0 1 0 1 0 1 0 1 1 1 1 1 1 0 
0 0 0 0 0 1 1 0 0 0 0 0 0 1 1 0 0 0 0 0 1 0 1 1 1 0 0 0 1 1 1 0 1 0 1 0 1 0 0 1 1 0 0 0 1 0 0 1 1 1 1 0 0 0 1 1 0 0 0 0 0 0 1 0 0 1 1 1 0 1 0 0 0 0 1 1 1 1 0 0 1 0 1 0 0 0 0 1 0 1 1 0 0 1 1 1 1 1 1 0 
0 0 0 0 0 1 1 1 1 0 0 0 1 1 1 1 1 0 0 0 1 1 0 1 1 1 1 0 1 1 1 1 0 0 1 0 1 0 1 1 1 0 0 0 1 1 0 1 1 1 1 0 1 0 1 0 0 1 0 1 0 0 1 1 1 1 1 1 0 1 1 1 0 1 1 0 1 1 1 0 1 0 1 0 0 0 0 1 0 1 1 1 0 1 1 1 1 1 1 1 
1 1 0 0 1 0 0 1 0 1 0 0 0 0 0 0 0 1 1 1 0 0 0 0 0 1 0 1 0 0 0 0 0 0 0 0 0 1 0 1 0 1 1 1 0 0 1 0 0 0 0 1 0 1 0 0 1 0 1 0 1 1 0 0 0 0 0 0 1 0 0 0 0 0 0 0 0 0 1 1 1 1 0 0 1 0 1 0 1 0 0 0 1 0 0 0 0 0 0 1 
0 0 0 0 0 0 1 0 1 0 0 0 1 0 1 1 1 0 0 0 0 1 0 0 1 0 0 0 1 1 1 1 1 0 0 0 0 0 1 0 1 0 0 0 1 0 0 1 0 1 1 0 1 0 0 0 0 1 0 1 0 0 1 0 1 0 1 0 0 1 1 1 0 1 1 0 0 1 0 0 0 0 1 0 0 1 0 1 0 1 0 1 0 1 1 1 1 1 0 0 
0 0 0 1 0 0 0 1 1 0 1 0 1 0 0 1 1 0 1 0 0 1 0 0 0 0 1 0 0 0 0 0 0 0 0 0 0 1 1 0 0 0 0 0 0 1 0 0 0 0 0 0 1 1 0 0 0 0 1 1 1 1 0 1 1 0 0 0 1 0 1 0 0 1 0 0 0 0 1 0 0 0 0 1 0 1 0 0 0 0 0 1 1 0 0 0 0 0 0 0 
0 0 1 0 0 1 1 0 1 0 0 1 0 1 1 0 0 0 0 0 1 0 1 1 1 1 1 0 1 1 1 1 1 0 0 0 0 0 1 1 1 0 0 0 1 0 0 1 1 1 1 0 1 0 1 1 0 0 0 0 0 0 1 0 1 1 1 1 0 1 0 0 1 0 1 1 1 1 1 0 1 1 1 0 0 0 0 1 0 0 1 0 0 1 1 1 1 1 1 1 
1 0 0 1 0 0 0 1 1 1 1 0 1 0 0 0 1 1 1 1 0 0 0 0 1 1 1 1 0 0 0 0 0 1 0 1 0 0 1 1 0 1 1 1 0 1 1 0 0 0 0 1 1 1 0 0 0 0 1 1 1 1 0 1 1 0 0 0 1 0 1 0 0 1 0 0 0 0 1 0 1 0 0 1 1 1 0 0 1 0 0 1 1 0 0 1 0 0 0 1 
0 1 0 1 0 1 1 1 1 1 1 0 1 0 1 1 1 1 1 1 0 1 0 0 1 1 1 0 0 1 1 0 1 0 1 1 1 1 0 1 1 0 0 1 1 1 1 1 0 1 1 1 1 1 1 0 1 1 1 1 1 1 1 1 1 1 1 1 1 0 1 1 0 1 1 0 1 1 1 0 1 1 1 1 1 1 0 1 0 0 1 1 1 1 1 1 1 1 1 1 
0 1 1 1 0 1 1 1 1 1 1 1 1 1 1 1 0 1 1 1 1 0 0 1 1 1 1 1 0 1 1 1 1 1 0 0 1 1 1 0 0 1 0 1 1 1 1 1 1 1 1 1 1 1 1 1 1 1 1 1 1 1 1 1 1 1 1 1 1 1 1 0 0 1 1 0 1 1 1 1 1 1 0 0 1 0 0 0 1 0 1 1 1 1 1 1 1 0 1 1 
0 0 0 0 0 0 1 0 1 0 0 0 1 0 1 1 1 0 0 0 0 1 0 0 1 0 0 0 1 1 1 1 1 0 1 0 1 0 1 0 0 0 0 0 1 0 0 1 0 1 1 0 1 0 1 0 0 1 0 1 0 0 1 0 1 0 1 0 0 1 1 1 0 1 1 0 0 1 0 0 0 0 1 0 0 0 0 1 0 1 0 1 0 1 1 1 1 1 1 0 
1 1 0 1 1 0 0 1 0 1 1 0 0 0 0 0 0 1 1 1 0 0 0 0 0 1 1 1 0 0 0 0 0 1 0 0 0 1 0 1 0 0 1 1 0 0 1 0 0 0 0 1 0 1 0 0 1 0 1 0 1 1 0 1 1 0 0 0 1 0 0 0 0 0 0 0 0 0 1 1 1 0 0 0 1 0 1 0 1 0 0 0 1 0 0 0 0 0 0 1 
1 1 0 0 1 0 0 1 0 1 0 0 0 0 0 0 0 1 1 1 0 0 0 0 0 1 0 1 0 0 0 0 0 1 0 0 0 1 0 0 0 1 0 1 0 0 1 0 0 0 0 1 0 1 0 0 1 0 1 0 1 1 0 0 0 0 0 0 0 0 0 0 0 0 0 0 0 0 1 1 1 1 0 0 1 0 1 0 1 0 0 0 1 0 0 0 0 0 0 1 
1 1 0 1 1 0 1 1 1 1 1 1 0 0 0 0 0 1 1 1 1 0 0 1 1 1 1 1 0 0 0 0 0 1 0 0 0 1 1 1 0 1 1 0 0 1 1 0 0 0 0 1 1 1 0 0 1 0 1 1 1 1 0 1 1 1 0 1 1 0 0 0 0 0 0 0 1 0 1 1 1 1 0 0 1 0 1 0 1 0 1 0 1 0 0 1 0 0 1 1 
0 0 0 0 0 1 1 0 1 0 0 0 1 1 1 1 0 0 0 0 0 0 0 0 1 0 1 0 1 1 1 1 1 0 1 0 1 0 1 1 1 0 0 0 0 0 0 1 1 1 1 0 1 0 1 0 0 1 0 0 0 0 1 0 1 1 1 1 0 1 1 1 0 1 1 0 1 1 0 0 0 0 1 0 0 0 0 1 0 1 1 0 0 1 1 1 1 1 1 0 
0 0 0 1 0 0 1 1 1 0 1 0 1 0 0 1 1 0 1 0 0 1 0 0 1 0 1 0 0 1 1 0 1 0 0 1 0 1 1 1 0 0 0 1 0 0 1 1 0 0 1 0 1 1 0 0 0 1 1 1 1 1 0 1 1 0 0 0 1 0 1 1 0 1 0 0 0 1 1 0 1 0 0 1 0 1 0 0 0 0 0 1 1 1 0 1 1 1 0 1 
1 1 0 1 1 0 0 1 0 1 1 1 0 0 0 0 0 1 1 1 0 0 0 0 1 1 1 1 0 0 0 0 0 1 0 0 0 1 1 1 0 1 1 1 0 1 0 0 0 0 0 1 0 1 0 0 1 0 1 1 1 1 0 1 1 0 0 1 1 0 0 0 0 0 0 0 0 0 1 1 1 1 0 0 1 0 1 0 1 0 0 0 1 0 0 0 0 0 0 1 
0 0 0 0 0 1 1 1 1 0 0 0 1 0 1 1 1 0 0 0 0 1 0 0 1 0 1 0 1 1 1 1 1 0 1 0 1 0 1 1 1 0 0 0 1 1 0 0 0 1 1 0 1 0 1 0 0 1 0 1 0 0 1 1 1 1 1 1 0 1 1 1 0 1 1 0 1 1 1 0 1 0 1 0 0 1 0 1 0 1 1 1 0 1 1 1 1 1 1 0 
0 0 1 0 0 1 1 0 0 0 0 1 0 1 1 0 0 0 0 0 1 0 1 1 1 1 0 0 1 0 0 1 1 0 0 0 1 0 0 1 0 0 0 0 1 0 0 0 0 0 0 0 0 0 1 1 0 0 0 0 0 0 1 0 0 1 0 1 0 1 0 0 1 0 1 1 1 0 0 0 1 1 0 0 0 0 0 0 0 0 1 0 0 0 1 1 0 0 1 0 
0 0 0 0 0 1 1 0 1 0 0 0 1 0 1 1 1 0 0 0 0 1 0 0 1 0 1 0 1 1 1 1 1 0 1 0 1 0 1 1 1 0 0 0 1 0 0 1 0 0 1 0 1 0 1 0 0 1 0 1 0 0 1 1 1 0 1 1 0 1 1 1 0 1 1 0 0 1 0 0 0 0 1 0 0 0 0 1 0 1 0 1 0 1 1 1 1 1 1 0 
0 0 0 0 0 1 1 1 1 0 1 0 1 0 1 1 1 0 0 0 0 1 0 0 1 0 1 0 1 1 1 1 1 0 1 0 1 0 1 1 1 0 0 0 1 1 0 1 0 1 0 0 1 0 1 0 0 1 0 1 0 0 1 1 1 1 1 1 1 1 1 1 0 1 1 0 1 1 1 0 1 0 1 0 0 1 0 1 0 1 1 1 0 1 1 1 1 1 1 0 
1 1 1 1 1 0 0 1 0 1 1 1 0 0 0 0 0 1 1 1 1 0 0 1 1 1 1 1 0 0 0 0 0 1 0 0 0 1 1 1 0 1 1 1 0 0 1 0 0 0 0 0 1 1 0 0 1 0 1 0 1 1 0 1 1 1 0 1 1 0 0 0 1 0 0 0 1 0 1 1 1 1 0 0 1 0 1 0 1 0 1 0 1 0 0 1 0 0 1 1 
0 0 0 1 0 1 1 1 1 0 1 0 1 0 1 1 1 0 0 0 0 1 0 0 1 1 1 0 1 1 1 0 1 0 1 1 1 1 1 1 1 0 0 1 1 1 0 1 0 1 1 1 0 1 1 0 0 1 1 1 1 1 1 1 1 0 1 1 1 1 1 1 0 1 1 0 1 1 1 0 1 0 1 1 0 1 0 1 0 1 1 1 1 1 1 1 1 1 1 1 
1 1 0 1 1 0 0 1 1 1 1 0 1 0 0 0 0 1 1 1 0 0 0 0 1 1 1 1 0 0 0 0 0 1 0 1 0 1 1 1 0 1 1 1 0 1 1 0 0 0 0 1 1 0 0 0 1 0 1 1 1 1 0 1 1 0 0 1 1 0 1 0 0 0 0 0 0 0 1 1 1 1 0 1 1 0 1 0 1 0 0 1 1 0 0 1 0 0 0 1 
0 0 1 0 0 1 1 1 1 0 0 1 0 1 1 0 0 0 0 0 1 0 1 1 1 1 1 0 1 1 1 1 1 0 0 0 1 0 1 1 1 0 0 0 1 0 0 1 1 1 1 0 1 0 0 1 0 0 0 0 0 0 1 0 1 1 1 1 0 1 1 0 1 0 1 1 1 1 1 0 1 1 1 0 1 0 0 1 0 0 1 0 0 1 1 1 1 1 1 1 
0 1 1 0 0 1 0 0 0 0 0 1 0 1 0 0 0 0 0 0 1 0 1 1 0 1 0 0 0 0 0 1 0 0 0 0 1 0 0 1 0 0 0 0 0 0 0 0 1 0 0 0 0 0 1 0 1 0 0 0 0 0 0 0 0 1 0 1 0 1 0 0 1 0 0 1 1 0 0 1 1 1 0 0 1 0 0 0 0 0 1 0 0 0 1 0 0 0 1 1 
1 1 1 0 1 0 0 1 0 1 0 1 0 0 0 0 0 1 1 1 1 0 0 1 1 1 1 1 0 0 0 0 0 1 0 0 0 0 1 1 0 1 1 1 0 0 1 0 0 0 0 1 0 1 0 1 0 0 1 0 0 0 0 0 1 1 0 1 0 0 0 0 1 0 0 0 1 0 1 1 1 1 0 0 1 0 1 0 1 0 1 0 1 0 0 1 0 0 1 1 
0 0 0 0 0 0 1 0 1 0 1 0 1 0 1 1 1 0 0 0 0 1 0 0 1 0 1 0 1 1 1 0 1 0 1 0 0 0 1 1 1 0 0 0 1 1 0 1 0 1 1 0 1 0 0 0 0 0 0 1 0 0 1 1 1 0 1 0 1 0 1 1 0 1 1 0 0 1 1 0 0 0 1 0 0 1 0 1 0 1 0 1 0 1 1 1 1 1 1 0 
1 1 0 1 1 0 0 1 1 1 1 0 1 0 0 0 0 1 1 1 0 0 0 0 1 1 1 1 0 0 0 0 0 1 0 1 0 1 1 1 0 1 1 1 0 1 1 0 0 0 0 1 1 1 0 0 1 0 0 1 1 1 0 1 1 0 0 0 1 0 1 0 0 0 0 0 0 0 1 0 1 0 0 1 1 0 1 0 1 0 0 1 1 0 0 1 0 0 0 1 
0 0 0 1 0 0 1 1 1 0 1 0 1 0 1 1 1 0 1 0 0 1 0 0 1 0 1 0 0 1 1 0 1 0 1 1 0 1 1 1 1 0 0 1 0 1 1 1 0 1 1 0 1 1 0 0 0 1 1 0 1 1 0 1 1 0 1 1 1 0 1 1 0 1 1 0 0 1 1 0 1 0 1 1 0 1 0 1 0 1 0 1 1 1 1 1 1 1 1 1 
1 0 0 1 0 0 0 1 1 1 1 0 1 0 0 0 0 1 1 1 0 0 0 0 0 0 1 1 0 0 0 0 0 1 0 1 0 1 1 1 0 1 1 1 0 1 1 0 0 0 0 1 1 1 0 0 0 0 1 1 0 1 0 1 1 0 0 0 1 0 0 0 0 0 0 0 0 0 1 0 0 0 0 1 1 0 0 0 1 0 0 1 1 0 0 0 0 0 0 1 
1 0 0 1 0 0 1 1 1 1 1 0 1 0 0 0 1 1 1 1 0 1 0 0 1 1 1 1 0 0 0 0 0 1 0 1 0 1 1 1 0 1 1 1 0 1 1 0 0 0 0 1 1 1 0 0 0 0 1 1 1 0 0 1 1 0 0 0 1 0 1 0 0 1 0 0 0 0 1 0 1 0 0 1 1 1 0 0 1 0 0 1 1 0 0 1 0 0 0 1 
0 0 0 0 0 1 1 0 1 0 0 0 0 1 1 1 0 0 0 0 1 0 1 1 1 0 1 0 1 1 1 1 1 0 1 0 1 0 1 1 1 0 0 0 1 0 0 1 1 1 1 0 1 0 1 0 0 1 0 0 0 0 0 0 0 1 1 1 0 1 1 1 0 1 1 0 1 1 0 0 1 0 1 0 0 0 0 1 0 1 1 0 0 1 1 1 1 1 1 0 
0 0 0 1 0 0 1 1 1 1 1 0 1 0 1 1 1 1 1 1 0 1 0 0 1 1 1 1 0 1 1 0 1 0 0 1 0 1 1 1 0 1 0 1 0 1 1 1 0 1 1 1 1 1 0 0 0 1 1 1 1 1 0 0 1 0 0 1 1 0 1 1 0 1 1 0 0 1 1 0 1 0 1 1 1 1 0 0 0 0 0 1 1 1 1 1 1 1 1 1 
0 1 0 1 0 1 1 1 1 1 1 0 1 0 1 1 1 1 1 1 0 1 0 0 1 1 1 1 0 1 1 0 1 0 1 1 1 1 1 1 1 1 0 1 1 1 1 1 0 1 1 1 1 1 1 0 1 1 1 1 1 1 0 1 0 1 1 1 1 0 1 1 0 1 1 0 1 1 1 0 1 1 1 1 1 1 0 1 0 0 1 1 1 1 1 1 1 1 1 1 
0 0 1 0 0 1 1 1 0 0 0 1 0 1 1 0 0 0 0 0 1 0 1 1 1 1 1 0 1 0 0 1 1 0 0 0 1 0 1 1 0 0 0 1 1 0 0 1 1 0 1 1 0 0 1 1 1 0 0 0 0 0 1 0 1 0 0 1 0 1 0 0 1 0 1 1 1 1 1 0 1 1 0 0 1 0 0 0 0 0 1 0 0 0 1 1 0 0 1 1 
0 0 0 0 0 1 1 0 1 0 0 0 1 0 1 1 1 0 0 0 0 1 0 0 1 0 1 0 1 1 1 1 1 0 1 0 1 0 1 1 1 0 0 0 1 0 0 1 0 1 1 0 1 0 1 0 0 1 0 1 0 0 1 0 1 0 0 1 0 1 1 1 0 1 1 0 0 1 0 0 0 0 1 0 0 0 0 1 0 1 0 1 0 1 1 1 1 1 1 0 
0 1 1 0 0 1 1 1 1 1 0 1 1 1 1 0 0 1 0 1 1 0 1 1 1 1 1 0 1 1 1 1 1 0 0 0 1 0 1 1 0 0 0 1 1 0 1 1 1 1 1 1 1 1 1 1 1 0 0 1 0 0 1 1 1 1 1 0 1 1 1 0 1 1 1 1 1 1 1 1 1 1 1 0 1 0 0 1 0 0 1 0 1 1 1 1 1 1 1 1 
0 0 0 1 0 0 1 1 1 1 1 0 1 0 0 1 1 1 1 1 0 1 0 0 1 1 1 1 0 1 0 0 0 1 0 1 0 1 1 1 0 1 0 1 0 1 1 0 0 0 1 1 1 1 0 0 0 1 1 1 1 1 0 1 1 0 0 1 0 0 1 0 0 1 0 0 0 0 1 0 1 0 0 1 1 1 0 0 1 0 0 1 1 0 0 1 0 0 0 1 
0 0 0 0 0 1 1 0 1 0 0 0 0 1 1 0 0 0 0 0 1 0 1 1 1 0 0 0 1 1 1 1 1 0 1 0 1 0 0 1 1 0 0 0 1 0 0 1 1 1 1 0 1 0 1 1 0 0 0 0 0 0 1 0 0 1 1 1 0 0 1 0 0 0 1 1 1 1 0 0 1 0 1 0 0 0 0 1 0 1 1 0 0 1 1 1 1 1 1 0 
0 0 0 1 0 0 1 1 1 0 1 0 1 0 1 1 1 0 0 0 0 1 0 0 1 0 1 0 1 1 1 0 1 0 1 1 0 1 1 1 1 0 0 0 1 1 0 1 0 1 1 0 1 1 1 0 0 1 1 1 0 1 1 1 1 0 1 1 1 1 0 1 0 1 1 0 0 1 1 0 1 0 1 1 0 1 0 1 0 1 0 1 0 1 1 1 1 1 1 1 
0 0 0 0 0 0 1 0 1 0 1 0 1 0 1 1 1 0 0 0 0 1 0 0 1 0 1 0 1 1 1 0 1 0 1 0 0 0 1 0 1 0 0 0 1 1 0 1 0 1 1 0 1 0 0 0 0 1 0 1 0 0 1 1 1 0 1 0 0 0 1 0 0 1 1 0 0 1 0 0 0 0 1 0 0 1 0 1 0 1 0 1 0 1 0 1 1 1 0 0 
0 1 1 0 0 1 0 0 0 0 0 1 0 1 0 0 0 0 0 0 1 0 1 1 0 1 0 0 0 0 0 0 0 0 0 0 1 0 0 0 0 0 0 0 0 0 0 0 1 0 0 1 0 0 1 1 1 0 0 0 0 0 0 0 0 1 0 1 0 0 0 0 0 0 0 1 1 0 0 1 1 1 0 0 1 0 0 0 0 0 1 0 0 0 1 0 0 0 1 1 
0 0 0 1 0 0 1 1 1 0 1 0 1 0 1 1 1 0 0 0 0 1 0 0 1 0 1 0 1 1 1 0 1 0 1 1 0 1 1 1 1 0 0 0 1 1 0 1 0 1 1 0 1 0 0 0 0 1 0 1 0 1 1 1 1 0 1 1 1 0 1 1 0 0 1 0 0 1 1 0 1 0 1 1 0 1 0 1 0 1 0 1 0 1 1 1 1 1 1 0 
0 0 0 0 0 1 1 0 1 0 0 0 1 1 1 1 0 0 0 0 1 0 1 1 1 0 1 0 1 1 1 1 1 0 1 0 1 0 1 1 1 0 0 0 1 0 0 1 1 1 1 0 1 0 1 0 0 1 0 1 0 0 1 1 1 1 1 1 0 1 1 1 0 1 0 0 1 1 1 0 1 0 1 0 0 0 0 1 0 1 1 0 0 1 1 1 1 1 1 0 
0 0 1 0 0 1 0 0 0 0 0 1 0 1 0 0 0 0 0 0 1 0 1 1 0 1 0 0 0 0 0 1 0 0 0 0 1 0 0 0 0 0 0 0 0 0 0 0 1 0 0 0 0 0 1 1 0 0 0 0 0 0 0 0 0 1 0 1 0 1 0 0 1 0 0 0 1 0 0 0 1 1 0 0 0 0 0 0 0 0 1 0 0 0 1 0 0 0 1 0 
0 1 1 0 0 1 1 1 0 1 0 1 0 1 1 0 0 0 0 0 1 0 1 1 1 1 1 0 1 0 0 1 1 0 0 0 1 0 1 1 0 0 0 1 1 0 0 1 1 0 1 1 1 0 1 1 1 0 0 0 0 0 1 0 1 1 0 1 0 1 0 0 1 0 1 1 0 1 1 0 1 1 0 0 1 0 0 0 0 0 1 0 0 1 1 1 0 0 1 1 
0 0 0 0 0 1 1 1 1 0 0 0 1 0 1 1 1 0 0 0 0 1 0 0 1 0 1 0 1 1 1 1 1 0 1 0 1 0 1 1 1 0 0 0 1 1 0 1 0 1 1 0 1 0 1 0 0 1 0 1 0 0 1 1 1 1 1 1 0 1 1 1 0 1 1 0 1 0 1 0 1 0 1 0 0 1 0 1 0 1 1 1 0 1 1 1 1 1 1 0 
1 1 0 1 0 1 1 1 1 1 1 1 1 0 1 0 0 1 1 1 1 0 0 1 1 1 1 1 0 1 1 0 1 1 0 1 1 1 1 1 0 1 1 1 0 1 1 1 0 0 1 1 1 1 1 0 1 1 1 1 1 1 0 1 1 1 0 1 1 0 1 0 0 1 1 0 1 1 0 1 1 1 0 1 1 0 1 0 1 0 1 1 1 1 1 1 1 0 1 1 
1 1 1 0 1 0 0 1 0 1 0 1 0 0 0 0 0 1 1 1 1 0 0 1 0 1 0 1 0 0 0 0 0 1 0 0 0 0 0 1 0 1 1 1 0 0 1 0 0 0 0 1 0 1 0 1 1 0 0 0 0 0 0 0 0 0 0 1 0 0 0 0 1 0 0 0 0 0 1 0 1 1 0 0 1 0 1 0 1 0 1 0 1 0 0 0 0 0 0 1 
0 1 1 0 0 1 1 1 1 1 1 1 1 1 1 0 0 1 1 1 1 0 1 1 1 1 1 0 0 1 1 1 1 1 0 0 1 1 1 1 0 1 1 1 0 1 1 1 1 0 1 1 1 1 1 1 1 0 1 1 0 1 1 1 1 1 0 1 1 1 1 0 1 1 1 1 1 1 1 1 0 1 0 0 1 0 1 0 1 0 1 0 1 1 1 1 0 0 1 1 
1 1 1 0 1 1 0 1 0 1 0 1 0 1 0 0 0 1 1 1 1 0 1 1 1 1 1 0 0 0 0 0 0 1 0 0 1 0 1 1 0 0 1 1 0 0 1 0 1 0 0 1 0 1 1 1 1 0 0 0 0 0 0 0 1 1 0 1 0 0 0 0 1 0 0 1 1 0 1 1 1 0 0 0 1 0 1 0 1 0 1 0 1 0 1 1 0 0 1 1 
0 0 0 0 0 0 1 0 1 0 0 0 1 0 1 1 1 0 0 0 0 1 0 0 1 0 1 0 1 1 1 1 1 0 1 0 1 0 1 0 1 0 0 0 1 0 0 1 0 1 1 0 1 0 1 0 0 1 0 1 0 0 1 1 1 0 1 1 0 1 1 1 0 1 1 0 0 1 0 0 0 0 0 0 0 1 0 1 0 1 0 1 0 1 1 1 1 1 1 0 
0 0 0 1 0 0 0 1 1 0 1 0 1 0 0 1 1 0 1 0 0 1 0 0 0 0 1 0 0 0 0 0 0 0 0 1 0 1 1 0 0 0 0 0 0 1 0 0 0 0 0 0 1 1 0 0 0 0 1 1 1 1 0 1 1 0 0 0 1 0 1 0 0 1 0 0 0 0 1 0 0 0 0 0 0 1 0 0 0 0 0 1 1 0 0 0 0 0 0 0 
1 1 1 0 1 0 0 1 0 1 1 1 0 0 0 0 0 1 1 1 1 0 0 1 1 1 1 1 0 0 0 0 0 1 0 0 0 1 1 1 0 1 1 1 0 0 1 0 0 0 0 1 0 1 1 1 1 0 1 0 1 1 0 1 1 1 0 1 1 0 0 0 1 0 0 0 1 0 1 1 1 1 0 0 0 0 1 0 1 0 1 0 1 0 0 1 0 0 1 1 
0 0 0 1 0 0 0 0 1 0 1 0 1 0 0 1 1 0 0 0 0 1 0 0 0 0 1 0 0 1 1 0 0 0 1 1 0 1 1 0 0 0 0 0 0 1 0 1 0 0 1 0 1 0 0 0 0 1 0 1 0 1 0 1 1 0 0 0 1 0 1 1 0 1 0 0 0 1 0 0 0 0 1 1 0 0 0 0 0 0 0 1 0 1 0 0 1 1 0 0 
1 1 0 0 1 0 0 1 0 1 0 1 0 0 0 0 0 1 1 1 0 0 0 0 0 1 0 1 0 0 0 0 0 1 0 0 0 0 0 0 0 1 1 1 0 0 1 0 0 0 0 1 0 1 0 0 1 0 1 0 0 0 0 0 0 0 0 0 0 0 0 0 0 0 0 0 0 0 1 1 1 1 0 0 1 0 0 0 1 0 0 0 1 0 0 0 0 0 0 1 
0 0 0 0 0 0 1 0 1 0 0 0 1 0 1 1 1 0 0 0 0 1 0 0 1 0 1 0 1 1 1 1 1 0 1 0 1 0 1 0 1 0 0 0 1 0 0 1 0 1 1 0 1 0 1 0 0 1 0 1 0 0 1 0 1 0 1 1 0 1 1 1 0 1 1 0 0 1 0 0 0 0 1 0 0 0 0 0 0 1 0 1 0 1 1 1 1 1 1 0 
1 1 0 0 1 0 0 1 0 1 0 0 0 0 0 0 0 1 1 1 0 0 0 0 0 1 1 1 0 0 0 0 0 1 0 0 0 1 0 1 0 1 1 1 0 0 1 0 0 0 0 1 0 1 0 0 1 0 1 0 1 1 0 0 0 0 0 0 1 0 0 0 0 0 0 0 0 0 1 1 1 1 0 0 1 0 1 0 0 0 0 0 1 0 0 0 0 0 0 1 
0 0 0 0 0 0 1 0 1 0 0 0 1 0 1 1 1 0 0 0 0 1 0 0 1 0 0 0 1 1 1 1 1 0 1 0 0 0 0 0 1 0 0 0 1 0 0 1 0 1 1 0 1 0 0 0 0 1 0 1 0 0 1 0 0 0 1 0 0 1 1 1 0 1 1 0 0 1 0 0 0 0 1 0 0 0 0 1 0 0 0 1 0 1 1 1 1 1 0 0 
0 1 1 0 0 1 1 1 0 1 0 1 0 1 1 0 0 1 0 0 1 0 1 1 1 1 1 0 0 0 0 1 1 0 0 0 1 0 1 1 0 0 0 1 1 0 0 1 1 0 1 1 1 0 1 1 1 0 0 0 0 0 1 0 1 1 0 1 0 1 0 0 1 0 1 1 1 1 1 1 1 1 0 0 1 0 0 0 0 0 0 0 0 0 1 1 0 0 1 1 
0 0 0 1 0 0 1 1 1 0 1 0 1 0 1 1 1 0 0 0 0 1 0 0 1 0 1 0 0 1 1 0 1 0 1 1 0 1 1 1 1 0 0 0 0 1 0 1 0 1 1 0 1 1 0 0 0 1 1 1 1 1 0 1 1 0 1 0 1 0 1 1 0 1 0 0 0 1 1 0 0 0 1 1 0 1 0 1 0 1 0 0 0 1 0 1 1 1 0 0 
1 1 0 1 1 0 0 1 1 1 1 0 0 0 0 0 0 1 1 1 0 0 0 0 1 1 1 1 0 0 0 0 0 1 0 1 0 1 1 1 0 1 1 1 0 1 1 0 0 0 0 1 1 1 0 0 1 0 1 1 1 1 0 1 1 0 0 1 1 0 0 0 0 0 0 0 0 0 1 1 1 1 0 1 1 0 1 0 1 0 0 0 0 0 0 1 0 0 0 1 
0 0 0 0 0 1 1 1 1 0 1 0 1 0 1 1 1 0 0 0 0 1 0 0 1 0 1 0 1 1 1 1 1 0 1 0 1 0 1 1 1 0 0 0 1 1 0 1 0 1 1 0 1 0 1 0 0 1 0 1 0 0 1 1 1 0 1 1 0 1 1 1 0 1 1 0 1 1 1 0 1 0 1 0 0 1 0 1 0 1 0 1 0 0 1 1 1 1 1 0 
0 0 1 0 0 1 1 1 1 0 0 1 1 1 1 0 0 0 0 0 1 0 1 1 1 1 1 0 1 1 1 1 1 0 1 0 1 0 1 1 1 0 0 0 1 0 0 1 1 1 1 0 1 0 1 1 0 1 0 1 0 0 1 1 1 1 1 1 0 1 1 0 1 1 1 1 1 1 1 0 1 1 1 0 0 0 0 1 0 1 1 0 0 1 0 1 1 1 1 1 
0 0 0 0 0 1 1 1 1 1 1 0 1 1 1 1 1 0 0 0 1 1 0 1 1 1 1 0 1 1 1 1 1 0 1 0 1 1 1 1 1 0 0 1 1 1 0 1 1 1 1 1 1 1 1 0 1 1 1 1 0 1 1 1 1 1 1 1 1 1 1 1 0 1 1 0 1 1 1 0 1 1 1 0 1 0 0 1 0 1 1 1 1 1 1 0 1 1 1 1 
0 0 0 0 0 1 1 0 1 0 0 0 1 0 1 1 1 0 0 0 0 1 0 0 1 0 1 0 1 1 1 1 1 0 1 0 1 0 1 1 1 0 0 0 1 1 0 1 0 1 1 0 1 0 1 0 0 1 0 1 0 0 1 1 1 0 1 1 0 1 1 1 0 1 1 0 0 1 1 0 0 0 1 0 0 1 0 1 0 1 0 1 0 1 1 1 0 1 1 0 
0 0 0 0 0 0 1 0 1 0 0 0 1 0 1 1 1 0 0 0 0 1 0 0 1 0 1 0 1 1 1 1 1 0 1 0 1 0 1 0 1 0 0 0 1 1 0 1 0 1 1 0 1 0 1 0 0 1 0 1 0 0 1 1 1 0 1 1 0 1 1 1 0 1 1 0 0 1 0 0 0 0 1 0 0 1 0 1 0 1 0 1 0 1 1 1 1 0 1 0 
0 1 1 0 0 1 1 1 1 1 0 1 1 1 1 0 0 0 0 0 1 0 1 1 1 1 1 0 1 1 1 1 1 0 0 0 1 0 1 1 1 0 0 1 1 0 0 1 1 1 1 1 1 0 1 1 1 1 0 1 0 0 1 1 1 1 1 1 0 1 1 0 1 1 1 1 1 1 1 0 1 1 1 0 1 0 0 1 0 0 1 0 0 1 1 1 1 1 0 1 
1 1 1 1 1 1 1 1 1 1 1 1 1 0 1 0 0 1 1 1 1 0 0 1 1 1 1 1 0 0 0 0 1 1 0 0 1 1 1 1 0 1 1 1 0 1 1 0 0 0 0 1 1 1 1 1 1 0 1 1 1 1 0 1 1 1 0 1 1 0 1 0 1 0 0 0 1 0 1 1 1 1 0 0 1 0 1 0 1 0 1 0 1 0 1 1 0 0 1 0 
