100 50 0.509495
1 73 82
2 39 36
3 5 5
4 78 26
5 21 52
6 98 43
7 93 42
8 64 27
9 100 72
10 60 48
11 42 49
12 54 100
13 55 62
14 59 94
15 32 76
16 5 30
17 70 42
18 64 88
19 41 57
20 74 15
21 58 52
22 74 80
23 69 33
24 95 99
25 49 69
26 67 50
27 35 61
28 16 87
29 88 68
30 61 37
31 73 97
32 19 61
33 70 40
34 20 16
35 30 79
36 92 47
37 87 51
38 3 88
39 15 95
40 85 73
41 59 1
42 64 62
43 94 81
44 28 76
45 41 31
46 69 55
47 54 88
48 61 71
49 47 51
50 69 66
51 13 51
52 77 85
53 52 33
54 88 2
55 48 76
56 21 21
57 4 5
58 81 41
59 98 60
60 16 9
61 88 34
62 81 86
63 82 45
64 85 100
65 32 45
66 50 16
67 57 64
68 10 12
69 87 88
70 53 33
71 97 47
72 7 44
73 98 27
74 32 12
75 96 12
76 11 78
77 63 98
78 51 17
79 80 42
80 55 29
81 2 10
82 14 6
83 5 51
84 75 81
85 88 84
86 14 16
87 64 39
88 53 69
89 85 98
90 75 27
91 35 35
92 49 33
93 68 92
94 98 80
95 57 70
96 16 50
97 6 64
98 99 36
99 77 11
100 26 92
0 0 0 0 0 1 1 0 1 1 1 1 1 1 1 0 1 1 1 0 1 1 1 1 1 1 1 0 1 1 1 0 1 0 1 1 1 0 0 1 0 1 1 1 0 1 1 1 1 1 0 1 0 0 1 0 0 1 1 0 0 1 1 1 0 0 1 0 1 0 1 0 0 0 0 0 1 0 1 0 0 0 0 1 1 0 1 1 1 0 0 0 1 1 1 0 0 0 0 1 
0 0 1 1 1 0 0 1 0 1 1 0 1 0 1 1 1 0 1 1 1 0 1 0 1 1 1 0 0 1 0 1 1 1 1 0 0 0 0 0 1 1 0 1 1 1 0 1 1 1 1 0 1 0 1 1 1 1 0 1 1 0 1 0 1 1 1 1 0 1 0 1 0 1 0 0 0 1 1 1 1 1 1 0 0 1 1 1 0 1 1 1 0 0 1 1 1 0 1 0 
0 1 0 0 1 0 0 0 0 0 0 0 0 0 0 1 0 0 0 0 0 0 0 0 0 0 0 0 0 0 0 0 0 1 0 0 0 0 0 0 0 0 0 0 1 0 0 0 0 0 1 0 0 0 0 1 1 0 0 1 0 0 0 0 1 1 0 1 0 0 0 1 0 1 0 0 0 1 0 0 1 1 1 0 0 1 0 0 0 0 1 0 0 0 0 1 0 0 0 0 
0 1 0 0 0 1 1 1 0 1 1 0 1 0 0 0 1 0 1 1 1 0 1 0 0 1 0 0 1 1 0 0 1 0 0 1 1 0 0 1 1 1 0 0 1 1 0 1 1 1 0 0 1 1 0 0 0 1 1 0 1 0 1 0 1 1 1 0 0 1 1 0 1 1 1 0 0 1 1 1 0 0 0 0 0 0 1 1 0 1 1 1 0 0 1 0 0 1 1 0 
0 1 1 0 0 0 0 1 0 1 1 0 1 0 1 1 0 0 1 0 1 0 0 0 1 1 1 1 0 1 0 1 0 1 1 0 0 1 1 0 0 1 0 1 1 1 1 1 1 1 1 0 1 0 1 1 1 0 0 1 0 0 0 0 1 1 1 1 0 1 0 1 0 1 0 1 0 1 0 1 1 1 1 0 0 1 1 1 0 0 1 1 0 0 1 1 1 0 0 1 
1 0 0 1 0 0 1 1 1 1 0 0 1 0 0 0 1 0 0 1 1 1 1 0 0 1 0 0 1 1 0 0 1 0 0 1 1 0 0 1 0 1 1 0 0 1 0 1 0 1 0 1 1 1 0 0 0 1 1 0 1 1 1 0 0 0 1 0 1 1 1 0 1 0 1 0 0 0 1 1 0 0 0 1 1 0 1 0 0 1 0 0 0 1 1 0 0 1 1 0 
1 0 0 1 0 1 0 1 1 1 0 0 1 0 0 0 1 0 0 1 1 1 1 0 0 1 0 0 1 1 0 0 1 0 0 1 1 0 0 1 0 1 1 0 0 1 0 1 1 1 0 1 1 1 0 0 0 1 1 0 1 1 1 0 0 0 1 0 1 1 1 0 1 0 1 0 0 1 1 1 0 0 0 1 1 0 1 1 0 1 0 1 0 1 1 0 0 1 1 0 
0 1 0 1 1 1 1 0 0 1 1 0 1 0 0 0 1 0 1 1 1 0 1 0 1 1 1 0 1 1 0 0 1 1 0 1 1 0 0 0 1 1 0 0 1 1 0 1 1 1 0 0 1 1 0 1 0 1 1 0 1 0 1 0 1 1 1 0 0 1 1 0 1 1 1 0 0 1 1 1 0 0 0 0 0 0 1 1 0 1 1 1 0 0 1 0 0 1 1 0 
1 0 0 0 0 1 1 0 0 1 0 0 1 1 0 0 1 1 0 0 1 1 1 1 0 1 0 0 1 0 1 0 1 0 0 1 1 0 0 1 0 1 1 0 0 1 1 1 0 1 0 1 0 0 0 0 0 1 1 0 1 1 1 1 0 0 1 0 1 0 1 0 1 0 0 0 1 0 1 0 0 0 0 1 1 0 1 1 1 0 0 0 1 1 1 0 0 1 0 0 
1 1 0 1 1 1 1 1 1 0 1 0 1 1 1 0 1 1 1 1 1 1 1 0 1 1 1 0 1 1 0 1 1 0 1 1 1 0 0 1 1 1 1 1 1 1 1 1 1 1 1 1 1 0 1 1 0 1 1 0 1 1 1 0 1 1 1 0 1 1 1 0 1 1 0 0 0 1 1 1 0 0 0 1 1 0 1 1 0 1 1 1 1 1 1 1 0 1 1 0 
1 1 0 1 1 0 0 1 0 1 0 0 1 1 1 1 1 1 1 1 1 1 1 0 1 1 1 1 1 1 0 1 1 1 1 0 1 0 0 1 0 1 0 1 1 1 1 1 1 1 1 0 1 0 1 1 0 1 0 1 1 0 1 0 1 1 1 1 0 1 0 1 0 1 0 1 0 1 1 1 0 0 1 1 0 1 1 1 0 1 1 1 0 0 1 1 1 0 0 1 
1 0 0 0 0 0 0 0 0 0 0 0 1 1 1 0 0 1 1 0 1 1 0 1 1 0 1 1 1 0 1 0 0 0 1 0 0 0 1 1 0 1 1 1 0 1 1 1 1 1 0 1 0 0 1 0 0 0 0 0 0 1 0 1 0 0 1 0 1 0 0 0 0 0 0 1 1 0 0 0 0 0 0 1 1 0 0 1 1 0 0 0 1 1 1 0 0 0 0 1 
1 1 0 1 1 1 1 1 1 1 1 1 0 1 1 0 1 1 1 0 1 1 1 0 1 1 1 1 1 1 1 1 1 0 1 1 1 0 0 1 0 1 1 1 1 1 1 1 1 1 1 1 1 0 1 0 0 1 1 0 1 1 1 1 1 1 1 0 1 1 1 0 0 0 0 1 1 1 1 1 0 0 0 1 1 0 1 1 1 1 1 1 1 1 1 1 1 0 0 1 
1 0 0 0 0 0 0 0 1 1 1 1 1 0 1 0 0 1 1 0 1 1 0 1 1 1 1 1 1 0 1 0 0 0 1 0 0 0 1 1 0 1 1 1 0 1 1 1 1 1 0 1 0 0 1 0 0 0 0 0 0 1 0 1 0 0 1 0 1 0 0 0 0 0 0 0 1 0 0 0 0 0 0 1 1 0 0 1 1 0 0 0 1 1 1 0 0 0 0 1 
1 1 0 0 1 0 0 0 0 1 1 1 1 1 0 0 0 1 1 0 1 1 0 0 1 1 1 1 0 1 1 1 0 0 1 0 0 1 1 0 0 1 0 1 1 1 1 1 1 1 1 1 1 0 1 0 0 0 0 0 0 0 0 0 1 0 1 0 0 1 0 1 0 0 0 1 1 0 0 0 0 0 1 1 0 0 1 1 0 0 1 1 1 0 1 1 1 0 0 1 
0 1 1 0 1 0 0 0 0 0 1 0 0 0 0 0 0 0 1 0 0 0 0 0 0 0 1 0 0 0 0 1 0 1 0 0 0 0 0 0 0 0 0 0 1 0 0 0 1 0 1 0 1 0 0 1 1 0 0 1 0 0 0 0 1 1 0 1 0 1 0 1 0 1 0 1 0 1 0 0 1 1 1 0 0 1 0 0 0 0 1 1 0 0 0 1 1 0 0 0 
1 1 0 1 0 1 1 1 1 1 1 0 1 0 0 0 0 1 1 1 1 1 1 0 1 1 1 0 1 1 0 0 1 0 0 1 1 0 0 1 1 1 1 0 1 1 1 1 1 1 0 1 1 1 1 0 0 1 1 0 1 1 1 0 1 1 1 0 1 1 1 0 1 1 1 0 0 1 1 1 0 0 0 1 1 0 1 1 0 1 1 1 0 1 1 0 0 1 1 0 
1 0 0 0 0 0 0 0 1 1 1 1 1 1 1 0 1 0 1 0 1 1 0 1 1 1 1 1 1 0 1 0 1 0 1 1 1 0 1 1 0 1 1 1 0 1 1 1 1 1 0 1 0 0 1 0 0 1 1 0 0 1 1 1 0 0 1 0 1 0 0 0 0 0 0 0 1 0 1 0 0 0 0 1 1 0 1 1 1 0 0 0 1 1 1 0 0 0 0 1 
1 1 0 1 1 0 0 1 0 1 1 1 1 1 1 1 1 1 0 0 1 1 1 0 1 1 1 1 1 1 0 1 1 1 1 0 1 1 1 1 0 1 0 1 1 1 1 1 1 1 1 1 1 0 1 1 0 1 0 0 0 1 1 0 1 1 1 0 0 1 0 1 0 1 0 1 1 1 1 1 0 0 1 1 0 1 1 1 0 1 1 1 1 0 1 1 1 0 0 1 
0 1 0 1 0 1 1 1 0 1 1 0 0 0 0 0 1 0 0 0 1 0 1 0 0 1 0 0 0 1 0 0 1 0 0 1 1 0 0 0 1 1 0 0 1 1 0 0 1 0 0 0 1 1 0 0 0 1 0 0 1 0 1 0 0 1 0 0 0 1 1 0 1 1 1 0 0 1 1 1 0 0 0 0 0 0 1 0 0 1 1 1 0 0 0 0 0 1 1 0 
1 1 0 1 1 1 1 1 1 1 1 1 1 1 1 0 1 1 1 1 0 1 1 0 1 1 1 0 1 1 1 1 1 0 1 1 1 0 0 1 0 1 1 1 1 1 1 1 1 1 1 1 1 0 1 1 0 1 1 0 1 1 1 0 1 1 1 0 1 1 1 0 1 1 0 0 1 1 1 1 0 0 0 1 1 0 1 1 0 1 1 1 1 1 1 1 0 1 1 0 
1 0 0 0 0 1 1 0 1 1 1 1 1 1 1 0 1 1 1 0 1 0 1 1 1 1 1 0 1 1 1 0 1 0 1 1 1 0 0 1 0 1 1 1 0 1 1 1 1 1 0 1 0 0 1 0 0 1 1 0 1 1 1 1 0 0 1 0 1 0 1 0 0 0 0 0 1 0 1 0 0 0 0 1 1 0 1 1 1 0 0 0 1 1 1 0 0 0 0 1 
1 1 0 1 0 1 1 1 1 1 1 0 1 0 0 0 1 0 1 1 1 1 0 0 1 1 1 0 1 1 0 0 1 0 0 1 1 0 0 1 1 1 0 0 1 1 0 1 1 1 0 0 1 1 1 1 0 1 1 0 1 0 1 0 1 1 1 0 0 1 1 0 1 1 1 0 0 1 1 1 0 0 0 1 0 0 1 1 0 1 1 1 0 0 1 0 0 1 1 0 
1 0 0 0 0 0 0 0 1 0 0 1 0 1 0 0 0 1 0 0 0 1 0 0 0 0 0 0 1 0 1 0 0 0 0 0 1 0 0 1 0 1 1 0 0 0 1 1 0 1 0 1 0 0 0 0 0 0 1 0 0 1 0 1 0 0 0 0 1 0 0 0 0 0 0 0 1 0 0 0 0 0 0 1 1 0 0 0 1 0 0 0 1 1 1 0 0 0 0 0 
1 1 0 0 1 0 0 1 0 1 1 1 1 1 1 0 1 1 1 0 1 1 1 0 0 1 1 1 1 1 1 1 1 0 1 1 1 1 1 1 0 1 1 1 1 1 1 1 1 1 1 1 1 0 1 0 0 1 1 0 0 1 1 1 1 0 1 0 1 1 0 1 0 0 0 1 1 0 1 1 0 0 1 1 1 0 1 1 1 1 1 1 1 0 1 1 1 0 0 1 
1 1 0 1 1 1 1 1 1 1 1 0 1 1 1 0 1 1 1 1 1 1 1 0 1 0 1 0 1 1 1 1 1 0 1 1 1 0 0 1 1 1 1 1 1 1 1 1 1 1 0 1 1 0 1 0 0 1 1 0 1 1 1 0 1 1 1 0 1 1 1 0 1 0 1 0 1 1 1 1 0 0 0 1 1 0 1 1 0 1 1 1 1 1 1 0 0 1 1 0 
1 1 0 0 1 0 0 1 0 1 1 1 1 1 1 1 1 1 1 0 1 1 1 0 1 1 0 1 0 1 0 1 1 1 1 0 0 1 1 0 0 1 0 1 1 1 1 1 1 1 1 1 1 0 1 1 0 0 0 0 0 0 1 0 1 1 1 0 0 1 0 1 0 1 0 1 1 1 1 1 0 0 1 1 0 1 1 1 0 0 1 1 1 0 1 1 1 0 0 1 
0 0 0 0 1 0 0 0 0 0 1 1 1 1 1 0 0 1 1 0 0 0 0 0 1 0 1 0 0 0 0 1 0 0 1 0 0 1 1 0 0 0 0 1 0 0 1 1 1 0 1 0 0 0 1 0 0 0 0 0 0 0 0 0 1 0 1 0 0 0 0 1 0 0 0 1 1 0 0 0 0 0 1 0 0 0 0 1 0 0 0 0 0 0 1 1 1 0 0 1 
1 0 0 1 0 1 1 1 1 1 1 1 1 1 0 0 1 1 1 0 1 1 1 1 1 1 0 0 0 1 1 0 1 0 0 1 1 0 0 1 0 1 1 0 0 1 1 1 1 1 0 1 0 0 1 0 0 1 1 0 1 1 1 1 0 0 1 0 1 1 1 0 1 0 0 0 1 0 1 0 0 0 0 1 1 0 1 1 1 1 0 0 1 1 1 0 0 1 0 0 
1 1 0 1 1 1 1 1 0 1 1 0 1 0 1 0 1 0 1 1 1 1 1 0 1 1 1 0 1 0 0 1 1 1 0 1 1 0 0 1 1 1 0 0 1 1 0 1 1 1 1 0 1 1 1 1 0 1 1 0 1 0 1 0 1 1 1 0 0 1 1 0 1 1 1 0 0 1 1 1 0 0 0 1 0 0 1 1 0 1 1 1 0 0 1 1 0 1 1 0 
1 0 0 0 0 0 0 0 1 0 0 1 1 1 1 0 0 1 0 0 1 1 0 1 1 1 0 0 1 0 0 0 0 0 1 0 1 0 0 1 0 1 1 1 0 1 1 1 0 1 0 1 0 0 1 0 0 0 1 0 0 1 0 1 0 0 1 0 1 0 0 0 0 0 0 0 1 0 0 0 0 0 0 1 1 0 0 1 1 0 0 0 1 1 1 0 0 0 0 1 
0 1 0 0 1 0 0 0 0 1 1 0 1 0 1 1 0 0 1 0 1 0 0 0 1 1 1 1 0 1 0 0 0 1 1 0 0 1 1 0 0 1 0 1 1 0 1 1 1 0 1 0 1 0 1 1 0 0 0 0 0 0 0 0 1 0 1 1 0 1 0 1 0 0 0 1 0 0 0 1 0 0 1 0 0 1 0 1 0 0 1 1 0 0 1 1 1 0 0 1 
1 1 0 1 0 1 1 1 1 1 1 0 1 0 0 0 1 1 1 1 1 1 1 0 1 1 1 0 1 1 0 0 0 0 0 1 1 0 0 1 1 1 1 0 1 1 0 1 1 1 0 1 1 1 1 0 0 1 1 0 1 1 1 0 1 1 1 0 0 1 1 0 1 1 1 0 0 1 1 1 0 0 0 1 1 0 1 1 0 1 1 1 0 1 1 0 0 1 1 0 
0 1 1 0 1 0 0 1 0 0 1 0 0 0 0 1 0 0 1 0 0 0 0 0 0 0 1 0 0 1 0 1 0 0 0 0 0 0 0 0 1 0 0 0 1 0 0 0 1 0 1 0 1 0 0 1 1 0 0 1 0 0 0 0 1 1 0 1 0 1 0 1 0 1 0 0 0 1 0 1 1 1 1 0 0 1 1 0 0 0 1 1 0 0 0 1 1 0 0 0 
1 1 0 0 1 0 0 0 0 1 1 1 1 1 1 0 0 1 1 0 1 1 0 0 1 1 1 1 0 0 1 1 0 0 0 0 0 1 1 0 0 1 0 1 1 1 1 1 1 1 1 1 0 0 1 0 0 0 0 0 0 0 0 0 1 0 1 0 0 0 0 1 0 0 0 1 1 0 0 0 0 0 1 1 0 0 0 1 0 0 1 1 1 0 1 1 1 0 0 1 
1 0 0 1 0 1 1 1 1 1 0 0 1 0 0 0 1 1 0 1 1 1 1 0 1 1 0 0 1 1 0 0 1 0 0 0 1 0 0 1 0 1 1 0 0 1 0 1 1 1 0 1 1 1 0 0 0 1 1 0 1 1 1 0 0 0 1 0 1 1 1 0 1 0 1 0 0 0 1 1 0 0 0 1 1 0 1 1 0 1 0 1 0 1 1 0 0 1 1 0 
1 0 0 1 0 1 1 1 1 1 1 0 1 0 0 0 1 1 1 1 1 1 1 1 1 1 0 0 1 1 1 0 1 0 0 1 0 0 0 1 0 1 1 0 0 1 1 1 1 1 0 1 1 1 1 0 0 1 1 0 1 1 1 1 0 0 1 0 1 1 1 0 1 0 1 0 0 1 1 1 0 0 0 1 1 0 1 1 1 1 0 1 1 1 1 0 0 1 1 0 
0 0 0 0 1 0 0 0 0 0 0 0 0 0 1 0 0 0 1 0 0 0 0 0 1 0 1 1 0 0 0 1 0 0 1 0 0 0 1 0 0 0 0 1 0 0 0 0 0 0 1 0 0 0 1 0 0 0 0 0 0 0 0 0 0 0 0 0 0 0 0 1 0 0 0 1 0 0 0 0 0 0 1 0 0 0 0 0 0 0 0 0 0 0 0 1 1 0 0 1 
0 0 0 0 1 0 0 0 0 0 0 1 0 1 1 0 0 1 1 0 0 0 0 0 1 0 1 1 0 0 0 1 0 0 1 0 0 1 0 0 0 0 0 1 0 0 1 0 0 0 1 0 0 0 1 0 0 0 0 0 0 0 0 0 0 0 0 0 0 0 0 0 0 0 0 1 1 0 0 0 0 0 1 0 0 0 0 1 0 0 0 0 0 0 1 1 1 0 0 1 
1 0 0 1 0 1 1 0 1 1 1 1 1 1 0 0 1 1 1 0 1 1 1 1 1 1 0 0 1 1 1 0 1 0 0 1 1 0 0 0 0 1 1 0 0 1 1 1 1 1 0 1 0 0 1 0 0 1 1 0 1 1 1 1 0 0 1 0 1 0 1 0 1 0 0 0 1 0 1 0 0 0 0 1 1 0 1 1 1 1 0 0 1 1 1 0 0 1 0 0 
0 1 0 1 0 0 0 1 0 1 0 0 0 0 0 0 1 0 0 1 0 0 1 0 0 1 0 0 0 1 0 0 1 1 0 0 0 0 0 0 0 0 0 0 1 0 0 0 0 0 0 0 1 1 0 1 0 1 0 1 1 0 1 0 0 1 0 0 0 1 0 0 1 1 1 0 0 1 1 1 0 1 0 0 0 1 1 0 0 1 1 1 0 0 0 0 0 0 1 0 
1 1 0 1 1 1 1 1 1 1 1 1 1 1 1 0 1 1 1 1 1 1 1 1 1 1 1 0 1 1 1 1 1 0 1 1 1 0 0 1 0 0 1 1 1 1 1 1 1 1 0 1 1 0 1 0 0 1 1 0 1 1 1 1 1 1 1 0 1 1 1 0 1 0 0 0 1 1 1 1 0 0 0 1 1 0 1 1 1 1 1 1 1 1 1 1 0 1 0 1 
1 0 0 0 0 1 1 0 1 1 0 1 1 1 0 0 1 1 0 0 1 1 0 1 1 1 0 0 1 0 1 0 1 0 0 1 1 0 0 1 0 1 0 0 0 1 1 1 0 1 0 1 0 0 1 0 0 1 1 0 1 1 1 1 0 0 1 0 1 0 1 0 0 0 0 0 1 0 1 0 0 0 0 1 1 0 0 1 1 0 0 0 1 1 1 0 0 1 0 0 
1 1 0 0 1 0 0 0 0 1 1 1 1 1 1 0 0 1 1 0 1 1 0 0 1 1 1 1 0 0 1 1 0 0 1 0 0 1 1 0 0 1 0 0 1 1 1 1 1 1 1 1 1 0 1 0 0 0 0 0 0 0 0 0 1 0 1 0 0 1 0 1 0 0 0 1 1 0 0 0 0 0 1 1 0 0 0 1 0 0 1 1 1 0 1 1 1 0 0 1 
0 1 1 1 1 0 0 1 0 1 1 0 1 0 1 1 1 0 1 1 1 0 1 0 1 1 1 0 0 1 0 1 1 1 1 0 0 0 0 0 1 1 0 1 0 1 0 1 1 1 1 0 1 0 1 1 1 1 0 1 1 0 1 0 1 1 1 1 0 1 0 1 0 1 0 0 0 1 1 1 1 1 1 0 0 1 1 1 0 1 1 1 0 0 1 1 1 0 1 0 
1 1 0 1 1 1 1 1 1 1 1 1 1 1 1 0 1 1 1 1 1 1 1 0 1 1 1 0 1 1 1 0 1 0 1 1 1 0 0 1 0 1 1 1 1 0 1 1 1 1 0 1 1 0 1 0 0 1 1 0 1 1 1 1 1 1 1 0 1 1 1 0 1 0 0 0 1 1 1 1 0 0 0 1 1 0 1 1 1 1 1 1 1 1 1 0 0 1 1 0 
1 0 0 0 1 0 0 0 1 1 1 1 1 1 1 0 1 1 1 0 1 1 0 1 1 1 1 1 1 0 1 1 0 0 1 0 1 0 1 1 0 1 1 1 0 1 0 1 1 1 0 1 0 0 1 0 0 0 0 0 0 1 0 1 1 0 1 0 1 0 0 0 0 0 0 1 1 0 0 0 0 0 0 1 1 0 0 1 1 0 0 0 1 1 1 0 0 0 0 1 
1 1 0 1 1 1 1 1 1 1 1 1 1 1 1 0 1 1 1 0 1 1 1 1 1 1 1 1 1 1 1 1 1 0 1 1 1 0 0 1 0 1 1 1 1 1 1 0 1 1 0 1 1 0 1 0 0 1 1 0 1 1 1 1 1 0 1 0 1 1 1 0 0 0 0 0 1 0 1 1 0 0 0 1 1 0 1 1 1 1 1 1 1 1 1 1 0 0 0 1 
1 1 0 1 1 0 1 1 0 1 1 1 1 1 1 1 1 1 1 1 1 1 1 0 1 1 1 1 1 1 0 1 1 1 1 1 1 0 0 1 0 1 0 1 1 1 1 1 0 1 1 1 1 0 1 1 0 1 0 0 1 1 1 0 1 1 1 0 0 1 0 1 0 1 0 1 1 1 1 1 0 0 1 1 0 1 1 1 0 1 1 1 1 0 1 1 1 0 1 1 
1 1 0 1 1 1 1 1 1 1 1 1 1 1 1 0 1 1 1 0 1 1 1 1 1 1 1 0 1 1 1 0 1 0 1 1 1 0 0 1 0 1 1 1 1 1 1 1 1 0 0 1 1 0 1 0 0 1 1 0 1 1 1 1 1 0 1 0 1 1 1 0 1 0 0 0 1 0 1 1 0 0 0 1 1 0 1 1 1 1 1 1 1 1 1 0 0 1 0 0 
0 1 1 0 1 0 0 0 0 1 1 0 1 0 1 1 0 0 1 0 1 0 0 0 1 0 1 1 0 1 0 1 0 1 1 0 0 1 1 0 0 0 0 1 1 0 0 0 1 0 0 0 1 0 1 1 1 0 0 1 0 0 0 0 1 0 1 1 0 1 0 1 0 1 0 1 0 0 0 1 1 1 1 0 0 1 0 1 0 0 1 1 0 0 1 1 1 0 0 1 
1 0 0 0 0 1 1 0 1 1 0 1 1 1 1 0 1 1 1 0 1 1 0 1 1 1 1 0 1 0 1 0 1 0 1 1 1 0 0 1 0 1 1 1 0 1 1 1 1 1 0 0 0 0 1 0 0 1 1 0 0 1 1 1 0 0 1 0 1 0 1 0 0 0 0 0 1 0 1 0 0 0 0 1 1 0 1 1 1 0 0 0 1 1 1 0 0 0 0 0 
0 1 0 1 1 1 1 1 0 1 1 0 1 0 1 1 1 0 1 1 1 0 1 0 1 1 1 0 0 1 0 1 1 1 0 1 1 0 0 0 1 1 0 1 1 1 0 1 1 1 1 0 0 1 1 1 0 1 0 1 1 0 1 0 1 1 1 1 0 1 1 1 1 1 1 0 0 1 1 1 0 1 0 0 0 1 1 1 0 1 1 1 0 0 1 1 0 1 1 0 
0 0 0 1 0 1 1 1 0 0 0 0 0 0 0 0 1 0 0 1 0 0 1 0 0 0 0 0 0 1 0 0 1 0 0 1 1 0 0 0 1 0 0 0 0 0 0 0 0 0 0 0 1 0 0 0 0 1 0 0 1 0 1 0 0 1 0 0 0 1 1 0 1 0 1 0 0 1 1 1 0 0 0 0 0 0 1 0 0 1 0 1 0 0 0 0 0 1 1 0 
1 1 0 0 1 0 0 0 0 1 1 1 1 1 1 0 1 1 1 0 1 1 1 0 1 1 1 1 1 1 1 1 1 0 1 0 1 1 1 1 0 1 1 1 1 1 1 1 1 1 1 1 1 0 0 0 0 1 0 0 0 1 1 1 1 0 1 0 1 1 0 0 0 0 0 1 1 0 1 1 0 0 1 1 1 0 1 1 1 0 1 1 1 0 1 1 1 0 0 1 
0 1 1 0 1 0 0 1 0 1 1 0 0 0 0 1 0 0 1 0 1 0 1 0 0 0 1 0 0 1 0 1 0 1 0 0 0 0 0 0 1 0 0 0 1 0 0 0 1 0 1 0 1 0 0 0 1 0 0 1 0 0 0 0 1 1 0 1 0 1 0 1 0 1 0 0 0 1 0 1 1 1 1 0 0 1 1 0 0 0 1 1 0 0 0 1 1 0 0 0 
0 1 1 0 1 0 0 0 0 0 0 0 0 0 0 1 0 0 0 0 0 0 0 0 0 0 0 0 0 0 0 0 0 1 0 0 0 0 0 0 0 0 0 0 1 0 0 0 0 0 1 0 0 0 0 1 0 0 0 1 0 0 0 0 1 1 0 1 0 0 0 1 0 1 0 0 0 1 0 0 1 1 1 0 0 1 0 0 0 0 1 0 0 0 0 1 0 0 0 0 
1 1 0 1 0 1 1 1 1 1 1 0 1 0 0 0 1 1 1 1 1 1 1 0 1 1 0 0 1 1 0 0 1 0 0 1 1 0 0 1 1 1 1 0 1 1 0 1 1 1 0 1 1 1 1 0 0 0 1 0 1 1 1 0 1 1 1 0 1 1 1 0 1 0 1 0 0 1 1 1 0 0 0 1 1 0 1 1 0 1 1 1 0 1 1 0 0 1 1 0 
1 0 0 1 0 1 1 1 1 1 0 0 1 0 0 0 1 1 0 0 1 1 1 1 1 1 0 0 1 1 1 0 1 0 0 1 1 0 0 1 0 1 1 0 0 1 0 1 0 1 0 1 0 0 0 0 0 1 0 0 1 1 1 1 0 0 1 0 1 0 1 0 1 0 1 0 0 0 1 0 0 0 0 1 1 0 1 1 1 1 0 0 1 1 1 0 0 1 0 0 
0 1 1 0 1 0 0 0 0 0 1 0 0 0 0 1 0 0 0 0 0 0 0 0 0 0 0 0 0 0 0 0 0 1 0 0 0 0 0 0 1 0 0 0 1 0 0 0 0 0 1 0 1 0 0 1 1 0 0 0 0 0 0 0 1 1 0 1 0 1 0 1 0 1 0 0 0 1 0 1 1 1 1 0 0 1 0 0 0 0 1 1 0 0 0 1 0 0 0 0 
0 1 0 1 0 1 1 1 1 1 1 0 1 0 0 0 1 0 0 1 1 1 1 0 0 1 0 0 1 1 0 0 1 0 0 1 1 0 0 1 1 1 1 0 1 1 0 1 1 1 0 0 1 1 0 0 0 1 1 0 0 0 1 0 0 1 1 0 0 1 1 0 1 0 1 0 0 1 1 1 0 0 0 1 1 0 1 1 0 1 0 1 0 1 1 0 0 1 1 0 
1 0 0 0 0 1 1 0 1 1 0 1 1 1 0 0 1 1 1 0 1 1 0 1 1 1 0 0 1 0 1 0 1 0 0 1 1 0 0 1 0 1 1 0 0 1 1 1 1 1 0 1 0 0 1 0 0 1 1 0 0 0 1 1 0 0 1 0 1 0 1 0 0 0 0 0 1 0 1 0 0 0 0 1 1 0 1 1 1 0 0 0 1 1 1 0 0 0 0 0 
1 1 0 1 0 1 1 1 1 1 1 0 1 0 0 0 1 1 1 1 1 1 1 0 1 1 1 0 1 1 0 0 1 0 0 1 1 0 0 1 1 1 1 0 1 1 0 1 1 1 0 1 1 1 1 0 0 1 1 0 1 1 0 0 1 1 1 0 1 1 1 0 1 0 1 0 0 1 1 1 0 0 0 1 1 0 1 1 0 1 1 1 1 1 1 0 0 1 1 0 
1 0 0 0 0 0 0 0 1 0 0 1 1 1 0 0 0 1 0 0 0 1 0 1 1 0 0 0 1 0 1 0 0 0 0 0 1 0 0 1 0 1 1 0 0 1 1 1 0 1 0 1 0 0 1 0 0 0 1 0 0 1 0 0 0 0 1 0 1 0 0 0 0 0 0 0 1 0 0 0 0 0 0 1 1 0 0 1 1 0 0 0 1 1 1 0 0 0 0 0 
0 1 1 1 1 0 0 1 0 1 1 0 1 0 1 1 1 0 1 0 1 0 1 0 1 1 1 1 0 1 0 1 1 1 1 0 0 0 0 0 0 1 0 1 1 1 1 1 1 1 1 0 1 0 1 1 1 1 0 1 0 0 1 0 0 1 1 1 0 1 0 1 0 1 0 1 0 1 1 1 1 1 1 0 0 1 1 1 0 1 1 1 0 0 1 1 1 0 0 1 
0 1 1 1 1 0 0 1 0 1 1 0 1 0 0 1 1 0 1 1 1 0 1 0 0 1 1 0 0 1 0 0 1 1 0 0 0 0 0 0 1 1 0 0 1 1 0 0 1 0 0 0 1 1 0 1 1 1 0 1 1 0 1 0 1 0 1 1 0 1 0 0 1 1 1 0 0 1 1 1 1 1 0 0 0 1 1 0 0 1 1 1 0 0 0 1 0 0 1 0 
1 1 0 1 1 1 1 1 1 1 1 1 1 1 1 0 1 1 1 0 1 1 1 0 1 1 1 1 1 1 1 1 1 0 1 1 1 0 0 1 0 1 1 1 1 1 1 1 1 1 1 1 1 0 1 0 0 1 1 0 1 1 1 1 1 1 0 0 1 1 1 0 0 0 0 1 1 1 1 1 0 0 0 1 1 0 1 1 1 1 1 1 1 1 1 1 0 0 0 1 
0 1 1 0 1 0 0 0 0 0 1 0 0 0 0 1 0 0 0 0 0 0 0 0 0 0 0 0 0 0 0 1 0 1 0 0 0 0 0 0 0 0 0 0 1 0 0 0 0 0 1 0 1 0 0 1 1 0 0 1 0 0 0 0 1 1 0 0 0 1 0 1 0 1 0 0 0 1 0 1 1 1 1 0 0 1 0 0 0 0 1 1 0 0 0 1 0 0 0 0 
1 0 0 0 0 1 1 0 1 1 0 1 1 1 0 0 1 1 0 0 1 1 0 1 1 1 0 0 1 0 1 0 0 0 0 1 1 0 0 1 0 1 1 0 0 1 1 1 0 1 0 1 0 0 1 0 0 1 1 0 0 1 1 1 0 0 1 0 0 0 1 0 0 0 0 0 1 0 1 0 0 0 0 1 1 0 0 1 1 0 0 0 1 1 1 0 0 0 0 0 
0 1 0 1 1 1 1 1 0 1 1 0 1 0 1 1 1 0 1 1 1 0 1 0 1 1 1 0 1 1 0 1 1 1 0 1 1 0 0 0 1 1 0 1 1 1 0 1 1 1 1 0 1 1 1 1 0 1 0 1 1 0 1 0 1 1 1 1 0 0 1 1 1 1 1 0 0 1 1 1 0 1 0 0 0 1 1 1 0 1 1 1 0 0 1 1 0 1 1 0 
1 0 0 1 0 1 1 1 1 1 0 0 1 0 0 0 1 0 0 1 1 1 1 0 0 1 0 0 1 1 0 0 1 0 0 1 1 0 0 1 0 1 1 0 0 1 0 1 0 1 0 1 1 1 0 0 0 1 1 0 1 1 1 0 0 0 1 0 1 1 0 0 1 0 1 0 0 0 1 1 0 0 0 1 1 0 1 1 0 1 0 1 0 1 1 0 0 1 1 0 
0 1 1 0 1 0 0 0 0 0 1 0 0 0 1 1 0 0 1 0 0 0 0 0 1 0 1 1 0 0 0 1 0 1 1 0 0 1 0 0 0 0 0 1 1 0 0 0 1 0 1 0 1 0 0 1 1 0 0 1 0 0 0 0 1 0 0 1 0 1 0 0 0 1 0 1 0 0 0 0 1 1 1 0 0 1 0 0 0 0 1 1 0 0 0 1 1 0 0 0 
0 0 0 1 0 1 1 1 1 1 0 0 0 0 0 0 1 0 0 1 1 0 1 0 0 1 0 0 1 1 0 0 1 0 0 1 1 0 0 1 1 1 0 0 0 1 0 0 0 1 0 0 1 1 0 0 0 1 1 0 1 0 1 0 0 1 0 0 0 1 1 0 0 0 1 0 0 1 1 1 0 0 0 0 0 0 1 0 0 1 0 1 0 0 0 0 0 1 1 0 
0 1 1 1 1 0 0 1 0 1 1 0 0 0 0 1 1 0 1 1 1 0 1 0 0 0 1 0 0 1 0 0 1 1 0 0 0 0 0 0 1 0 0 0 1 0 0 0 1 0 1 0 1 0 0 1 1 0 0 1 0 0 0 0 1 1 0 1 0 1 0 1 0 0 0 0 0 1 0 1 1 1 1 0 0 1 1 0 0 1 1 1 0 0 0 1 0 0 1 0 
0 0 0 1 0 1 1 1 0 0 0 0 0 0 0 0 1 0 0 1 0 0 1 0 0 1 0 0 0 1 0 0 1 0 0 1 1 0 0 0 1 0 0 0 0 0 0 0 0 0 0 0 1 1 0 0 0 1 1 0 1 0 1 0 0 1 0 0 0 1 1 0 1 0 0 0 0 1 1 1 0 0 0 0 0 0 1 0 0 1 0 0 0 0 0 0 0 1 1 0 
0 0 0 0 1 0 0 0 0 0 1 1 1 0 1 1 0 0 1 0 0 0 0 0 1 0 1 1 0 0 0 1 0 0 1 0 0 1 1 0 0 0 0 1 0 0 1 0 1 0 1 0 0 0 1 0 0 0 0 0 0 0 0 0 1 0 1 0 0 0 0 1 0 0 0 0 0 0 0 0 0 0 1 0 0 0 0 1 0 0 1 0 0 0 1 1 1 0 0 1 
1 0 0 0 0 0 0 0 1 0 0 1 1 1 1 0 0 1 1 0 1 1 0 1 1 1 1 1 1 0 1 0 0 0 1 0 0 0 1 1 0 1 1 1 0 1 1 1 1 1 0 1 0 0 1 0 0 0 0 0 0 1 0 1 0 0 1 0 1 0 0 0 0 0 0 0 0 0 0 0 0 0 0 1 1 0 0 1 1 0 0 0 1 1 1 0 0 0 0 1 
0 1 1 1 1 0 1 1 0 1 1 0 1 0 0 1 1 0 1 1 1 0 1 0 0 1 1 0 0 1 0 0 1 1 0 0 1 0 0 0 1 1 0 0 1 1 0 0 1 0 0 0 1 1 0 1 1 1 0 1 1 0 1 0 1 1 1 1 0 1 0 0 1 1 1 0 0 0 1 1 1 1 0 0 0 1 1 0 0 1 1 1 0 0 0 1 0 0 1 0 
1 1 0 1 0 1 1 1 1 1 1 0 1 0 0 0 1 1 1 1 1 1 1 0 1 1 1 0 1 1 0 0 1 0 0 1 1 0 0 1 1 1 1 0 1 1 0 1 1 1 0 1 1 1 1 0 0 1 1 0 1 1 1 0 1 1 1 0 1 1 1 0 1 0 1 0 0 1 0 1 0 0 0 1 1 0 1 1 0 1 1 1 0 1 1 0 0 1 1 0 
0 1 0 1 1 1 1 1 0 1 1 0 1 0 0 0 1 0 1 1 1 0 1 0 1 1 1 0 0 1 0 1 1 1 0 1 1 0 0 0 1 1 0 0 1 1 0 1 1 1 1 0 1 1 1 1 0 1 0 1 1 0 1 0 1 1 1 1 0 1 1 0 1 1 1 0 0 1 1 0 0 1 0 0 0 1 1 1 0 1 1 1 0 0 1 1 0 1 1 0 
0 1 1 0 1 0 0 0 0 0 0 0 0 0 0 1 0 0 0 0 0 0 0 0 0 0 0 0 0 0 0 0 0 1 0 0 0 0 0 0 0 0 0 0 1 0 0 0 0 0 1 0 0 0 0 1 1 0 0 1 0 0 0 0 1 1 0 1 0 0 0 1 0 1 0 0 0 1 0 0 0 1 1 0 0 1 0 0 0 0 1 0 0 0 0 1 0 0 0 0 
0 1 1 0 1 0 0 0 0 0 0 0 0 0 0 1 0 0 0 0 0 0 0 0 0 0 0 0 0 0 0 0 0 1 0 0 0 0 0 0 1 0 0 0 1 0 0 0 0 0 1 0 1 0 0 1 1 0 0 1 0 0 0 0 1 1 0 1 0 1 0 1 0 1 0 0 0 1 0 1 1 0 1 0 0 1 0 0 0 0 1 1 0 0 0 1 0 0 0 0 
0 1 1 0 1 0 0 0 0 0 1 0 0 0 1 1 0 0 1 0 0 0 0 0 1 0 1 1 0 0 0 1 0 1 1 0 0 1 1 0 0 0 0 1 1 0 0 0 1 0 1 0 0 0 1 1 1 0 0 1 0 0 0 0 1 0 0 1 0 0 0 1 0 1 0 1 0 0 0 0 1 1 0 0 0 1 0 0 0 0 1 1 0 0 0 1 1 0 0 1 
1 0 0 0 0 1 1 0 1 1 1 1 1 1 1 0 1 1 1 0 1 1 1 1 1 1 1 0 1 1 1 0 1 0 1 1 1 0 0 1 0 1 1 1 0 1 1 1 1 1 0 1 0 0 1 0 0 1 1 0 1 1 1 1 0 0 1 0 1 0 1 0 0 0 0 0 1 0 1 0 0 0 0 0 1 0 1 1 1 0 0 0 1 1 1 0 0 0 0 0 
1 0 0 0 0 1 1 0 1 1 0 1 1 1 0 0 1 1 0 0 1 1 0 1 1 1 0 0 1 0 1 0 1 0 0 1 1 0 0 1 0 1 1 0 0 1 1 1 0 1 0 1 0 0 1 0 0 1 1 0 1 1 1 1 0 0 1 0 1 0 1 0 0 0 0 0 1 0 1 0 0 0 0 1 0 0 0 1 1 0 0 0 1 1 1 0 0 1 0 0 
0 1 1 0 1 0 0 0 0 0 1 0 0 0 0 1 0 0 1 0 0 0 0 0 0 0 1 0 0 0 0 1 0 1 0 0 0 0 0 0 1 0 0 0 1 0 0 0 1 0 1 0 1 0 0 1 1 0 0 1 0 0 0 0 1 1 0 1 0 1 0 1 0 1 0 0 0 1 0 1 1 1 1 0 0 0 0 0 0 0 1 1 0 0 0 1 1 0 0 0 
1 1 0 1 1 1 1 1 1 1 1 0 1 0 1 0 1 1 1 1 1 1 1 0 1 1 1 0 1 1 0 0 1 1 0 1 1 0 0 1 1 1 0 0 1 1 0 1 1 1 0 1 1 1 1 1 0 1 1 0 1 1 1 0 1 1 1 0 0 1 1 0 1 1 1 0 0 1 1 1 0 0 0 1 0 0 0 1 0 1 1 1 0 0 1 1 0 1 1 0 
1 1 0 1 1 0 1 1 1 1 1 1 1 1 1 0 1 1 1 0 1 1 1 0 1 1 1 1 1 1 1 1 1 0 1 1 1 0 1 1 0 1 1 1 1 1 1 1 1 1 1 1 1 0 1 0 0 1 1 0 1 1 1 1 1 0 1 0 1 1 1 0 0 0 0 1 1 0 1 1 0 0 0 1 1 0 1 0 1 1 1 1 1 1 1 1 1 0 0 1 
1 0 0 0 0 0 0 0 1 0 0 1 1 1 0 0 0 1 0 0 0 1 0 1 1 0 0 0 1 0 1 0 0 0 0 0 1 0 0 1 0 1 1 0 0 1 1 1 0 1 0 1 0 0 1 0 0 0 1 0 0 1 0 1 0 0 1 0 1 0 0 0 0 0 0 0 1 0 0 0 0 0 0 1 1 0 0 1 0 0 0 0 1 1 1 0 0 0 0 0 
0 1 0 1 0 1 1 1 0 1 1 0 1 0 0 0 1 0 1 1 1 0 1 0 1 1 0 0 1 1 0 0 1 0 0 1 1 0 0 1 1 1 0 0 1 1 0 1 1 1 0 0 1 1 0 0 0 1 1 0 1 0 1 0 1 1 1 0 0 1 1 0 1 1 1 0 0 1 1 1 0 0 0 0 0 0 1 1 0 0 1 1 0 0 1 0 0 1 1 0 
0 1 1 1 1 0 0 1 0 1 1 0 1 0 1 1 1 0 1 1 1 0 1 0 1 1 1 0 0 1 0 1 1 1 1 0 0 0 0 0 1 1 0 1 1 1 0 1 1 1 1 0 1 0 1 1 1 1 0 1 0 0 1 0 1 1 1 1 0 1 0 1 0 1 0 1 0 1 1 1 1 1 1 0 0 1 1 1 0 1 0 1 0 0 1 1 1 0 1 0 
0 1 0 1 1 0 1 1 0 1 1 0 1 0 1 1 1 0 1 1 1 0 1 0 1 1 1 0 0 1 0 1 1 1 1 1 1 0 0 0 1 1 0 1 1 1 0 1 1 1 1 0 1 1 1 1 0 1 0 1 1 0 1 0 1 1 1 1 0 1 1 1 1 1 0 0 0 1 1 1 0 1 1 0 0 1 1 1 0 1 1 0 0 0 1 1 0 0 1 0 
1 0 0 0 0 0 0 0 1 1 0 1 1 1 1 0 0 1 1 0 1 1 0 1 1 1 1 0 1 0 1 0 0 0 1 0 1 0 0 1 0 1 1 1 0 1 1 1 1 1 0 1 0 0 1 0 0 0 1 0 0 1 1 1 0 0 1 0 1 0 0 0 0 0 0 0 1 0 0 0 0 0 0 1 1 0 0 1 1 0 0 0 0 1 1 0 0 0 0 1 
1 0 0 0 0 1 1 0 1 1 0 1 1 1 0 0 1 1 0 0 1 1 0 1 0 1 0 0 1 0 1 0 1 0 0 1 1 0 0 1 0 1 1 0 0 1 1 1 0 1 0 1 0 0 0 0 0 1 1 0 1 1 1 1 0 0 1 0 1 0 1 0 0 0 0 0 1 0 1 0 0 0 0 1 1 0 0 1 1 0 0 0 1 0 1 0 0 1 0 0 
1 1 0 1 1 1 1 1 1 1 1 1 1 1 1 0 1 1 1 0 1 1 1 1 1 1 1 1 1 1 1 1 1 0 1 1 1 0 1 1 0 1 1 1 1 1 1 1 1 1 1 1 1 0 1 0 0 1 1 0 1 1 1 1 1 0 1 0 1 1 1 0 0 0 0 1 1 0 1 1 0 0 0 1 1 0 1 1 1 1 1 1 1 1 0 1 0 0 0 1 
0 1 1 0 1 0 0 0 0 1 1 0 1 0 1 1 0 0 1 0 1 0 0 0 1 0 1 1 0 1 0 1 0 1 1 0 0 1 1 0 0 1 0 1 1 0 0 1 1 0 1 0 1 0 1 1 1 0 0 1 0 0 0 0 1 1 1 1 0 1 0 1 0 1 0 1 0 1 0 1 1 1 1 0 0 1 1 1 0 0 1 1 0 0 1 0 1 0 0 1 
0 1 0 0 1 0 0 0 0 0 1 0 1 0 1 1 0 0 1 0 0 0 0 0 1 0 1 1 0 0 0 1 0 1 1 0 0 1 1 0 0 0 0 1 1 0 0 0 1 0 1 0 0 0 1 1 0 0 0 0 0 0 0 0 1 0 0 0 0 0 0 1 0 0 0 1 0 0 0 0 0 0 1 0 0 1 0 1 0 0 1 0 0 0 0 1 0 0 0 1 
0 0 0 1 0 1 1 1 1 1 0 0 0 0 0 0 1 0 0 1 1 0 1 0 0 1 0 0 1 1 0 0 1 0 0 1 1 0 0 1 0 1 1 0 0 1 0 0 0 1 0 0 1 1 0 0 0 1 1 0 1 0 1 0 0 0 0 0 0 1 1 0 1 0 1 0 0 0 1 1 0 0 0 0 1 0 1 0 0 1 0 0 0 1 0 0 0 0 1 0 
0 1 0 1 0 1 1 1 0 1 0 0 0 0 0 0 1 0 0 1 1 0 1 0 0 1 0 0 0 1 0 0 1 0 0 1 1 0 0 0 1 0 0 0 1 1 0 0 1 0 0 0 1 1 0 0 0 1 0 0 1 0 1 0 0 1 0 0 0 1 1 0 1 1 1 0 0 1 1 1 0 0 0 0 0 0 1 0 0 1 1 1 0 0 0 0 0 1 0 0 
1 0 0 0 1 0 0 0 0 0 1 1 1 1 1 0 0 1 1 0 0 1 0 0 1 0 1 1 0 0 1 1 0 0 1 0 0 1 1 0 0 1 0 1 0 0 1 1 1 0 1 0 0 0 1 0 0 0 0 0 0 0 0 0 1 0 1 0 0 0 0 0 0 0 0 1 1 0 0 0 0 0 1 0 0 0 0 1 0 0 0 0 1 0 1 1 1 0 0 0 
