75 50 0.485045
1 62 73
2 70 32
3 66 86
4 48 46
5 69 77
6 1 64
7 60 72
8 37 23
9 2 55
10 78 54
11 46 74
12 16 19
13 83 90
14 81 26
15 3 46
16 33 33
17 21 96
18 34 67
19 15 56
20 37 17
21 19 48
22 98 22
23 92 45
24 92 6
25 26 81
26 24 49
27 34 65
28 26 5
29 20 77
30 76 5
31 2 21
32 71 4
33 10 54
34 43 61
35 51 2
36 3 92
37 72 84
38 53 45
39 16 16
40 39 67
41 21 69
42 6 20
43 4 76
44 29 75
45 64 80
46 81 14
47 46 34
48 60 37
49 61 31
50 100 55
51 41 51
52 62 19
53 78 76
54 86 30
55 38 60
56 69 23
57 2 76
58 20 42
59 92 61
60 22 69
61 89 79
62 61 32
63 23 72
64 89 57
65 97 18
66 58 91
67 90 20
68 22 30
69 63 89
70 30 3
71 96 14
72 70 36
73 100 29
74 70 87
75 4 67
0 1 1 1 1 0 1 0 0 1 1 0 1 0 0 1 1 1 1 0 1 0 1 0 1 1 1 0 1 0 0 0 0 1 0 0 1 1 0 1 1 0 0 1 1 0 1 1 1 1 1 0 1 1 1 0 0 0 1 1 1 1 1 1 0 1 0 0 1 0 0 1 0 1 0 
1 0 0 1 1 0 1 1 0 1 1 0 0 1 0 1 0 0 0 1 0 1 1 1 0 1 1 0 0 1 0 1 0 1 1 0 0 1 0 1 0 0 0 0 1 1 1 1 1 1 1 1 1 1 1 1 0 0 1 0 0 1 0 1 1 0 1 1 0 1 1 1 1 0 0 
1 0 0 1 1 0 1 0 0 1 1 0 1 0 0 0 1 1 0 0 0 0 1 0 1 0 1 0 1 0 0 0 0 1 0 0 1 1 0 1 1 0 0 1 1 0 0 1 0 1 1 0 1 0 1 0 0 0 1 1 1 0 1 1 0 1 0 0 1 0 0 0 0 1 0 
1 1 1 0 1 0 1 1 1 1 1 1 0 1 1 1 0 1 1 1 1 0 1 0 1 1 1 1 1 1 0 1 1 1 1 0 1 1 1 1 1 1 0 1 1 1 1 1 1 0 1 1 1 1 1 1 0 1 1 1 0 1 1 1 0 1 1 1 1 1 0 1 0 1 1 
1 1 1 1 0 0 1 0 0 1 1 0 1 0 0 0 0 1 0 0 0 0 1 0 1 0 1 0 1 0 0 0 0 1 0 0 1 1 0 1 1 0 0 1 1 0 1 1 1 1 1 0 1 1 1 0 0 0 1 1 1 1 1 1 0 1 0 0 1 0 0 1 0 1 0 
0 0 0 0 0 0 0 0 1 0 1 1 0 0 1 1 1 1 1 0 1 0 0 0 1 1 1 0 1 0 1 0 1 1 0 1 0 0 0 1 1 1 1 1 0 0 0 0 0 0 1 0 0 0 1 0 1 1 0 1 0 0 1 0 0 0 0 1 0 0 0 0 0 0 1 
1 1 1 1 1 0 0 0 0 1 1 0 1 0 0 1 1 1 1 0 1 0 1 0 1 1 1 0 1 0 0 0 0 1 0 0 1 1 0 1 1 0 0 1 1 0 1 1 1 1 1 0 1 1 1 1 0 1 1 1 1 1 1 1 0 1 0 0 1 0 0 1 0 1 0 
0 1 0 1 0 0 0 0 1 0 0 1 0 1 1 1 0 1 1 1 1 0 0 0 0 1 1 1 0 1 1 1 1 1 1 0 0 1 1 1 1 1 0 0 0 1 1 1 1 0 1 1 0 1 1 1 0 1 0 1 0 1 0 0 0 0 0 1 0 1 0 1 0 0 0 
0 0 0 1 0 1 0 1 0 0 1 1 0 0 1 1 1 1 1 0 1 0 0 0 1 1 1 0 1 0 1 0 1 1 0 1 0 0 1 1 1 1 1 1 0 0 1 0 0 0 1 0 0 0 1 0 1 1 0 1 0 0 1 0 0 0 0 1 0 0 0 0 0 0 1 
1 1 1 1 1 0 1 0 0 0 1 0 1 1 0 1 0 1 0 0 0 1 1 1 0 0 1 0 0 1 0 0 0 1 0 0 1 1 0 1 0 0 0 0 1 1 1 1 1 1 1 1 1 1 1 1 0 0 1 0 1 1 0 1 1 1 1 0 1 0 1 1 1 1 0 
1 1 1 1 1 1 1 0 1 1 0 0 1 0 0 1 1 1 1 0 1 0 0 0 1 1 1 0 1 0 0 0 1 1 0 1 1 1 0 1 1 0 1 1 1 0 1 1 1 0 1 0 1 0 1 0 1 1 1 1 1 1 1 1 0 1 0 0 1 0 0 1 0 1 1 
0 0 0 1 0 1 0 1 1 0 0 0 0 0 1 1 0 0 1 1 1 0 0 0 0 1 1 1 0 0 1 0 1 1 1 0 0 1 1 0 0 1 0 0 0 0 1 1 1 0 1 1 0 0 1 0 0 1 0 0 0 1 0 0 0 0 0 1 0 1 0 0 0 0 1 
1 0 1 0 1 0 1 0 0 1 1 0 0 0 0 0 0 0 0 0 0 0 1 0 0 0 0 0 0 0 0 0 0 1 0 0 1 0 0 1 0 0 0 0 1 0 0 0 0 1 0 0 1 0 0 0 0 0 1 0 1 0 0 1 0 1 0 0 1 0 0 0 0 1 0 
0 1 0 1 0 0 0 1 0 1 0 0 0 0 0 1 0 0 0 1 0 1 1 1 0 0 0 0 0 1 0 1 0 0 1 0 0 1 0 0 0 0 0 0 0 1 1 1 1 1 1 1 0 1 0 1 0 0 1 0 0 1 0 1 1 0 1 0 0 0 1 1 1 0 0 
0 0 0 1 0 1 0 1 1 0 0 1 0 0 0 1 0 1 1 1 1 0 0 0 1 1 1 1 1 0 1 0 1 1 0 1 0 0 1 1 1 1 1 1 0 0 1 0 0 0 1 0 0 0 1 0 1 1 0 1 0 0 1 0 0 0 0 1 0 0 0 0 0 0 1 
1 1 0 1 0 1 1 1 1 1 1 1 0 1 1 0 0 1 1 1 1 0 0 0 1 1 1 1 1 0 1 1 1 1 1 0 0 1 1 1 1 1 0 1 0 0 1 1 1 0 1 1 0 0 1 1 0 1 0 1 0 1 1 0 0 0 0 1 0 1 0 1 0 0 1 
1 0 1 0 0 1 1 0 1 0 1 0 0 0 0 0 0 1 1 0 1 0 0 0 1 1 1 0 1 0 0 0 1 1 0 1 0 0 0 1 1 0 1 1 1 0 0 0 0 0 1 0 0 0 1 0 1 0 0 1 0 0 1 0 0 1 0 0 1 0 0 0 0 1 1 
1 0 1 1 1 1 1 1 1 1 1 0 0 0 1 1 1 0 1 0 1 0 0 0 1 1 1 0 1 0 0 0 1 1 0 1 1 1 0 1 1 0 1 1 1 0 1 1 1 0 1 0 1 0 1 0 1 1 0 1 0 1 1 0 0 1 0 1 1 0 0 1 0 1 1 
1 0 0 1 0 1 1 1 1 0 1 1 0 0 1 1 1 1 0 1 1 0 0 0 1 1 1 0 1 0 1 0 1 1 0 1 0 1 1 1 1 1 1 1 0 0 1 1 0 0 1 0 0 0 1 0 1 1 0 1 0 0 1 0 0 0 0 1 0 0 0 0 0 0 1 
0 1 0 1 0 0 0 1 0 0 0 1 0 1 1 1 0 0 1 0 1 0 0 0 0 1 1 1 0 1 1 1 1 1 1 0 0 1 1 0 0 1 0 0 0 1 1 1 1 0 1 1 0 0 1 1 0 1 0 0 0 1 0 0 0 0 0 1 0 1 0 1 0 0 0 
1 0 0 1 0 1 1 1 1 0 1 1 0 0 1 1 1 1 1 1 0 0 0 0 1 1 1 1 1 0 1 0 1 1 0 1 0 1 1 1 1 1 1 1 0 0 1 1 1 0 1 0 0 0 1 0 1 1 0 1 0 1 1 0 0 0 0 1 0 1 0 0 0 0 1 
0 1 0 0 0 0 0 0 0 1 0 0 0 1 0 0 0 0 0 0 0 0 1 1 0 0 0 0 0 1 0 1 0 0 0 0 0 0 0 0 0 0 0 0 0 1 0 1 1 1 0 1 0 1 0 1 0 0 1 0 0 1 0 1 1 0 1 0 0 0 1 1 1 0 0 
1 1 1 1 1 0 1 0 0 1 0 0 1 1 0 0 0 0 0 0 0 1 0 1 0 0 0 0 0 1 0 1 0 0 0 0 1 1 0 0 0 0 0 0 1 1 1 1 1 1 0 1 1 1 0 1 0 0 1 0 1 1 0 1 1 0 1 0 0 0 1 1 1 1 0 
0 1 0 0 0 0 0 0 0 1 0 0 0 1 0 0 0 0 0 0 0 1 1 0 0 0 0 0 0 1 0 1 0 0 1 0 0 0 0 0 0 0 0 0 0 1 0 1 1 1 0 1 0 1 0 1 0 0 0 0 0 1 0 0 1 0 1 0 0 0 1 1 1 0 0 
1 0 1 1 1 1 1 0 1 0 1 0 0 0 1 1 1 1 1 0 1 0 0 0 0 1 1 0 1 0 0 0 1 1 0 1 1 1 0 1 1 0 1 1 1 0 0 0 0 0 1 0 0 0 1 0 1 1 0 1 0 0 1 0 0 1 0 0 1 0 0 0 0 1 1 
1 1 0 1 0 1 1 1 1 0 1 1 0 0 1 1 1 1 1 1 1 0 0 0 1 0 1 1 1 0 1 0 1 1 0 1 0 1 1 1 1 1 1 1 0 0 1 1 1 0 1 1 0 0 1 0 1 1 0 1 0 1 1 0 0 0 0 1 0 1 0 1 0 0 1 
1 1 1 1 1 1 1 1 1 1 1 1 0 0 1 1 1 1 1 1 1 0 0 0 1 1 0 0 1 0 0 0 1 1 0 1 1 1 0 1 1 0 1 1 1 0 1 1 1 0 1 0 1 0 1 0 1 1 0 1 0 1 1 0 0 1 0 1 1 0 0 1 0 1 1 
0 0 0 1 0 0 0 1 0 0 0 1 0 0 1 1 0 0 0 1 1 0 0 0 0 1 0 0 0 1 1 1 0 0 1 0 0 1 1 0 0 1 0 0 0 0 1 1 1 0 1 1 0 0 0 1 0 1 0 0 0 1 0 0 0 0 0 1 0 1 0 0 0 0 0 
1 0 1 1 1 1 1 0 1 0 1 0 0 0 1 1 1 1 1 0 1 0 0 0 1 1 1 0 0 0 0 0 1 1 0 1 0 1 0 1 1 0 1 1 1 0 0 0 0 0 1 0 0 0 1 0 1 1 0 1 0 0 1 0 0 1 0 1 1 0 0 0 0 0 1 
0 1 0 1 0 0 0 1 0 1 0 0 0 1 0 0 0 0 0 1 0 1 1 1 0 0 0 1 0 0 0 1 0 0 1 0 0 1 0 0 0 0 0 0 0 1 1 1 1 0 0 1 0 1 0 1 0 0 0 0 0 1 0 0 1 0 1 0 0 1 1 1 1 0 0 
0 0 0 0 0 1 0 1 1 0 0 1 0 0 1 1 0 0 1 1 1 0 0 0 0 1 0 1 0 0 0 0 1 0 0 0 0 0 1 0 0 1 0 0 0 0 1 0 0 0 1 0 0 0 0 0 0 1 0 0 0 0 0 0 0 0 0 1 0 1 0 0 0 0 1 
0 1 0 1 0 0 0 1 0 0 0 0 0 1 0 1 0 0 0 1 0 1 1 1 0 0 0 1 0 1 0 0 0 0 1 0 0 1 0 0 0 0 0 0 0 1 1 1 1 0 0 1 0 1 0 1 0 0 0 0 0 1 0 0 1 0 1 0 0 1 1 1 1 0 0 
0 0 0 1 0 1 0 1 1 0 1 1 0 0 1 1 1 1 1 1 1 0 0 0 1 1 1 0 1 0 1 0 0 1 0 1 0 1 1 1 1 1 1 1 0 0 1 0 0 0 1 0 0 0 1 0 1 1 0 1 0 0 1 0 0 0 0 1 0 0 0 0 0 0 1 
1 1 1 1 1 1 1 1 1 1 1 1 1 0 1 1 1 1 1 1 1 0 0 0 1 1 1 0 1 0 0 0 1 0 0 0 1 1 0 1 1 0 1 1 1 0 1 1 1 0 1 1 1 0 1 1 1 1 1 1 1 1 1 1 0 1 0 1 1 0 0 1 0 1 1 
0 1 0 1 0 0 0 1 0 0 0 1 0 1 0 1 0 0 0 1 0 0 0 1 0 0 0 1 0 1 0 1 0 0 0 0 0 1 1 0 0 1 0 0 0 1 1 1 1 0 0 1 0 1 0 1 0 0 0 0 0 1 0 0 1 0 1 1 0 1 1 1 0 0 0 
0 0 0 0 0 1 0 0 1 0 1 0 0 0 1 0 1 1 1 0 1 0 0 0 1 1 1 0 1 0 0 0 1 0 0 0 0 0 0 1 1 0 1 1 0 0 0 0 0 0 0 0 0 0 1 0 1 0 0 1 0 0 1 0 0 0 0 0 0 0 0 0 0 0 1 
1 0 1 1 1 0 1 0 0 1 1 0 1 0 0 0 0 1 0 0 0 0 1 0 1 0 1 0 0 0 0 0 0 1 0 0 0 1 0 1 0 0 0 1 1 0 0 1 0 1 1 0 1 0 1 0 0 0 1 0 1 0 0 1 0 1 0 0 1 0 0 1 0 1 0 
1 1 1 1 1 0 1 1 0 1 1 1 0 1 0 1 0 1 1 1 1 0 1 0 1 1 1 1 1 1 0 1 1 1 1 0 1 0 1 1 1 0 0 1 1 1 1 1 1 1 1 1 1 1 1 1 0 1 1 1 1 1 1 1 0 1 1 1 1 1 0 1 1 1 0 
0 0 0 1 0 0 0 1 1 0 0 1 0 0 1 1 0 0 1 1 1 0 0 0 0 1 0 1 0 0 1 0 1 0 1 0 0 1 0 0 0 1 0 0 0 0 1 1 1 0 1 1 0 0 1 0 0 1 0 0 0 1 0 0 0 0 0 1 0 1 0 0 0 0 0 
1 1 1 1 1 1 1 1 1 1 1 0 1 0 1 1 1 1 1 0 1 0 0 0 1 1 1 0 1 0 0 0 1 1 0 1 1 1 0 0 1 0 1 1 1 0 1 1 1 0 1 0 1 0 1 0 1 1 0 1 0 1 1 0 0 1 0 1 1 0 0 1 0 1 1 
1 0 1 1 1 1 1 1 1 0 1 0 0 0 1 1 1 1 1 0 1 0 0 0 1 1 1 0 1 0 0 0 1 1 0 1 0 1 0 1 0 0 1 1 1 0 1 0 0 0 1 0 0 0 1 0 1 1 0 1 0 0 1 0 0 1 0 1 1 0 0 0 0 0 1 
0 0 0 1 0 1 0 1 1 0 0 1 0 0 1 1 0 0 1 1 1 0 0 0 0 1 0 1 0 0 1 0 1 0 1 0 0 0 1 0 0 0 0 0 0 0 1 0 0 0 1 0 0 0 0 0 0 1 0 0 0 0 0 0 0 0 0 1 0 1 0 0 0 0 1 
0 0 0 0 0 1 0 0 1 0 1 0 0 0 1 0 1 1 1 0 1 0 0 0 1 1 1 0 1 0 0 0 1 1 0 1 0 0 0 1 1 0 0 1 0 0 0 0 0 0 1 0 0 0 1 0 1 1 0 1 0 0 1 0 0 0 0 1 0 0 0 0 0 0 1 
1 0 1 1 1 1 1 0 1 0 1 0 0 0 1 1 1 1 1 0 1 0 0 0 1 1 1 0 1 0 0 0 1 1 0 1 1 1 0 1 1 0 1 0 1 0 1 1 0 0 1 0 1 0 1 0 1 1 0 1 0 0 1 0 0 1 0 1 1 0 0 0 0 1 1 
1 1 1 1 1 0 1 0 0 1 1 0 1 0 0 0 1 1 0 0 0 0 1 0 1 0 1 0 1 0 0 0 0 1 0 0 1 1 0 1 1 0 0 1 0 0 1 1 1 1 1 0 1 0 1 0 0 0 1 1 1 1 1 1 0 1 0 0 1 0 0 1 0 1 0 
0 1 0 1 0 0 0 1 0 1 0 0 0 1 0 0 0 0 0 1 0 1 1 1 0 0 0 0 0 1 0 1 0 0 1 0 0 1 0 0 0 0 0 0 0 0 1 1 1 1 0 1 0 1 0 1 0 0 1 0 0 1 0 1 1 0 1 0 0 0 1 1 1 0 0 
1 1 0 1 1 0 1 1 1 1 1 1 0 1 1 1 0 1 1 1 1 0 1 0 0 1 1 1 0 1 1 1 1 1 1 0 0 1 1 1 1 1 0 1 1 1 0 1 1 0 1 1 0 1 1 1 0 1 0 1 0 1 1 1 0 0 1 1 0 1 0 1 0 0 0 
1 1 1 1 1 0 1 1 0 1 1 1 0 1 0 1 0 1 1 1 1 1 1 1 0 1 1 1 0 1 0 1 0 1 1 0 1 1 1 1 0 0 0 1 1 1 1 0 1 1 1 1 1 1 1 1 0 1 1 1 0 1 0 1 1 0 1 1 0 1 1 1 1 0 0 
1 1 0 1 1 0 1 1 0 1 1 1 0 1 0 1 0 1 0 1 1 1 1 1 0 1 1 1 0 1 0 1 0 1 1 0 0 1 1 1 0 0 0 0 1 1 1 1 0 1 1 1 1 1 1 1 0 1 1 0 0 1 0 1 1 0 1 1 0 1 1 1 1 0 0 
1 1 1 0 1 0 1 0 0 1 0 0 1 1 0 0 0 0 0 0 0 1 1 1 0 0 0 0 0 0 0 0 0 0 0 0 1 1 0 0 0 0 0 0 1 1 0 1 1 0 0 0 1 1 0 1 0 0 1 0 1 1 0 1 1 0 1 0 0 0 1 1 1 1 0 
1 1 1 1 1 1 1 1 1 1 1 1 0 1 1 1 1 1 1 1 1 0 0 0 1 1 1 1 1 0 1 0 1 1 0 0 1 1 1 1 1 1 1 1 1 0 1 1 1 0 0 1 1 1 1 1 1 1 0 1 0 1 1 1 0 1 0 1 1 1 0 1 0 1 1 
0 1 0 1 0 0 0 1 0 1 0 1 0 1 0 1 0 0 0 1 0 1 1 1 0 1 0 1 0 1 0 1 0 1 1 0 0 1 1 0 0 0 0 0 0 1 1 1 1 0 1 0 0 1 1 1 0 1 0 0 0 1 0 1 1 0 1 1 0 1 1 1 1 0 0 
1 1 1 1 1 0 1 0 0 1 1 0 1 0 0 0 0 1 0 0 0 0 1 0 0 0 1 0 0 0 0 0 0 1 0 0 1 1 0 1 0 0 0 1 1 0 0 1 1 1 1 0 0 1 1 0 0 0 1 0 1 1 0 1 0 1 0 0 1 0 0 1 0 1 0 
1 1 0 1 1 0 1 1 0 1 0 0 0 1 0 0 0 0 0 0 0 1 1 1 0 0 0 0 0 1 0 1 0 0 1 0 0 1 0 0 0 0 0 0 0 1 1 1 1 1 1 1 1 0 0 1 0 0 1 0 1 1 0 1 1 0 1 0 0 0 1 1 1 0 0 
1 1 1 1 1 1 1 1 1 1 1 1 0 0 1 1 1 1 1 1 1 0 0 0 1 1 1 0 1 0 0 0 1 1 0 1 1 1 1 1 1 0 1 1 1 0 1 1 1 0 1 1 1 0 0 1 1 1 0 1 0 1 1 0 0 1 0 1 1 0 0 1 0 1 1 
0 1 0 1 0 0 1 1 0 1 0 0 0 1 0 1 0 0 0 1 0 1 1 1 0 0 0 1 0 1 0 1 0 1 1 0 0 1 0 0 0 0 0 0 0 1 1 1 1 1 1 1 0 1 1 0 0 0 1 0 0 1 0 1 1 0 1 1 0 1 1 1 1 0 0 
0 0 0 0 0 1 0 0 1 0 1 0 0 0 1 0 1 1 1 0 1 0 0 0 1 1 1 0 1 0 0 0 1 1 0 1 0 0 0 1 1 0 1 1 0 0 0 0 0 0 1 0 0 0 1 0 0 1 0 1 0 0 1 0 0 0 0 0 0 0 0 0 0 0 1 
0 0 0 1 0 1 1 1 1 0 1 1 0 0 1 1 0 1 1 1 1 0 0 0 1 1 1 1 1 0 1 0 1 1 0 0 0 1 1 1 1 1 1 1 0 0 1 1 1 0 1 1 0 0 1 0 1 0 0 1 0 1 1 0 0 0 0 1 0 1 0 0 0 0 1 
1 1 1 1 1 0 1 0 0 1 1 0 1 1 0 0 0 0 0 0 0 1 1 0 0 0 0 0 0 0 0 0 0 1 0 0 1 1 0 0 0 0 0 0 1 1 0 1 1 1 0 0 1 1 0 1 0 0 0 0 1 1 0 1 1 1 1 0 1 0 1 1 1 1 0 
1 0 1 1 1 1 1 1 1 0 1 0 0 0 1 1 1 1 1 0 1 0 0 0 1 1 1 0 1 0 0 0 1 1 0 1 0 1 0 1 1 0 1 1 1 0 1 1 0 0 1 0 0 0 1 0 1 1 0 0 0 0 1 0 0 1 0 1 1 0 0 0 0 0 1 
1 0 1 0 1 0 1 0 0 1 1 0 1 0 0 0 0 0 0 0 0 0 1 0 0 0 0 0 0 0 0 0 0 1 0 0 1 1 0 0 0 0 0 0 1 0 0 0 0 1 0 0 1 1 0 0 0 0 1 0 0 0 0 1 0 1 0 0 1 0 0 1 0 1 0 
1 1 0 1 1 0 1 1 0 1 1 1 0 1 0 1 0 1 0 1 1 1 1 1 0 1 1 1 0 1 0 1 0 1 1 0 0 1 1 1 0 0 0 0 1 1 1 1 1 1 1 1 1 1 1 1 0 1 1 0 0 0 0 1 1 0 1 1 0 1 1 1 1 0 0 
1 0 1 1 1 1 1 0 1 0 1 0 0 0 1 1 1 1 1 0 1 0 0 0 1 1 1 0 1 0 0 0 1 1 0 1 0 1 0 1 1 0 1 1 1 0 1 0 0 0 1 0 0 0 1 0 1 1 0 1 0 0 0 0 0 1 0 1 1 0 0 0 0 1 1 
1 1 1 1 1 0 1 0 0 1 1 0 1 1 0 0 0 0 0 0 0 1 1 0 0 0 0 0 0 0 0 0 0 1 0 0 1 1 0 0 0 0 0 0 1 1 1 1 1 1 1 1 1 1 0 1 0 0 1 0 1 1 0 0 1 1 1 0 1 0 1 1 1 1 0 
0 1 0 0 0 0 0 0 0 1 0 0 0 1 0 0 0 0 0 0 0 1 1 1 0 0 0 0 0 1 0 1 0 0 1 0 0 0 0 0 0 0 0 0 0 1 0 1 1 1 0 1 0 1 0 1 0 0 1 0 0 1 0 1 0 0 1 0 0 0 1 1 1 0 0 
1 0 1 1 1 0 1 0 0 1 1 0 1 0 0 0 1 1 0 0 0 0 0 0 1 0 1 0 1 0 0 0 0 1 0 0 1 1 0 1 1 0 0 1 1 0 0 0 0 0 1 0 1 0 1 0 0 0 1 1 1 0 1 1 0 0 0 0 1 0 0 0 0 1 0 
0 1 0 1 0 0 0 0 0 1 0 0 0 1 0 0 0 0 0 0 0 1 1 1 0 0 0 0 0 1 0 1 0 0 1 0 0 1 0 0 0 0 0 0 0 1 1 1 1 1 0 1 0 1 0 1 0 0 1 0 0 1 0 1 1 0 0 0 0 0 1 1 1 0 0 
0 1 0 1 0 1 0 1 1 0 0 1 0 0 1 1 0 1 1 1 1 0 0 0 0 1 1 1 1 0 1 0 1 1 1 0 0 1 1 1 1 1 1 1 0 0 1 1 1 0 1 1 0 0 1 1 0 1 0 1 0 1 1 0 0 0 0 0 0 1 0 1 0 0 1 
1 0 1 1 1 0 1 0 0 1 1 0 1 0 0 0 1 1 0 0 0 0 0 0 1 0 1 0 1 0 0 0 0 1 0 0 1 1 0 1 1 0 0 1 1 0 0 0 0 0 1 0 1 0 1 0 0 0 1 1 1 0 1 1 0 1 0 0 0 0 0 0 0 1 0 
0 1 0 1 0 0 0 1 0 0 0 1 0 0 0 1 0 0 0 1 1 0 0 0 0 1 0 1 0 1 1 1 0 0 1 0 0 1 1 0 0 1 0 0 0 0 1 1 1 0 1 1 0 0 0 1 0 1 0 0 0 1 0 0 0 0 0 1 0 0 0 0 0 0 0 
0 1 0 0 0 0 0 0 0 1 0 0 0 1 0 0 0 0 0 0 0 1 1 1 0 0 0 0 0 1 0 1 0 0 1 0 0 0 0 0 0 0 0 0 0 1 0 1 1 1 0 1 0 1 0 1 0 0 1 0 0 1 0 1 1 0 1 0 0 0 0 1 1 0 0 
1 1 0 1 1 0 1 1 0 1 1 0 0 1 0 1 0 1 0 1 0 1 1 1 0 1 1 0 0 1 0 1 0 1 1 0 1 1 0 1 0 0 0 0 1 1 1 1 1 1 1 1 1 1 1 1 0 0 1 0 1 1 0 1 1 0 1 1 0 0 1 0 1 0 0 
0 1 0 0 0 0 0 0 0 1 0 0 0 1 0 0 0 0 0 0 0 1 1 1 0 0 0 0 0 1 0 1 0 0 0 0 0 1 0 0 0 0 0 0 0 1 0 1 1 1 0 1 0 1 0 1 0 0 1 0 0 1 0 1 1 0 1 0 0 0 1 1 0 0 0 
1 0 1 1 1 0 1 0 0 1 1 0 1 0 0 0 1 1 0 0 0 0 1 0 1 0 1 0 0 0 0 0 0 1 0 0 1 1 0 1 0 0 0 1 1 0 0 0 0 1 1 0 1 0 1 0 0 0 1 0 1 0 1 1 0 1 0 0 1 0 0 0 0 0 0 
0 0 0 1 0 1 0 0 1 0 1 1 0 0 1 1 1 1 1 0 1 0 0 0 1 1 1 0 1 0 1 0 1 1 0 1 0 0 0 1 1 1 1 1 0 0 0 0 0 0 1 0 0 0 1 0 1 1 0 1 0 0 1 0 0 0 0 1 0 0 0 0 0 0 0 
