75 50 0.492973
1 26 34
2 55 44
3 1 98
4 72 74
5 86 35
6 71 53
7 67 73
8 95 20
9 34 19
10 15 80
11 7 77
12 31 20
13 18 1
14 94 1
15 1 48
16 50 79
17 40 78
18 96 47
19 79 29
20 5 3
21 4 59
22 82 34
23 5 67
24 60 37
25 12 1
26 48 22
27 14 48
28 33 82
29 37 63
30 81 39
31 90 51
32 81 66
33 9 48
34 47 67
35 57 10
36 70 1
37 79 33
38 33 55
39 26 92
40 83 93
41 66 43
42 95 70
43 70 20
44 86 87
45 82 40
46 29 24
47 53 37
48 53 98
49 49 76
50 96 17
51 92 62
52 41 92
53 47 16
54 38 58
55 29 47
56 65 52
57 42 60
58 30 71
59 26 83
60 45 73
61 91 49
62 12 87
63 86 63
64 97 50
65 32 27
66 58 5
67 55 5
68 76 7
69 62 31
70 5 29
71 50 29
72 17 10
73 34 95
74 12 52
75 25 47
0 1 0 0 0 1 0 0 1 1 1 1 1 0 1 0 1 0 0 1 1 0 1 1 1 1 1 1 1 0 0 0 1 1 1 0 0 1 0 0 1 0 1 0 0 1 1 0 1 0 0 0 1 1 1 1 1 1 1 1 0 0 0 0 1 1 1 0 1 1 1 1 0 1 1 
1 0 0 1 1 1 1 1 1 0 0 1 0 0 0 1 1 1 1 0 0 1 0 1 0 1 1 1 1 1 1 1 1 1 1 1 1 1 0 0 1 1 1 0 1 1 1 0 1 1 1 1 1 1 1 1 1 1 1 1 1 0 1 1 1 1 1 1 1 0 1 0 0 1 1 
0 0 0 0 0 0 0 0 0 1 1 0 0 0 1 0 1 0 0 0 1 0 1 0 0 0 0 1 0 0 0 0 0 0 0 0 0 0 1 0 0 0 0 0 0 0 0 0 0 0 0 1 0 0 0 0 0 1 1 0 0 1 0 0 0 0 0 0 0 0 0 0 1 1 0 
0 1 0 0 1 1 1 0 0 0 0 0 0 0 0 1 1 1 1 0 0 1 0 1 0 0 0 1 1 1 1 1 0 1 0 0 1 1 1 1 1 1 0 1 1 0 1 1 1 0 1 1 0 1 0 1 1 1 1 1 1 0 1 1 0 0 0 0 1 0 0 0 1 0 0 
0 1 0 1 0 1 1 1 0 0 0 0 0 1 0 0 0 1 1 0 0 1 0 1 0 1 0 0 0 1 1 1 0 0 1 1 1 0 0 0 1 1 1 0 1 0 1 0 0 1 1 0 1 0 0 1 0 0 0 0 1 0 1 1 0 1 1 1 1 0 1 0 0 0 0 
1 1 0 1 1 0 1 1 0 0 0 0 0 0 0 1 1 1 1 0 0 1 0 1 0 1 0 1 1 1 1 1 0 1 1 0 1 1 0 1 1 1 1 1 1 0 1 1 1 1 1 1 1 1 1 1 1 1 0 1 1 0 1 1 1 1 0 1 1 0 1 0 0 0 1 
0 1 0 1 1 1 0 0 0 0 0 0 0 0 0 1 1 1 1 0 0 1 0 1 0 0 0 1 1 1 1 1 0 1 0 0 1 1 1 1 1 1 0 1 1 0 1 1 1 0 1 1 0 1 1 1 1 1 1 1 1 0 1 1 0 0 0 0 1 0 1 0 1 0 1 
0 1 0 0 1 1 0 0 0 0 0 0 0 1 0 0 0 1 1 0 0 1 0 1 0 1 0 0 0 1 1 1 0 0 1 1 1 0 0 0 1 1 1 0 1 0 1 0 0 1 1 0 1 0 0 1 0 0 0 0 1 0 1 1 0 1 1 1 1 0 1 0 0 0 0 
1 1 0 0 0 0 0 0 0 0 0 1 1 0 1 0 0 0 1 1 1 0 0 1 1 1 1 0 1 0 0 0 1 1 1 1 1 1 0 0 1 0 1 0 0 1 1 0 0 0 0 0 1 1 1 1 1 0 0 0 0 0 0 0 1 1 1 1 1 1 1 1 0 1 1 
1 0 1 0 0 0 0 0 0 0 1 0 0 0 1 1 1 0 0 0 1 0 1 0 0 0 1 1 1 0 0 0 1 1 0 0 0 1 1 0 0 0 0 0 0 0 0 1 1 0 0 1 0 1 1 0 1 1 1 1 0 1 0 0 0 0 0 0 0 0 0 0 1 1 1 
1 0 1 0 0 0 0 0 0 1 0 0 0 0 1 1 1 0 0 0 1 0 1 0 0 0 1 1 1 0 0 0 1 1 0 0 0 1 1 0 0 0 0 0 0 0 0 0 1 0 0 1 0 1 1 0 1 1 1 1 0 1 0 0 0 0 0 0 0 1 0 0 1 1 1 
1 1 0 0 0 0 0 0 1 0 0 0 1 0 1 0 0 0 1 1 1 0 0 1 1 1 1 0 1 0 0 0 1 1 1 1 1 1 0 0 1 0 1 0 0 1 1 0 0 0 0 0 1 1 1 1 1 0 0 0 0 0 0 0 1 1 1 1 1 1 1 1 0 1 1 
1 0 0 0 0 0 0 0 1 0 0 1 0 0 1 0 0 0 0 1 0 0 0 0 1 1 1 0 0 0 0 0 1 0 1 0 0 0 0 0 0 0 0 0 0 1 0 0 0 0 0 0 1 0 1 0 0 0 0 0 0 0 0 0 1 1 1 0 0 1 1 1 0 0 1 
0 0 0 0 1 0 0 1 0 0 0 0 0 0 0 0 0 1 1 0 0 1 0 1 0 0 0 0 0 1 0 0 0 0 1 1 1 0 0 0 0 0 1 0 1 0 0 0 0 1 0 0 1 0 0 0 0 0 0 0 1 0 0 1 0 1 1 1 1 0 0 0 0 0 0 
1 0 1 0 0 0 0 0 1 1 1 1 1 0 0 0 1 0 0 1 1 0 1 0 1 0 1 1 1 0 0 0 1 1 0 0 0 1 0 0 0 0 0 0 0 1 0 0 0 0 0 0 0 1 1 0 1 1 1 0 0 1 0 0 1 0 0 0 0 1 0 1 0 1 1 
0 1 0 1 0 1 1 0 0 1 1 0 0 0 0 0 1 0 0 0 0 0 1 1 0 0 1 1 1 0 1 1 0 1 0 0 0 1 1 1 1 1 0 1 0 0 1 1 1 0 1 1 0 1 1 1 1 1 1 1 0 1 1 0 0 0 0 0 1 0 1 0 1 1 1 
1 1 1 1 0 1 1 0 0 1 1 0 0 0 1 1 0 0 0 0 1 0 1 1 0 0 1 1 1 0 0 1 1 1 0 0 0 1 1 1 1 0 0 1 0 0 1 1 1 0 0 1 0 1 1 1 1 1 1 1 0 1 1 0 0 0 0 0 0 0 0 0 1 1 1 
0 1 0 1 1 1 1 1 0 0 0 0 0 1 0 0 0 0 1 0 0 1 0 1 0 0 0 0 0 1 1 1 0 0 0 0 1 0 0 1 1 1 1 1 1 0 1 0 0 1 1 0 0 0 0 1 0 0 0 0 1 0 1 1 0 0 0 1 1 0 1 0 0 0 0 
0 1 0 1 1 1 1 1 1 0 0 1 0 1 0 0 0 1 0 0 0 1 0 1 0 1 0 0 0 1 1 1 0 1 1 1 1 0 0 0 1 1 1 0 1 0 1 0 0 1 1 0 1 0 0 1 1 0 0 0 1 0 1 1 1 1 1 1 1 0 1 0 0 0 0 
1 0 0 0 0 0 0 0 1 0 0 1 1 0 1 0 0 0 0 0 0 0 0 0 1 1 1 0 0 0 0 0 1 0 0 0 0 0 0 0 0 0 0 0 0 1 0 0 0 0 0 0 1 0 0 0 0 0 0 0 0 0 0 0 1 0 0 0 0 1 0 1 0 1 1 
1 0 1 0 0 0 0 0 1 1 1 1 0 0 1 0 1 0 0 0 0 0 1 0 0 0 1 1 1 0 0 0 1 1 0 0 0 1 1 0 0 0 0 0 0 1 0 0 1 0 0 1 0 1 1 0 1 1 1 1 0 1 0 0 1 0 0 0 0 1 0 0 1 1 1 
0 1 0 1 1 1 1 1 0 0 0 0 0 1 0 0 0 1 1 0 0 0 0 1 0 1 0 0 0 1 1 1 0 1 1 1 1 0 0 0 1 1 1 0 1 0 1 0 0 1 1 0 1 0 0 1 1 0 0 0 1 0 1 1 0 1 1 1 1 0 1 0 0 0 0 
1 0 1 0 0 0 0 0 0 1 1 0 0 0 1 1 1 0 0 0 1 0 0 0 0 0 1 1 1 0 0 0 1 1 0 0 0 1 1 0 0 0 0 0 0 1 0 0 1 0 0 1 0 1 1 0 1 1 1 1 0 1 0 0 1 0 0 0 0 1 0 0 1 1 1 
1 1 0 1 1 1 1 1 1 0 0 1 0 1 0 1 1 1 1 0 0 1 0 0 0 1 1 0 1 1 1 1 0 1 1 1 1 1 0 0 1 1 1 0 1 1 1 0 1 1 1 0 1 1 1 1 1 1 0 1 1 0 1 1 1 1 1 1 1 0 1 0 0 0 1 
1 0 0 0 0 0 0 0 1 0 0 1 1 0 1 0 0 0 0 1 0 0 0 0 0 1 1 0 0 0 0 0 1 0 1 0 0 0 0 0 0 0 0 0 0 1 0 0 0 0 0 0 1 0 1 0 0 0 0 0 0 0 0 0 1 1 1 0 0 1 1 1 0 0 1 
1 1 0 0 1 1 0 1 1 0 0 1 1 0 0 0 0 0 1 1 0 1 0 1 1 0 1 0 1 1 0 0 1 1 1 1 1 1 0 0 1 0 1 0 1 1 1 0 0 1 0 0 1 1 1 1 1 0 0 0 0 0 0 0 1 1 1 1 1 1 1 1 0 1 1 
1 1 0 0 0 0 0 0 1 1 1 1 1 0 1 1 1 0 0 1 1 0 1 1 1 1 0 1 1 0 0 0 1 1 0 0 0 1 1 0 0 0 0 0 0 1 1 0 1 0 0 0 1 1 1 0 1 1 1 1 0 1 0 0 1 0 0 0 0 1 1 1 0 1 1 
1 1 1 1 0 1 1 0 0 1 1 0 0 0 1 1 1 0 0 0 1 0 1 0 0 0 1 0 1 0 0 0 1 1 0 0 0 1 1 0 0 0 0 0 0 0 1 1 1 0 0 1 0 1 1 1 1 1 1 1 0 1 0 0 0 0 0 0 0 0 0 0 1 1 1 
1 1 0 1 0 1 1 0 1 1 1 1 0 0 1 1 1 0 0 0 1 0 1 1 0 1 1 1 0 0 0 1 1 1 0 0 0 1 1 0 1 0 0 0 0 1 1 1 1 0 0 1 1 1 1 1 1 1 1 1 0 1 1 0 1 0 0 0 1 1 1 0 1 1 1 
0 1 0 1 1 1 1 1 0 0 0 0 0 1 0 0 0 1 1 0 0 1 0 1 0 1 0 0 0 0 1 1 0 1 1 1 1 0 0 0 1 1 1 1 1 0 1 0 1 1 1 0 1 1 0 1 1 0 0 1 1 0 1 1 0 1 1 1 1 0 1 0 0 0 0 
0 1 0 1 1 1 1 1 0 0 0 0 0 0 0 1 0 1 1 0 0 1 0 1 0 0 0 0 0 1 0 1 0 1 0 0 1 0 0 1 1 1 1 1 1 0 1 0 1 1 1 0 0 0 0 1 1 0 0 0 1 0 1 1 0 0 0 1 1 0 1 0 0 0 0 
0 1 0 1 1 1 1 1 0 0 0 0 0 0 0 1 1 1 1 0 0 1 0 1 0 0 0 0 1 1 1 0 0 1 0 0 1 1 0 1 1 1 1 1 1 0 1 1 1 0 1 1 0 1 0 1 1 0 0 1 1 0 1 1 0 0 0 0 1 0 1 0 0 0 0 
1 1 0 0 0 0 0 0 1 1 1 1 1 0 1 0 1 0 0 1 1 0 1 0 1 1 1 1 1 0 0 0 0 1 0 0 0 1 1 0 0 0 0 0 0 1 1 0 1 0 0 0 1 1 1 0 1 1 1 1 0 1 0 0 1 0 0 0 0 1 1 1 0 1 1 
1 1 0 1 0 1 1 0 1 1 1 1 0 0 1 1 1 0 1 0 1 1 1 1 0 1 1 1 1 1 1 1 1 0 0 0 1 1 1 1 1 1 0 1 1 1 1 1 1 0 1 1 0 1 1 1 1 1 1 1 1 1 1 0 1 0 0 0 1 0 1 0 1 1 1 
1 1 0 0 1 1 0 1 1 0 0 1 1 1 0 0 0 0 1 0 0 1 0 1 1 1 0 0 0 1 0 0 0 0 0 1 1 0 0 0 1 0 1 0 1 1 1 0 0 1 0 0 1 0 1 1 0 0 0 0 0 0 0 0 1 1 1 1 1 0 1 1 0 0 1 
0 1 0 0 1 0 0 1 1 0 0 1 0 1 0 0 0 0 1 0 0 1 0 1 0 1 0 0 0 1 0 0 0 0 1 0 1 0 0 0 1 0 1 0 1 1 1 0 0 1 0 0 1 0 0 0 0 0 0 0 0 0 0 0 1 1 1 1 1 0 1 0 0 0 0 
0 1 0 1 1 1 1 1 1 0 0 1 0 1 0 0 0 1 1 0 0 1 0 1 0 1 0 0 0 1 1 1 0 1 1 1 0 0 0 0 1 1 1 0 1 0 1 0 0 1 1 0 1 1 0 1 1 0 0 0 1 0 1 1 1 1 1 1 1 0 1 0 0 0 0 
1 1 0 1 0 1 1 0 1 1 1 1 0 0 1 1 1 0 0 0 1 0 1 1 0 1 1 1 1 0 0 1 1 1 0 0 0 0 1 0 1 0 0 0 0 1 1 1 1 0 0 1 1 1 1 1 1 1 1 1 0 1 0 0 1 0 0 0 1 1 1 1 1 1 1 
0 0 1 1 0 0 1 0 0 1 1 0 0 0 0 1 1 0 0 0 1 0 1 0 0 0 1 1 1 0 0 0 1 1 0 0 0 1 0 0 0 0 0 0 0 0 0 1 1 0 0 1 0 1 1 0 1 1 1 1 0 1 0 0 0 0 0 0 0 0 0 0 1 1 1 
0 0 0 1 0 1 1 0 0 0 0 0 0 0 0 1 1 1 0 0 0 0 0 0 0 0 0 0 0 0 1 1 0 1 0 0 0 0 0 0 0 1 0 1 0 0 0 1 1 0 1 1 0 0 0 1 0 0 0 1 1 0 1 1 0 0 0 0 0 0 0 0 1 0 0 
1 1 0 1 1 1 1 1 1 0 0 1 0 0 0 1 1 1 1 0 0 1 0 1 0 1 0 0 1 1 1 1 0 1 1 1 1 1 0 0 0 1 1 1 1 1 1 0 1 1 1 0 1 1 1 1 1 1 0 1 1 0 1 1 1 1 1 1 1 0 1 0 0 0 1 
0 1 0 1 1 1 1 1 0 0 0 0 0 0 0 1 0 1 1 0 0 1 0 1 0 0 0 0 0 1 1 1 0 1 0 0 1 0 0 1 1 0 0 1 1 0 0 0 1 0 1 0 0 0 0 1 0 0 0 0 1 0 1 1 0 0 0 0 0 0 0 0 0 0 0 
1 1 0 0 1 1 0 1 1 0 0 1 0 1 0 0 0 1 1 0 0 1 0 1 0 1 0 0 0 1 1 1 0 0 1 1 1 0 0 0 1 0 0 0 1 1 1 0 0 1 1 0 1 1 1 1 1 0 0 0 1 0 1 1 1 1 1 1 1 0 1 0 0 0 0 
0 0 0 1 0 1 1 0 0 0 0 0 0 0 0 1 1 1 0 0 0 0 0 0 0 0 0 0 0 1 1 1 0 1 0 0 0 0 0 1 1 1 0 0 1 0 0 1 1 0 1 1 0 0 0 1 0 0 0 1 1 0 1 1 0 0 0 0 0 0 0 0 0 0 0 
0 1 0 1 1 1 1 1 0 0 0 0 0 1 0 0 0 1 1 0 0 1 0 1 0 1 0 0 0 1 1 1 0 1 1 1 1 0 0 0 1 1 1 1 0 0 1 0 1 1 1 0 1 1 0 1 1 0 0 1 1 0 1 1 0 1 1 1 1 0 1 0 0 0 0 
1 1 0 0 0 0 0 0 1 0 0 1 1 0 1 0 0 0 0 1 1 0 1 1 1 1 1 0 1 0 0 0 1 1 1 1 0 1 0 0 1 0 1 0 0 0 1 0 0 0 0 0 1 1 1 1 1 1 0 0 0 0 0 0 1 1 1 1 1 1 1 1 0 1 1 
1 1 0 1 1 1 1 1 1 0 0 1 0 0 0 1 1 1 1 0 0 1 0 1 0 1 1 1 1 1 1 1 1 1 1 1 1 1 0 0 1 0 1 0 1 1 0 0 1 1 1 0 1 1 1 1 1 1 0 1 1 0 1 1 1 1 1 1 1 1 1 1 0 1 1 
0 0 0 1 0 1 1 0 0 1 0 0 0 0 0 1 1 0 0 0 0 0 0 0 0 0 0 1 1 0 0 1 0 1 0 0 0 1 1 1 0 0 0 1 0 0 0 0 1 0 0 1 0 1 0 1 1 1 1 1 0 1 1 0 0 0 0 0 0 0 0 0 1 0 0 
1 1 0 1 0 1 1 0 0 1 1 0 0 0 0 1 1 0 0 0 1 0 1 1 0 0 1 1 1 1 1 1 1 1 0 0 0 1 1 1 1 1 0 1 1 0 1 1 0 0 1 1 0 1 1 1 1 1 1 1 1 1 1 0 0 0 0 0 1 0 1 0 1 1 1 
0 1 0 0 1 1 0 1 0 0 0 0 0 1 0 0 0 1 1 0 0 1 0 1 0 1 0 0 0 1 1 0 0 0 1 1 1 0 0 0 1 0 1 0 1 0 1 0 0 0 1 0 1 0 0 1 0 0 0 0 1 0 1 1 0 1 1 1 1 0 1 0 0 0 0 
0 1 0 1 1 1 1 1 0 0 0 0 0 0 0 1 0 1 1 0 0 1 0 1 0 0 0 0 0 1 1 1 0 1 0 0 1 0 0 1 1 1 1 1 1 0 1 0 1 1 0 0 0 0 0 1 0 0 0 1 1 0 1 1 0 0 0 0 1 0 0 0 0 0 0 
0 1 1 1 0 1 1 0 0 1 1 0 0 0 0 1 1 0 0 0 1 0 1 0 0 0 0 1 1 0 0 1 0 1 0 0 0 1 1 1 0 0 0 1 0 0 0 1 1 0 0 0 0 1 1 1 1 1 1 1 0 1 0 0 0 0 0 0 0 0 0 0 1 1 1 
1 1 0 0 1 1 0 1 1 0 0 1 1 1 0 0 0 0 1 1 0 1 0 1 1 1 1 0 1 1 0 0 1 0 1 1 1 1 0 0 1 0 1 0 1 1 1 0 0 1 0 0 0 1 1 1 1 0 0 0 0 0 0 0 1 1 1 1 1 1 1 1 0 0 1 
1 1 0 1 0 1 1 0 1 1 1 1 0 0 1 1 1 0 0 0 1 0 1 1 0 1 1 1 1 1 0 1 1 1 0 0 1 1 1 0 1 0 1 0 1 1 1 1 1 0 0 1 1 0 1 1 1 1 1 1 0 1 1 0 1 0 0 0 1 1 1 0 1 1 1 
1 1 0 0 0 1 1 0 1 1 1 1 1 0 1 1 1 0 0 0 1 0 1 1 1 1 1 1 1 0 0 0 1 1 1 0 0 1 1 0 1 0 1 0 0 1 1 0 1 0 0 1 1 1 0 1 1 1 1 1 0 1 0 0 1 0 1 0 1 1 1 1 1 1 1 
1 1 0 1 1 1 1 1 1 0 0 1 0 0 0 1 1 1 1 0 0 1 0 1 0 1 0 1 1 1 1 1 0 1 1 0 1 1 0 1 1 1 1 1 1 1 1 1 1 1 1 1 1 1 1 0 1 1 1 1 1 0 1 1 1 1 1 1 1 0 1 0 0 0 1 
1 1 0 1 0 1 1 0 1 1 1 1 0 0 1 1 1 0 1 0 1 1 1 1 0 1 1 1 1 1 1 1 1 1 0 0 1 1 1 0 1 0 1 0 1 1 1 1 1 0 0 1 1 1 1 1 0 1 1 1 0 1 1 0 1 0 0 0 1 1 1 0 1 1 1 
1 1 1 1 0 1 1 0 0 1 1 0 0 0 1 1 1 0 0 0 1 0 1 1 0 0 1 1 1 0 0 0 1 1 0 0 0 1 1 0 1 0 0 0 0 1 1 1 1 0 0 1 0 1 1 1 1 0 1 1 0 1 0 0 1 0 0 0 0 1 1 0 1 1 1 
1 1 1 1 0 0 1 0 0 1 1 0 0 0 1 1 1 0 0 0 1 0 1 0 0 0 1 1 1 0 0 0 1 1 0 0 0 1 1 0 0 0 0 0 0 0 0 1 1 0 0 1 0 1 1 1 1 1 0 1 0 1 0 0 0 0 0 0 0 0 0 0 1 1 1 
1 1 0 1 0 1 1 0 0 1 1 0 0 0 0 1 1 0 0 0 1 0 1 1 0 0 1 1 1 1 0 1 1 1 0 0 0 1 1 1 1 0 0 1 1 0 1 1 1 0 1 1 0 1 1 1 1 1 1 0 0 1 1 0 1 0 0 0 1 0 1 0 1 1 1 
0 1 0 1 1 1 1 1 0 0 0 0 0 1 0 0 0 1 1 0 0 1 0 1 0 0 0 0 0 1 1 1 0 1 0 0 1 0 0 1 1 1 1 1 1 0 1 0 1 1 1 0 0 0 0 1 0 0 0 0 0 0 1 1 0 0 0 1 1 0 1 0 0 0 0 
0 0 1 0 0 0 0 0 0 1 1 0 0 0 1 1 1 0 0 0 1 0 1 0 0 0 1 1 1 0 0 0 1 1 0 0 0 1 1 0 0 0 0 0 0 0 0 1 1 0 0 1 0 1 1 0 1 1 1 1 0 0 0 0 0 0 0 0 0 0 0 0 1 1 1 
0 1 0 1 1 1 1 1 0 0 0 0 0 0 0 1 1 1 1 0 0 1 0 1 0 0 0 0 1 1 1 1 0 1 0 0 1 0 0 1 1 1 1 1 1 0 1 1 1 1 1 0 0 1 0 1 1 0 0 1 1 0 0 1 0 0 0 0 1 0 1 0 0 0 0 
0 1 0 1 1 1 1 1 0 0 0 0 0 1 0 0 0 1 1 0 0 1 0 1 0 0 0 0 0 1 1 1 0 0 0 0 1 0 0 1 1 1 1 1 1 0 1 0 0 1 1 0 0 0 0 1 0 0 0 0 1 0 1 0 0 0 0 1 1 0 0 0 0 0 0 
1 1 0 0 0 1 0 0 1 0 0 1 1 0 1 0 0 0 1 1 1 0 1 1 1 1 1 0 1 0 0 0 1 1 1 1 1 1 0 0 1 0 1 0 0 1 1 0 0 0 0 0 1 1 1 1 1 1 0 1 0 0 0 0 0 1 1 1 1 1 1 1 0 1 1 
1 1 0 0 1 1 0 1 1 0 0 1 1 1 0 0 0 0 1 0 0 1 0 1 1 1 0 0 0 1 0 0 0 0 1 1 1 0 0 0 1 0 1 0 1 1 1 0 0 1 0 0 1 0 0 1 0 0 0 0 0 0 0 0 1 0 1 1 1 0 1 1 0 0 0 
1 1 0 0 1 0 0 1 1 0 0 1 1 1 0 0 0 0 1 0 0 1 0 1 1 1 0 0 0 1 0 0 0 0 1 1 1 0 0 0 1 0 1 0 1 1 1 0 0 1 0 0 1 0 1 1 0 0 0 0 0 0 0 0 1 1 0 1 1 0 1 1 0 0 0 
0 1 0 0 1 1 0 1 1 0 0 1 0 1 0 0 0 1 1 0 0 1 0 1 0 1 0 0 0 1 1 0 0 0 1 1 1 0 0 0 1 0 1 0 1 1 1 0 0 1 0 0 1 0 0 1 0 0 0 0 1 0 0 1 1 1 1 0 1 0 1 0 0 0 0 
1 1 0 1 1 1 1 1 1 0 0 1 0 1 0 1 0 1 1 0 0 1 0 1 0 1 0 0 1 1 1 1 0 1 1 1 1 1 0 0 1 0 1 0 1 1 1 0 1 1 1 0 1 1 1 1 1 0 0 1 1 0 1 1 1 1 1 1 0 0 1 1 0 0 1 
1 0 0 0 0 0 0 0 1 0 1 1 1 0 1 0 0 0 0 1 1 0 1 0 1 1 1 0 1 0 0 0 1 0 0 0 0 1 0 0 0 0 0 0 0 1 1 0 0 0 0 0 1 1 1 0 1 1 0 0 0 0 0 0 1 0 0 0 0 0 1 1 0 1 1 
1 1 0 0 1 1 1 1 1 0 0 1 1 0 0 1 0 1 1 0 0 1 0 1 1 1 1 0 1 1 1 1 1 1 1 1 1 1 0 0 1 0 1 0 1 1 1 0 1 1 0 0 1 1 1 1 1 1 0 1 1 0 1 0 1 1 1 1 1 1 0 1 0 1 1 
1 0 0 0 0 0 0 0 1 0 0 1 1 0 1 0 0 0 0 1 0 0 0 0 1 1 1 0 0 0 0 0 1 0 1 0 0 1 0 0 0 0 0 0 0 1 1 0 0 0 0 0 1 0 1 0 0 0 0 0 0 0 0 0 1 1 1 0 1 1 1 0 0 1 1 
0 0 1 1 0 0 1 0 0 1 1 0 0 0 0 1 1 0 0 0 1 0 1 0 0 0 0 1 1 0 0 0 0 1 0 0 0 1 1 1 0 0 0 0 0 0 0 1 1 0 0 1 0 1 1 0 1 1 1 1 0 1 0 0 0 0 0 0 0 0 0 0 0 1 1 
1 1 1 0 0 0 0 0 1 1 1 1 0 0 1 1 1 0 0 1 1 0 1 0 0 1 1 1 1 0 0 0 1 1 0 0 0 1 1 0 0 0 0 0 0 1 1 0 1 0 0 1 0 1 1 0 1 1 1 1 0 1 0 0 1 0 0 0 0 1 1 1 1 0 1 
1 1 0 0 0 1 1 0 1 1 1 1 1 0 1 1 1 0 0 1 1 0 1 1 1 1 1 1 1 0 0 0 1 1 1 0 0 1 1 0 1 0 0 0 0 1 1 0 1 0 0 1 1 1 1 1 1 1 1 1 0 1 0 0 1 0 0 0 1 1 1 1 1 1 0 
