75 50 0.447928
1 28 11
2 85 92
3 83 35
4 61 83
5 76 34
6 96 15
7 75 7
8 35 48
9 88 74
10 16 59
11 96 57
12 3 69
13 90 20
14 32 65
15 77 95
16 79 60
17 64 6
18 97 8
19 99 67
20 19 73
21 67 26
22 16 27
23 29 9
24 85 100
25 91 9
26 73 33
27 4 53
28 7 10
29 6 69
30 38 59
31 100 70
32 60 37
33 76 72
34 56 30
35 69 36
36 98 67
37 70 99
38 74 2
39 67 35
40 87 31
41 92 16
42 57 64
43 23 50
44 23 41
45 21 65
46 10 97
47 48 16
48 96 45
49 6 78
50 12 28
51 66 50
52 34 20
53 51 7
54 5 59
55 22 55
56 56 86
57 45 55
58 14 11
59 96 35
60 73 61
61 3 30
62 24 100
63 4 69
64 71 92
65 22 13
66 3 50
67 73 50
68 31 73
69 76 84
70 63 95
71 33 3
72 43 69
73 32 35
74 6 75
75 47 34
0 0 0 0 0 0 1 1 0 1 0 0 0 0 0 0 1 0 0 0 1 1 1 0 0 0 1 1 0 1 0 1 0 1 1 0 0 1 1 0 0 0 1 1 0 0 1 0 0 1 0 1 1 0 1 0 1 1 0 0 1 0 0 0 1 1 0 0 0 0 1 0 1 0 1 
0 0 0 1 0 0 0 0 1 0 1 0 0 0 1 1 0 0 1 0 0 0 0 1 0 0 0 0 0 0 1 0 1 0 0 1 1 0 0 0 0 1 0 0 0 0 0 1 0 0 1 0 0 0 0 1 0 0 0 1 0 0 0 1 0 0 1 0 1 1 0 1 0 0 0 
0 0 0 0 1 1 1 1 1 0 1 0 1 0 0 1 1 1 1 0 1 0 0 0 1 1 0 0 0 0 1 1 1 1 1 1 0 1 1 1 1 1 0 0 0 0 1 1 0 0 1 0 1 0 0 0 1 0 1 1 0 0 0 0 0 0 1 0 1 0 0 0 0 0 1 
0 1 0 0 0 0 0 1 1 0 1 0 0 1 1 1 0 0 1 1 0 0 0 1 0 0 0 0 0 1 1 1 1 0 1 1 1 0 1 0 0 1 0 0 1 0 0 0 0 0 1 0 0 0 1 1 1 0 0 1 0 1 0 1 0 0 1 1 1 1 0 1 0 0 0 
0 0 1 0 0 1 1 1 1 0 1 0 1 0 0 1 1 1 1 0 1 0 0 0 1 1 0 0 0 1 1 1 1 1 1 1 0 1 1 1 1 1 0 0 0 0 1 1 0 0 1 1 1 0 0 0 1 0 1 1 0 0 0 0 0 0 1 0 1 0 0 1 1 0 1 
0 0 1 0 1 0 1 0 0 0 1 0 1 0 0 1 1 1 0 0 1 0 0 0 1 1 0 0 0 0 0 1 0 1 1 0 0 1 1 1 1 0 0 0 0 0 1 1 0 0 1 0 1 0 0 0 0 0 1 0 0 0 0 0 0 0 1 0 0 0 0 0 0 0 0 
1 0 1 0 1 1 0 0 0 0 0 0 1 0 0 0 1 1 0 0 1 0 1 0 1 1 0 0 0 0 0 1 0 1 1 0 0 1 1 1 1 0 0 0 0 0 1 1 0 0 1 1 1 0 0 0 0 0 1 0 0 0 0 0 0 0 1 0 0 0 1 0 0 0 1 
1 0 1 1 1 0 0 0 0 1 0 1 0 1 0 1 0 0 0 1 1 1 1 0 0 1 1 1 1 1 0 1 1 1 1 0 0 0 1 0 0 1 1 1 1 0 1 0 1 1 1 1 1 1 1 1 1 1 0 1 1 0 1 0 1 1 1 1 0 0 1 1 1 1 1 
0 1 1 1 1 0 0 0 0 0 1 0 0 0 1 1 0 0 1 0 0 0 0 1 0 1 0 0 0 0 1 1 1 0 1 1 1 0 1 1 0 1 0 0 0 0 0 1 0 0 1 0 0 0 0 1 1 0 1 1 0 0 0 1 0 0 1 0 1 1 0 1 0 0 0 
1 0 0 0 0 0 0 1 0 0 0 1 0 1 0 0 0 0 0 1 0 1 0 0 0 0 1 1 1 1 0 1 0 1 0 0 0 0 0 0 0 1 1 1 1 1 0 0 1 1 0 1 0 1 1 1 1 1 0 0 1 1 1 0 1 1 0 1 0 0 0 1 1 1 1 
0 1 1 1 1 1 0 0 1 0 0 0 1 0 1 1 0 1 1 0 1 0 0 1 1 1 0 0 0 0 1 1 1 1 1 1 1 0 1 1 1 1 0 0 0 0 0 1 0 0 1 0 0 0 0 1 0 0 1 1 0 0 0 1 0 0 1 0 1 0 0 0 0 0 0 
0 0 0 0 0 0 0 1 0 1 0 0 0 1 0 0 0 0 0 1 0 1 0 0 0 0 1 0 1 1 0 0 0 0 0 0 0 0 0 0 0 0 1 1 1 1 0 0 1 1 0 0 0 1 1 0 1 0 0 0 1 1 1 0 0 1 0 1 0 0 0 1 1 1 0 
0 0 1 0 1 1 1 0 0 0 1 0 0 0 0 1 1 1 1 0 1 0 0 0 1 1 0 0 0 0 0 1 0 1 1 1 0 1 1 1 1 0 0 0 0 0 1 1 0 0 1 0 1 0 0 0 0 0 1 1 0 0 0 0 0 0 1 0 0 0 0 0 0 0 1 
0 0 0 1 0 0 0 1 0 1 0 1 0 0 0 1 0 0 0 1 0 1 0 0 0 0 1 0 1 1 0 1 1 1 1 0 0 0 1 0 0 1 1 1 1 1 0 0 1 1 1 1 0 1 1 1 1 0 0 1 1 1 1 1 0 1 1 1 1 1 0 1 1 1 1 
0 1 0 1 0 0 0 0 1 0 1 0 0 0 0 1 0 0 1 0 0 0 0 1 0 0 0 0 0 0 1 0 1 0 0 1 1 0 0 0 0 1 0 0 0 0 0 0 0 0 1 0 0 0 0 1 0 0 0 1 0 0 0 1 0 0 1 0 1 1 0 1 0 0 0 
0 1 1 1 1 1 0 1 1 0 1 0 1 1 1 0 0 0 1 0 1 0 0 1 0 1 0 0 0 1 1 1 1 1 1 1 1 0 1 1 1 1 0 0 0 0 0 1 0 0 1 0 0 0 0 1 1 0 1 1 0 0 0 1 0 0 1 1 1 1 0 1 0 0 1 
1 0 1 0 1 1 1 0 0 0 0 0 1 0 0 0 0 1 0 0 1 0 1 0 1 1 0 0 0 0 0 1 0 1 1 0 0 1 1 1 1 0 0 0 0 0 1 0 0 0 1 1 1 0 0 0 0 0 1 0 0 0 0 0 1 0 1 0 0 0 1 0 1 0 1 
0 0 1 0 1 1 1 0 0 0 1 0 1 0 0 0 1 0 0 0 1 0 0 0 1 1 0 0 0 0 0 1 0 1 1 0 0 1 1 1 1 0 0 0 0 0 1 1 0 0 0 0 1 0 0 0 0 0 1 0 0 0 0 0 0 0 1 0 0 0 0 0 0 0 0 
0 1 1 1 1 0 0 0 1 0 1 0 1 0 1 1 0 0 0 0 0 0 0 1 0 1 0 0 0 0 1 1 1 0 1 1 1 0 1 1 0 1 0 0 0 0 0 1 0 0 1 0 0 0 0 1 0 0 1 1 0 0 0 1 0 0 1 0 1 1 0 0 0 0 0 
0 0 0 1 0 0 0 1 0 1 0 1 0 1 0 0 0 0 0 0 0 1 0 0 0 0 1 0 1 1 0 0 0 0 0 0 0 0 0 0 0 1 1 1 1 1 0 0 1 1 0 0 0 1 1 1 1 0 0 0 1 1 1 0 0 1 0 1 0 1 0 1 1 1 1 
1 0 1 0 1 1 1 1 0 0 1 0 1 0 0 1 1 1 0 0 0 0 1 0 1 1 0 0 0 1 0 1 1 1 1 0 0 1 1 1 1 1 0 1 0 0 1 1 0 0 1 1 1 0 0 0 1 0 1 1 0 0 0 0 1 0 1 0 0 0 1 1 1 0 1 
1 0 0 0 0 0 0 1 0 1 0 1 0 1 0 0 0 0 0 1 0 0 1 0 0 0 1 1 1 1 0 1 0 1 0 0 0 0 0 0 0 0 1 1 1 0 1 0 0 1 0 1 1 1 1 0 1 1 0 0 1 0 1 0 1 1 0 1 0 0 1 1 1 1 1 
1 0 0 0 0 0 1 1 0 0 0 0 0 0 0 0 1 0 0 0 1 1 0 0 0 0 0 1 0 0 0 1 0 1 1 0 0 1 1 0 0 0 1 1 0 0 1 0 0 1 0 1 1 0 1 0 1 1 0 0 1 0 0 0 1 1 0 0 0 0 1 0 1 0 1 
0 1 0 1 0 0 0 0 1 0 1 0 0 0 1 1 0 0 1 0 0 0 0 0 0 0 0 0 0 0 1 0 1 0 0 1 1 0 0 0 0 1 0 0 0 0 0 0 0 0 0 0 0 0 0 1 0 0 0 1 0 0 0 1 0 0 0 0 1 1 0 0 0 0 0 
0 0 1 0 1 1 1 0 0 0 1 0 1 0 0 0 1 1 0 0 1 0 0 0 0 1 0 0 0 0 0 1 0 1 1 0 0 1 1 1 1 0 0 0 0 0 1 1 0 0 1 0 1 0 0 0 0 0 1 0 0 0 0 0 0 0 1 0 0 0 0 0 0 0 0 
0 0 1 0 1 1 1 1 1 0 1 0 1 0 0 1 1 1 1 0 1 0 0 0 1 0 0 0 0 1 1 1 1 1 1 1 0 1 1 1 1 1 0 0 0 0 1 1 0 0 1 1 1 0 0 0 1 0 1 1 0 0 0 0 0 0 1 0 0 0 1 1 1 0 1 
1 0 0 0 0 0 0 1 0 1 0 1 0 1 0 0 0 0 0 1 0 1 0 0 0 0 0 1 1 1 0 0 0 0 0 0 0 0 0 0 0 0 1 1 1 1 0 0 1 1 0 1 0 1 1 0 1 1 0 0 1 0 1 0 1 1 0 1 0 0 0 1 1 1 1 
1 0 0 0 0 0 0 1 0 1 0 0 0 0 0 0 0 0 0 0 0 1 1 0 0 0 1 0 0 0 0 0 0 0 0 0 0 0 0 0 0 0 1 1 0 0 1 0 0 1 0 1 1 1 1 0 0 1 0 0 1 0 0 0 1 1 0 0 0 0 1 0 1 0 1 
0 0 0 0 0 0 0 1 0 1 0 1 0 1 0 0 0 0 0 1 0 1 0 0 0 0 1 0 0 1 0 0 0 0 0 0 0 0 0 0 0 0 1 1 1 1 0 0 1 1 0 0 0 1 1 0 1 0 0 0 1 1 1 0 0 1 0 1 0 0 0 1 1 1 0 
1 0 0 1 1 0 0 1 0 1 0 1 0 1 0 1 0 0 0 1 1 1 0 0 0 1 1 0 1 0 0 1 1 1 1 0 0 0 1 0 0 1 1 1 1 1 1 0 1 1 1 1 0 1 1 1 1 0 0 1 1 1 1 1 1 1 1 1 1 1 0 1 1 1 1 
0 1 1 1 1 0 0 0 1 0 1 0 0 0 1 1 0 0 1 0 0 0 0 1 0 1 0 0 0 0 0 0 1 0 1 1 1 0 1 1 0 1 0 0 0 0 0 1 0 0 1 0 0 0 0 1 0 0 1 1 0 0 0 1 0 0 1 0 1 1 0 0 0 0 0 
1 0 1 1 1 1 1 1 1 1 1 0 1 1 0 1 1 1 1 0 1 1 1 0 1 1 0 0 0 1 0 0 1 1 1 1 0 1 1 1 1 1 1 1 1 0 1 1 0 1 1 1 1 0 1 1 1 0 1 1 0 0 0 0 1 0 1 1 1 0 1 1 1 0 1 
0 1 1 1 1 0 0 1 1 0 1 0 0 1 1 1 0 0 1 0 1 0 0 1 0 1 0 0 0 1 1 1 0 1 1 1 1 0 1 1 0 1 0 0 0 0 0 1 0 0 1 0 0 0 0 1 1 0 1 1 0 0 0 1 0 0 1 1 1 1 0 1 0 0 1 
1 0 1 0 1 1 1 1 0 1 1 0 1 1 0 1 1 1 0 0 1 1 1 0 1 1 0 0 0 1 0 1 1 0 1 0 0 1 1 1 1 1 1 1 1 0 1 1 0 1 1 1 1 0 1 0 1 1 1 1 0 0 0 0 1 0 1 1 0 0 1 1 1 0 1 
1 0 1 1 1 1 1 1 1 0 1 0 1 1 0 1 1 1 1 0 1 0 1 0 1 1 0 0 0 1 1 1 1 1 0 1 0 1 1 1 1 1 1 1 0 0 1 1 0 0 1 1 1 0 0 0 1 0 1 1 0 0 0 0 0 0 1 0 1 0 1 1 1 0 1 
0 1 1 1 1 0 0 0 1 0 1 0 1 0 1 1 0 0 1 0 0 0 0 1 0 1 0 0 0 0 1 1 1 0 1 0 1 0 1 1 0 1 0 0 0 0 0 1 0 0 1 0 0 0 0 1 0 0 1 1 0 0 0 1 0 0 1 0 1 1 0 0 0 0 0 
0 1 0 1 0 0 0 0 1 0 1 0 0 0 1 1 0 0 1 0 0 0 0 1 0 0 0 0 0 0 1 0 1 0 0 1 0 0 0 0 0 1 0 0 0 0 0 0 0 0 1 0 0 0 0 1 0 0 0 1 0 1 0 1 0 0 1 1 1 1 0 1 0 0 0 
1 0 1 0 1 1 1 0 0 0 0 0 1 0 0 0 1 1 0 0 1 0 1 0 1 1 0 0 0 0 0 1 0 1 1 0 0 0 1 1 1 0 0 0 0 0 1 1 0 0 1 1 1 0 0 0 0 0 1 0 0 0 0 0 0 0 1 0 0 0 1 0 0 0 1 
1 0 1 1 1 1 1 1 1 0 1 0 1 1 0 1 1 1 1 0 1 0 1 0 1 1 0 0 0 1 1 1 1 1 1 1 0 1 0 1 1 1 1 1 0 0 1 1 0 0 1 1 1 0 1 0 1 0 1 1 0 0 0 0 0 0 1 0 1 0 1 1 1 0 1 
0 0 1 0 1 1 1 0 1 0 1 0 1 0 0 1 1 1 1 0 1 0 0 0 1 1 0 0 0 0 1 1 1 1 1 1 0 1 1 0 1 1 0 0 0 0 1 1 0 0 1 0 1 0 0 0 1 0 1 1 0 0 0 0 0 0 1 0 0 0 0 0 0 0 1 
0 0 1 0 1 1 1 0 0 0 1 0 1 0 0 1 1 1 0 0 1 0 0 0 1 1 0 0 0 0 0 1 0 1 1 0 0 1 1 1 0 0 0 0 0 0 1 1 0 0 1 0 1 0 0 0 0 0 1 1 0 0 0 0 0 0 1 0 0 0 0 0 0 0 1 
0 1 1 1 1 0 0 1 1 1 1 0 0 1 1 1 0 0 1 1 1 0 0 1 0 1 0 0 0 1 1 1 1 1 1 1 1 0 1 1 0 0 1 1 1 0 1 1 0 0 1 1 0 0 1 1 1 0 1 1 0 1 0 1 0 0 1 1 1 1 0 1 1 0 1 
1 0 0 0 0 0 0 1 0 1 0 1 0 1 0 0 0 0 0 1 0 1 1 0 0 0 1 1 1 1 0 1 0 1 1 0 0 0 1 0 0 1 0 1 1 1 1 0 1 1 1 1 0 1 1 1 1 1 0 0 1 0 1 0 1 1 1 1 0 0 1 1 1 1 1 
1 0 0 0 0 0 0 1 0 1 0 1 0 1 0 0 0 0 0 1 1 1 1 0 0 0 1 1 1 1 0 1 0 1 1 0 0 0 1 0 0 1 1 0 1 0 1 0 1 1 1 1 1 1 1 0 1 1 0 0 1 0 1 0 1 1 0 1 0 0 1 1 1 1 1 
0 0 0 1 0 0 0 1 0 1 0 1 0 1 0 0 0 0 0 1 0 1 0 0 0 0 1 0 1 1 0 1 0 1 0 0 0 0 0 0 0 1 1 1 0 1 0 0 1 1 1 1 0 1 1 1 1 0 0 0 1 1 1 0 0 1 0 1 0 0 0 1 1 1 1 
0 0 0 0 0 0 0 0 0 1 0 1 0 1 0 0 0 0 0 1 0 0 0 0 0 0 1 0 1 1 0 0 0 0 0 0 0 0 0 0 0 0 1 0 1 0 0 0 1 0 0 0 0 1 1 1 0 0 0 0 0 1 1 0 0 1 0 1 0 0 0 1 0 1 0 
1 0 1 0 1 1 1 1 0 0 0 0 1 0 0 0 1 1 0 0 1 1 1 0 1 1 0 1 0 1 0 1 0 1 1 0 0 1 1 1 1 1 1 1 0 0 0 0 0 1 1 1 1 0 1 0 1 1 0 0 1 0 0 0 1 0 1 0 0 0 1 0 1 0 1 
0 1 1 0 1 1 1 0 1 0 1 0 1 0 0 1 0 1 1 0 1 0 0 0 1 1 0 0 0 0 1 1 1 1 1 1 0 1 1 1 1 1 0 0 0 0 0 0 0 0 1 0 0 0 0 0 0 0 1 1 0 0 0 0 0 0 1 0 1 0 0 0 0 0 0 
0 0 0 0 0 0 0 1 0 1 0 1 0 1 0 0 0 0 0 1 0 0 0 0 0 0 1 0 1 1 0 0 0 0 0 0 0 0 0 0 0 0 1 1 1 1 0 0 0 0 0 0 0 1 1 0 1 0 0 0 1 1 1 0 0 1 0 1 0 0 0 1 0 1 0 
1 0 0 0 0 0 0 1 0 1 0 1 0 1 0 0 0 0 0 1 0 1 1 0 0 0 1 1 1 1 0 1 0 1 0 0 0 0 0 0 0 0 1 1 1 0 1 0 0 0 0 1 1 1 1 0 1 1 0 0 1 0 1 0 1 1 0 1 0 0 1 0 1 1 1 
0 1 1 1 1 1 1 1 1 0 1 0 1 1 1 1 1 0 1 0 1 0 0 0 1 1 0 0 0 1 1 1 1 1 1 1 1 1 1 1 1 1 1 1 1 0 1 1 0 0 0 1 1 0 1 1 1 0 1 1 0 0 0 1 0 0 1 1 1 1 0 1 1 0 1 
1 0 0 0 1 0 1 1 0 1 0 0 0 1 0 0 1 0 0 0 1 1 1 0 0 1 1 1 0 1 0 1 0 1 1 0 0 1 1 0 0 1 1 1 1 0 1 0 0 1 1 0 1 1 1 0 1 1 0 0 1 0 0 0 1 1 1 0 0 0 1 1 1 0 1 
1 0 1 0 1 1 1 1 0 0 0 0 1 0 0 0 1 1 0 0 1 1 1 0 1 1 0 1 0 0 0 1 0 1 1 0 0 1 1 1 1 0 0 1 0 0 1 0 0 1 1 1 0 0 0 0 1 1 0 0 0 0 0 0 1 0 1 0 0 0 1 0 1 0 1 
0 0 0 0 0 0 0 1 0 1 0 1 0 1 0 0 0 0 0 1 0 1 0 0 0 0 1 1 1 1 0 0 0 0 0 0 0 0 0 0 0 0 1 1 1 1 0 0 1 1 0 1 0 0 1 0 1 1 0 0 1 1 1 0 1 1 0 1 0 0 0 1 1 1 1 
1 0 0 1 0 0 0 1 0 1 0 1 0 1 0 0 0 0 0 1 0 1 1 0 0 0 1 1 1 1 0 1 0 1 0 0 0 0 1 0 0 1 1 1 1 1 1 0 1 1 1 1 0 1 0 1 1 1 0 0 1 1 1 0 1 1 0 1 0 0 0 1 1 1 1 
0 1 0 1 0 0 0 1 1 1 1 0 0 1 1 1 0 0 1 1 0 0 0 1 0 0 0 0 0 1 1 1 1 0 0 1 1 0 0 0 0 1 1 0 1 1 0 0 0 0 1 0 0 0 1 0 1 0 0 1 0 1 0 1 0 0 1 1 1 1 0 1 0 0 0 
1 0 1 1 1 0 0 1 1 1 0 1 0 1 0 1 0 0 0 1 1 1 1 0 0 1 1 0 1 1 0 1 1 1 1 0 0 0 1 1 0 1 1 1 1 0 1 0 1 1 1 1 1 1 1 1 0 0 0 1 1 1 1 1 1 1 1 1 1 1 0 1 1 1 1 
1 0 0 0 0 0 0 1 0 1 0 0 0 0 0 0 0 0 0 0 0 1 1 0 0 0 1 1 0 0 0 0 0 1 0 0 0 0 0 0 0 0 1 1 0 0 1 0 0 1 0 1 1 1 1 0 0 0 0 0 1 0 0 0 1 1 0 0 0 0 1 0 1 0 1 
0 0 1 0 1 1 1 0 1 0 1 0 1 0 0 1 1 1 1 0 1 0 0 0 1 1 0 0 0 0 1 1 1 1 1 1 0 1 1 1 1 1 0 0 0 0 0 1 0 0 1 0 0 0 0 0 0 0 0 1 0 0 0 0 0 0 1 0 0 0 0 0 0 0 1 
0 1 1 1 1 0 0 1 1 0 1 0 1 1 1 1 0 0 1 0 1 0 0 1 0 1 0 0 0 1 1 1 1 1 1 1 1 0 1 1 1 1 0 0 0 0 0 1 0 0 1 0 0 0 0 1 1 0 1 0 0 0 0 1 0 0 1 1 1 1 0 1 1 0 1 
1 0 0 0 0 0 0 1 0 1 0 1 0 1 0 0 0 0 0 1 0 1 1 0 0 0 1 1 1 1 0 0 0 0 0 0 0 0 0 0 0 0 1 1 1 0 1 0 1 1 0 1 0 1 1 0 1 1 0 0 0 0 1 0 1 1 0 0 0 0 1 0 1 1 1 
0 0 0 1 0 0 0 0 0 1 0 1 0 1 0 0 0 0 0 1 0 0 0 0 0 0 0 0 1 1 0 0 0 0 0 0 1 0 0 0 0 1 0 0 1 1 0 0 1 0 0 0 0 1 1 1 1 0 0 0 0 0 1 1 0 0 0 1 0 1 0 1 0 1 0 
0 0 0 0 0 0 0 1 0 1 0 1 0 1 0 0 0 0 0 1 0 1 0 0 0 0 1 0 1 1 0 0 0 0 0 0 0 0 0 0 0 0 1 1 1 1 0 0 1 1 0 0 0 1 1 0 1 0 0 0 1 1 0 0 0 1 0 1 0 0 0 1 1 1 0 
0 1 0 1 0 0 0 0 1 0 1 0 0 1 1 1 0 0 1 0 0 0 0 1 0 0 0 0 0 1 1 0 1 0 0 1 1 0 0 0 0 1 0 0 0 0 0 0 0 0 1 0 0 0 0 1 1 0 0 1 0 1 0 0 0 0 1 1 1 1 0 1 0 0 0 
1 0 0 0 0 0 0 1 0 1 0 0 0 0 0 0 1 0 0 0 1 1 1 0 0 0 1 1 0 1 0 1 0 1 0 0 0 0 0 0 0 0 1 1 0 0 1 0 0 1 0 1 1 1 1 0 1 1 0 0 1 0 0 0 0 1 0 0 0 0 1 0 1 0 1 
1 0 0 0 0 0 0 1 0 1 0 1 0 1 0 0 0 0 0 1 0 1 1 0 0 0 1 1 1 1 0 0 0 0 0 0 0 0 0 0 0 0 1 1 1 1 0 0 1 1 0 1 0 1 1 0 1 1 0 0 1 0 1 0 1 0 0 1 0 0 0 1 1 1 1 
0 1 1 1 1 1 1 1 1 0 1 0 1 1 1 1 1 1 1 0 1 0 0 0 1 1 0 0 0 1 1 1 1 1 1 1 1 1 1 1 1 1 1 0 0 0 1 1 0 0 1 1 1 0 0 1 1 0 1 1 0 0 0 1 0 0 0 1 1 1 0 1 1 0 1 
0 0 0 1 0 0 0 1 0 1 0 1 0 1 0 1 0 0 0 1 0 1 0 0 0 0 1 0 1 1 0 1 1 1 0 0 1 0 0 0 0 1 1 1 1 1 0 0 1 1 1 0 0 1 1 1 1 0 0 1 0 1 1 1 0 1 1 0 1 1 0 1 1 1 1 
0 1 1 1 1 0 0 0 1 0 1 0 0 1 1 1 0 0 1 0 0 0 0 1 0 0 0 0 0 1 1 1 1 0 1 1 1 0 1 0 0 1 0 0 0 0 0 1 0 0 1 0 0 0 0 1 1 0 0 1 0 0 0 1 0 0 1 1 0 1 0 1 0 0 0 
0 1 0 1 0 0 0 0 1 0 0 0 0 1 1 1 0 0 1 1 0 0 0 1 0 0 0 0 0 1 1 0 1 0 0 1 1 0 0 0 0 1 0 0 0 0 0 0 0 0 1 0 0 0 0 1 1 0 0 1 0 1 0 1 0 0 1 1 1 0 0 1 0 0 0 
1 0 0 0 0 0 1 1 0 0 0 0 0 0 0 0 1 0 0 0 1 1 1 0 0 1 0 1 0 0 0 1 0 1 1 0 0 1 1 0 0 0 1 1 0 0 1 0 0 1 0 1 1 0 0 0 0 1 0 0 1 0 0 0 1 0 0 0 0 0 0 0 1 0 1 
0 1 0 1 1 0 0 1 1 1 0 1 0 1 1 1 0 0 0 1 1 1 0 0 0 1 1 0 1 1 0 1 1 1 1 0 1 0 1 0 0 1 1 1 1 1 0 0 1 0 1 1 0 1 1 1 1 0 0 1 0 1 1 1 0 1 1 1 1 1 0 0 1 1 1 
1 0 0 0 1 0 0 1 0 1 0 1 0 1 0 0 1 0 0 1 1 1 1 0 0 1 1 1 1 1 0 1 0 1 1 0 0 0 1 0 0 1 1 1 1 0 1 0 0 1 1 1 1 1 1 0 1 1 0 1 1 0 1 0 1 1 1 1 0 0 1 1 0 1 1 
0 0 0 0 0 0 0 1 0 1 0 1 0 1 0 0 0 0 0 1 0 1 0 0 0 0 1 0 1 1 0 0 0 0 0 0 0 0 0 0 0 0 1 1 1 1 0 0 1 1 0 0 0 1 1 0 1 0 0 0 1 1 1 0 0 1 0 1 0 0 0 1 1 0 0 
1 0 1 0 1 0 1 1 0 1 0 0 1 1 0 1 1 0 0 1 1 1 1 0 0 1 1 1 0 1 0 1 1 1 1 0 0 1 1 1 1 1 1 1 1 0 1 0 0 1 1 1 1 1 1 0 1 1 1 1 1 0 0 0 1 1 1 1 0 0 1 1 1 0 0 
