75 50 0.567928
1 32 52
2 22 6
3 11 5
4 44 86
5 42 8
6 43 18
7 98 55
8 80 47
9 93 97
10 24 53
11 30 48
12 79 13
13 52 95
14 26 81
15 64 53
16 62 60
17 49 62
18 50 90
19 30 69
20 27 9
21 83 69
22 58 65
23 24 15
24 42 49
25 31 56
26 34 70
27 74 19
28 13 35
29 80 86
30 96 14
31 64 66
32 1 70
33 30 87
34 81 58
35 18 44
36 46 56
37 51 39
38 50 10
39 57 57
40 18 41
41 73 73
42 64 82
43 36 58
44 91 86
45 1 9
46 48 85
47 27 88
48 81 10
49 8 55
50 23 73
51 52 96
52 89 57
53 92 34
54 31 32
55 49 14
56 64 48
57 40 42
58 24 14
59 3 57
60 61 46
61 5 30
62 48 84
63 38 60
64 70 9
65 25 90
66 92 19
67 67 44
68 32 42
69 68 98
70 20 67
71 48 68
72 20 33
73 98 54
74 31 45
75 60 56
0 1 0 1 1 1 0 1 0 1 1 0 1 1 1 1 1 1 1 1 0 1 1 1 1 1 0 1 0 0 1 1 1 1 1 1 1 1 1 1 1 1 1 0 0 1 1 0 1 1 1 0 0 1 1 1 1 1 1 1 1 1 1 0 1 0 1 1 0 1 1 1 0 1 1 
1 0 1 0 1 1 0 0 0 1 1 0 0 0 0 0 0 0 0 1 0 0 1 1 0 0 0 1 0 0 0 0 0 0 1 0 1 1 0 1 0 0 0 0 1 0 0 0 0 0 0 0 0 1 1 0 1 1 0 0 1 0 0 1 0 0 0 1 0 0 0 1 0 1 0 
0 1 0 0 1 1 0 0 0 1 1 0 0 0 0 0 0 0 0 1 0 0 1 0 0 0 0 1 0 0 0 0 0 0 1 0 0 1 0 1 0 0 0 0 1 0 0 0 0 0 0 0 0 1 1 0 1 1 0 0 1 0 0 0 0 0 0 1 0 0 0 1 0 1 0 
1 0 0 0 0 0 0 0 0 1 1 0 1 1 1 1 1 1 1 0 1 1 0 1 1 1 0 0 1 0 1 1 1 1 1 1 1 0 1 0 1 1 1 1 0 1 1 0 1 1 1 0 0 0 0 1 1 0 0 1 0 1 1 0 1 0 1 1 1 1 1 0 0 1 1 
1 1 1 0 0 1 0 0 0 1 1 1 0 0 0 0 0 0 0 1 0 0 1 1 1 0 1 1 0 0 0 0 0 0 1 1 1 1 0 1 0 0 0 0 1 0 0 1 0 0 0 0 0 1 1 1 1 1 0 1 1 0 0 1 0 0 1 1 0 0 0 1 0 1 0 
1 1 1 0 1 0 0 1 0 1 1 1 0 0 1 1 1 0 0 1 0 1 1 1 1 0 1 1 0 0 0 0 0 0 1 1 1 1 1 1 0 0 1 0 1 0 0 1 0 0 0 0 0 1 1 1 1 1 0 1 1 0 1 1 0 1 1 1 0 0 0 1 0 1 1 
0 0 0 0 0 0 0 1 1 0 0 1 0 0 1 1 1 0 0 0 1 1 0 0 0 0 1 0 1 1 1 0 0 1 0 0 1 0 1 0 1 1 0 1 0 0 0 1 0 0 0 1 1 0 0 1 0 0 0 1 0 0 0 0 0 1 1 0 0 0 0 0 1 0 1 
1 0 0 0 0 1 1 0 0 0 0 1 0 0 1 1 1 0 0 0 1 1 0 1 1 0 1 0 1 1 1 0 0 1 0 1 1 1 1 0 1 1 1 1 0 1 0 1 0 0 0 1 1 0 1 1 1 0 0 1 0 1 1 1 0 1 1 1 0 0 1 0 1 1 1 
0 0 0 0 0 0 1 0 0 0 0 0 1 0 0 1 0 1 0 0 1 1 0 0 0 0 0 0 1 0 1 0 0 1 0 0 0 0 0 0 1 1 0 1 0 1 0 0 0 0 1 1 0 0 0 0 0 0 0 0 0 1 0 0 0 0 0 0 1 0 0 0 1 0 0 
1 1 1 1 1 1 0 0 0 0 1 0 0 1 1 1 1 1 1 1 0 1 1 1 1 1 0 1 0 0 1 1 1 0 1 1 1 0 1 1 0 1 1 0 1 1 1 0 1 1 0 0 0 1 1 1 1 1 1 1 1 1 1 0 1 0 1 1 0 1 1 1 0 1 1 
1 1 1 1 1 1 0 0 0 1 0 0 0 1 1 1 1 1 1 1 0 1 1 1 1 1 0 1 0 0 1 1 1 0 1 1 1 1 1 1 1 1 1 0 1 1 1 0 1 1 0 0 0 1 1 1 1 1 1 1 1 1 1 0 1 0 1 1 0 1 1 1 0 1 1 
0 0 0 0 1 1 1 1 0 0 0 0 0 0 1 1 0 0 0 0 0 0 0 0 0 0 1 0 0 1 0 0 0 1 0 0 1 1 1 0 0 0 0 0 0 0 0 1 0 0 0 1 1 0 1 1 1 0 0 1 0 0 0 1 0 1 1 0 0 0 0 0 1 0 1 
1 0 0 1 0 0 0 0 1 0 0 0 0 1 1 1 1 1 1 0 1 1 0 1 1 1 0 0 1 0 1 0 1 1 0 1 0 0 1 0 1 1 1 1 0 1 1 0 0 1 1 0 0 0 0 1 0 0 0 1 0 1 1 0 1 0 0 0 1 1 1 0 0 0 1 
1 0 0 1 0 0 0 0 0 1 1 0 1 0 1 1 1 1 1 0 0 1 0 1 1 1 0 1 0 0 1 1 1 0 1 1 1 0 1 1 1 1 1 0 0 1 1 0 1 1 1 0 0 1 0 0 1 0 1 1 0 1 1 0 1 0 0 1 1 1 1 1 0 1 1 
1 0 0 1 0 1 1 1 0 1 1 1 1 1 0 1 1 1 1 0 1 1 0 1 1 1 1 0 1 0 1 0 1 1 1 1 1 1 1 1 1 1 1 1 0 1 0 1 0 1 1 1 1 1 1 1 1 0 0 1 0 1 1 1 0 1 1 1 1 1 1 1 1 1 1 
1 0 0 1 0 1 1 1 1 1 1 1 1 1 1 0 1 1 1 0 1 1 0 1 1 1 1 0 1 0 1 0 1 1 1 1 1 0 1 1 1 1 1 1 0 1 1 0 0 1 1 1 1 1 1 1 1 0 0 1 0 1 1 0 1 0 1 1 1 1 1 1 1 1 1 
1 0 0 1 0 1 1 1 0 1 1 0 1 1 1 1 0 1 1 0 1 1 0 1 1 1 1 1 1 0 1 1 1 1 1 1 1 0 1 1 1 1 1 1 0 1 1 0 1 1 1 1 0 1 1 1 1 0 1 1 0 1 1 0 1 0 1 1 1 1 1 1 1 1 1 
1 0 0 1 0 0 0 0 1 1 1 0 1 1 1 1 1 0 1 0 1 1 0 1 1 1 0 0 1 0 1 0 1 1 0 1 0 0 1 0 1 1 1 1 0 1 1 0 0 1 1 0 0 0 0 1 1 0 0 1 0 1 1 0 1 0 1 0 1 1 1 0 0 1 1 
1 0 0 1 0 0 0 0 0 1 1 0 1 1 1 1 1 1 0 0 0 1 0 1 1 1 0 1 0 0 1 1 1 0 1 1 1 0 1 1 1 1 1 0 0 1 1 0 1 1 1 0 0 1 0 1 1 0 1 1 1 1 1 0 1 0 1 1 1 1 1 1 0 1 1 
1 1 1 0 1 1 0 0 0 1 1 0 0 0 0 0 0 0 0 0 0 0 1 1 1 0 1 1 0 0 0 0 0 0 1 0 1 1 0 1 0 0 1 0 1 0 0 0 1 0 0 0 0 1 1 0 1 1 0 0 1 0 0 1 0 0 0 1 0 0 0 1 0 1 0 
0 0 0 1 0 0 1 1 1 0 0 0 1 0 1 1 1 1 0 0 0 1 0 1 0 1 0 0 1 0 1 0 0 1 0 1 1 0 1 0 1 1 1 1 0 1 0 0 0 0 1 1 1 0 0 1 0 0 0 1 0 1 1 0 0 0 1 0 1 0 1 0 1 0 1 
1 0 0 1 0 1 1 1 1 1 1 0 1 1 1 1 1 1 1 0 1 0 0 1 1 1 1 0 1 0 1 0 1 1 1 1 1 0 1 1 1 1 1 1 0 1 1 0 0 1 1 1 1 1 0 1 1 0 0 1 0 1 1 0 1 0 1 1 1 1 1 1 1 1 1 
1 1 1 0 1 1 0 0 0 1 1 0 0 0 0 0 0 0 0 1 0 0 0 1 1 0 0 1 0 0 0 0 0 0 1 1 1 1 0 1 0 0 1 0 1 0 0 0 1 0 0 0 0 1 1 0 1 1 1 1 1 0 1 1 0 0 0 1 0 0 0 1 0 1 0 
1 1 0 1 1 1 0 1 0 1 1 0 1 1 1 1 1 1 1 1 1 1 1 0 1 1 1 1 0 0 1 1 1 1 1 1 1 1 1 1 1 1 1 0 0 1 1 0 1 1 1 1 0 1 1 1 1 1 1 1 1 1 1 1 1 0 1 1 0 1 1 1 0 1 1 
1 0 0 1 1 1 0 1 0 1 1 0 1 1 1 1 1 1 1 1 0 1 1 1 0 1 0 1 0 0 1 1 1 0 1 1 1 1 1 1 1 1 1 0 0 1 1 0 1 1 1 0 0 1 1 1 1 1 1 1 1 1 1 0 1 0 1 1 0 1 1 1 0 1 1 
1 0 0 1 0 0 0 0 0 1 1 0 1 1 1 1 1 1 1 0 1 1 0 1 1 0 0 1 1 0 1 1 1 1 1 1 1 0 1 1 1 1 1 0 0 1 1 0 1 1 1 0 0 1 0 1 1 0 1 1 1 1 1 0 1 0 1 1 1 1 1 1 0 1 1 
0 0 0 0 1 1 1 1 0 0 0 1 0 0 1 1 1 0 0 1 0 1 0 1 0 0 0 0 0 1 1 0 0 1 0 1 1 1 1 0 0 0 0 0 0 0 0 1 0 0 0 1 1 1 1 1 1 0 0 1 0 0 0 1 0 1 1 1 0 0 0 0 1 0 1 
1 1 1 0 1 1 0 0 0 1 1 0 0 1 0 0 1 0 1 1 0 0 1 1 1 1 0 0 0 0 0 1 0 0 1 1 1 1 1 1 0 0 1 0 1 0 0 0 1 1 0 0 0 1 1 0 1 1 1 1 1 0 1 0 0 0 0 1 0 1 1 1 0 1 0 
0 0 0 1 0 0 1 1 1 0 0 0 1 0 1 1 1 1 0 0 1 1 0 0 0 1 0 0 0 0 1 0 0 1 0 1 0 0 1 0 1 1 0 1 0 1 0 0 0 0 1 1 0 0 0 1 0 0 0 1 0 1 1 0 0 0 1 0 1 0 1 0 1 0 1 
0 0 0 0 0 0 1 1 0 0 0 1 0 0 0 0 0 0 0 0 0 0 0 0 0 0 1 0 0 0 0 0 0 1 0 0 0 1 0 0 0 0 0 0 0 0 0 1 0 0 0 1 1 0 1 1 0 0 0 1 0 0 0 1 0 1 1 0 0 0 0 0 1 0 0 
1 0 0 1 0 0 1 1 1 1 1 0 1 1 1 1 1 1 1 0 1 1 0 1 1 1 1 0 1 0 0 0 1 1 0 1 1 0 1 0 1 1 1 1 0 1 1 0 0 1 1 1 1 1 0 1 1 0 0 1 0 1 1 0 1 0 1 1 1 1 1 0 1 1 1 
1 0 0 1 0 0 0 0 0 1 1 0 0 1 0 0 1 0 1 0 0 0 0 1 1 1 0 1 0 0 0 0 1 0 1 1 0 0 0 1 0 0 1 0 0 1 1 0 1 1 0 0 0 1 0 0 1 0 1 0 1 1 1 0 1 0 0 1 0 1 1 1 0 1 0 
1 0 0 1 0 0 0 0 0 1 1 0 1 1 1 1 1 1 1 0 0 1 0 1 1 1 0 0 0 0 1 1 0 0 1 1 0 0 1 1 1 1 1 0 0 1 1 0 1 1 1 0 0 0 0 0 1 0 1 0 0 1 1 0 1 0 0 1 1 1 1 0 0 1 1 
1 0 0 1 0 0 1 1 1 0 0 1 1 0 1 1 1 1 0 0 1 1 0 1 0 1 1 0 1 1 1 0 0 0 0 1 1 0 1 0 1 1 1 1 0 1 0 1 0 0 1 1 1 0 0 1 1 0 0 1 0 1 1 0 0 1 1 0 1 0 1 0 1 0 1 
1 1 1 1 1 1 0 0 0 1 1 0 0 1 1 1 1 0 1 1 0 1 1 1 1 1 0 1 0 0 0 1 1 0 0 1 1 1 1 1 0 0 1 0 1 0 1 0 1 1 0 0 0 1 1 1 1 1 1 1 1 1 1 0 1 0 1 1 0 1 1 1 0 1 1 
1 0 0 1 1 1 0 1 0 1 1 0 1 1 1 1 1 1 1 0 1 1 1 1 1 1 1 1 1 0 1 1 1 1 1 0 1 1 1 1 1 1 1 0 0 1 1 0 1 1 1 1 0 1 1 1 1 1 1 1 1 1 1 0 1 0 1 1 1 1 1 1 0 1 1 
1 1 0 1 1 1 1 1 0 1 1 1 0 1 1 1 1 0 1 1 1 1 1 1 1 1 1 1 0 0 1 0 0 1 1 1 0 1 1 1 1 1 1 0 0 1 0 1 1 1 0 1 1 1 1 1 1 1 0 1 1 1 1 1 0 1 1 1 0 1 1 1 1 1 1 
1 1 1 0 1 1 0 1 0 0 1 1 0 0 1 0 0 0 0 1 0 0 1 1 1 0 1 1 0 1 0 0 0 0 1 1 1 0 1 1 0 0 1 0 1 0 0 1 0 0 0 0 1 1 1 1 1 1 0 1 1 0 0 1 0 1 1 1 0 0 0 1 0 1 1 
1 0 0 1 0 1 1 1 0 1 1 1 1 1 1 1 1 1 1 0 1 1 0 1 1 1 1 1 1 0 1 0 1 1 1 1 1 1 0 1 1 1 1 1 0 1 1 0 1 1 1 1 1 1 1 1 1 0 0 1 0 1 1 1 1 0 1 1 1 1 1 1 1 1 1 
1 1 1 0 1 1 0 0 0 1 1 0 0 1 1 1 1 0 1 1 0 1 1 1 1 1 0 1 0 0 0 1 1 0 1 1 1 1 1 0 0 0 1 0 1 0 1 0 1 1 0 0 0 1 1 1 1 1 1 1 1 0 1 0 1 0 1 1 0 1 1 1 0 1 1 
1 0 0 1 0 0 1 1 1 0 1 0 1 1 1 1 1 1 1 0 1 1 0 1 1 1 0 0 1 0 1 0 1 1 0 1 1 0 1 0 0 1 1 1 0 1 1 0 0 1 1 1 1 0 0 1 1 0 0 1 0 1 1 0 0 0 1 0 1 0 1 0 1 0 1 
1 0 0 1 0 0 1 1 1 1 1 0 1 1 1 1 1 1 1 0 1 1 0 1 1 1 0 0 1 0 1 0 1 1 0 1 1 0 1 0 1 0 1 1 0 1 1 0 0 1 1 1 0 0 0 1 1 0 0 1 0 1 1 0 1 0 1 0 1 1 1 0 1 1 1 
1 0 0 1 0 1 0 1 0 1 1 0 1 1 1 1 1 1 1 1 1 1 1 1 1 1 0 1 0 0 1 1 1 1 1 1 1 1 1 1 1 1 0 0 0 1 1 0 1 1 1 0 0 1 1 1 1 1 1 1 1 1 1 0 1 0 1 1 0 1 1 1 0 1 1 
0 0 0 1 0 0 1 1 1 0 0 0 1 0 1 1 1 1 0 0 1 1 0 0 0 0 0 0 1 0 1 0 0 1 0 0 0 0 1 0 1 1 0 0 0 1 0 0 0 0 1 1 0 0 0 1 0 0 0 1 0 1 0 0 0 0 1 0 1 0 1 0 1 0 1 
0 1 1 0 1 1 0 0 0 1 1 0 0 0 0 0 0 0 0 1 0 0 1 0 0 0 0 1 0 0 0 0 0 0 1 0 0 1 0 1 0 0 0 0 0 0 0 0 1 0 0 0 0 1 1 0 0 1 1 0 1 0 0 0 0 0 0 1 0 0 0 1 0 1 0 
1 0 0 1 0 0 0 1 1 1 1 0 1 1 1 1 1 1 1 0 1 1 0 1 1 1 0 0 1 0 1 1 1 1 0 1 1 0 1 0 1 1 1 1 0 0 1 0 1 1 1 1 0 0 0 1 1 0 0 1 0 1 1 0 1 0 1 1 1 1 1 0 0 1 1 
1 0 0 1 0 0 0 0 0 1 1 0 1 1 0 1 1 1 1 0 0 1 0 1 1 1 0 0 0 0 1 1 1 0 1 1 0 0 1 1 1 1 1 0 0 1 0 0 1 1 1 0 0 0 0 0 1 0 1 0 0 1 1 0 1 0 0 1 1 1 1 0 0 1 1 
0 0 0 0 1 1 1 1 0 0 0 1 0 0 1 0 0 0 0 0 0 0 0 0 0 0 1 0 0 1 0 0 0 1 0 0 1 1 0 0 0 0 0 0 0 0 0 0 0 0 0 1 1 0 1 1 0 0 0 1 0 0 0 1 0 1 1 0 0 0 0 0 1 0 0 
1 0 0 1 0 0 0 0 0 1 1 0 0 1 0 0 1 0 1 1 0 0 1 1 1 1 0 1 0 0 0 1 1 0 1 1 1 0 1 1 0 0 1 0 1 1 1 0 0 1 0 0 0 1 0 0 1 1 1 0 1 1 1 0 1 0 0 1 0 1 1 1 0 1 0 
1 0 0 1 0 0 0 0 0 1 1 0 1 1 1 1 1 1 1 0 0 1 0 1 1 1 0 1 0 0 1 1 1 0 1 1 1 0 1 1 1 1 1 0 0 1 1 0 1 0 1 0 0 1 0 1 1 0 1 1 1 1 1 0 1 0 0 1 0 1 1 1 0 1 1 
1 0 0 1 0 0 0 0 1 0 0 0 1 1 1 1 1 1 1 0 1 1 0 1 1 1 0 0 1 0 1 0 1 1 0 1 0 0 1 0 1 1 1 1 0 1 1 0 0 1 0 0 0 0 0 1 0 0 0 0 0 1 1 0 1 0 0 0 1 1 1 0 0 0 1 
0 0 0 0 0 0 1 1 1 0 0 1 0 0 1 1 1 0 0 0 1 1 0 1 0 0 1 0 1 1 1 0 0 1 0 1 1 0 1 0 1 1 0 1 0 1 0 1 0 0 0 0 1 0 0 1 0 0 0 1 0 1 0 0 0 1 1 0 1 0 1 0 1 0 1 
0 0 0 0 0 0 1 1 0 0 0 1 0 0 1 1 0 0 0 0 1 1 0 0 0 0 1 0 0 1 1 0 0 1 0 0 1 1 1 0 1 0 0 0 0 0 0 1 0 0 0 1 0 0 1 1 0 0 0 1 0 0 0 1 0 1 1 0 0 0 0 0 1 0 1 
1 1 1 0 1 1 0 0 0 1 1 0 0 1 1 1 1 0 1 1 0 1 1 1 1 1 1 1 0 0 1 1 0 0 1 1 1 1 1 1 0 0 1 0 1 0 0 0 1 1 0 0 0 0 1 1 1 1 1 1 1 0 1 1 0 0 1 1 0 1 1 1 0 1 1 
1 1 1 0 1 1 0 1 0 1 1 1 0 0 1 1 1 0 0 1 0 0 1 1 1 0 1 1 0 1 0 0 0 0 1 1 1 1 1 1 0 0 1 0 1 0 0 1 0 0 0 0 1 1 0 1 1 1 0 1 1 0 1 1 0 1 1 1 0 0 0 1 0 1 1 
1 0 0 1 1 1 1 1 0 1 1 1 1 0 1 1 1 1 1 0 1 1 0 1 1 1 1 0 1 1 1 0 0 1 1 1 1 1 1 1 1 1 1 1 0 1 0 1 0 1 1 1 1 1 1 0 1 0 0 1 0 1 1 1 0 1 1 1 0 1 1 1 1 1 1 
1 1 1 1 1 1 0 1 0 1 1 1 0 1 1 1 1 1 1 1 0 1 1 1 1 1 1 1 0 0 1 1 1 1 1 1 1 1 1 1 1 1 1 0 0 1 1 0 1 1 0 0 0 1 1 1 0 1 1 1 1 1 1 1 0 0 1 1 0 1 1 1 0 1 1 
1 1 1 0 1 1 0 0 0 1 1 0 0 0 0 0 0 0 0 1 0 0 1 1 1 0 0 1 0 0 0 0 0 0 1 1 1 1 0 1 0 0 1 0 1 0 0 0 1 0 0 0 0 1 1 0 1 0 1 1 1 0 1 1 0 0 0 1 0 0 0 1 0 1 0 
1 0 0 0 0 0 0 0 0 1 1 0 0 1 0 0 1 0 1 0 0 0 1 1 1 1 0 1 0 0 0 1 1 0 1 1 0 0 0 1 0 0 1 0 1 0 1 0 1 1 0 0 0 1 0 0 1 1 0 0 1 0 1 0 1 0 0 1 0 1 1 1 0 1 0 
1 0 0 1 1 1 1 1 0 1 1 1 1 1 1 1 1 1 1 0 1 1 1 1 1 1 1 1 1 1 1 0 0 1 1 1 1 1 1 1 1 1 1 1 0 1 0 1 0 1 0 1 1 1 1 1 1 1 0 0 0 1 1 1 0 1 1 1 0 1 1 1 1 1 1 
1 1 1 0 1 1 0 0 0 1 1 0 0 0 0 0 0 0 1 1 0 0 1 1 1 1 0 1 0 0 0 1 0 0 1 1 1 1 0 1 0 0 1 0 1 0 0 0 1 1 0 0 0 1 1 0 1 1 1 0 0 0 1 0 0 0 0 1 0 1 0 1 0 1 0 
1 0 0 1 0 0 0 1 1 1 1 0 1 1 1 1 1 1 1 0 1 1 0 1 1 1 0 0 1 0 1 1 1 1 1 1 1 0 1 0 1 1 1 1 0 1 1 0 1 1 1 1 0 0 0 1 1 0 0 1 0 0 1 0 1 0 1 1 1 1 1 0 0 1 1 
1 0 0 1 0 1 0 1 0 1 1 0 1 1 1 1 1 1 1 0 1 1 1 1 1 1 0 1 1 0 1 1 1 1 1 1 1 0 1 1 1 1 1 0 0 1 1 0 1 1 1 0 0 1 1 1 1 1 1 1 1 1 0 0 1 0 1 1 1 1 1 1 0 1 1 
0 1 0 0 1 1 0 1 0 0 0 1 0 0 1 0 0 0 0 1 0 0 1 1 0 0 1 0 0 1 0 0 0 0 0 0 1 1 1 0 0 0 0 0 0 0 0 1 0 0 0 0 1 1 1 1 1 1 0 1 0 0 0 0 0 1 1 0 0 0 0 0 0 0 1 
1 0 0 1 0 0 0 0 0 1 1 0 1 1 0 1 1 1 1 0 0 1 0 1 1 1 0 0 0 0 1 1 1 0 1 1 0 0 1 1 0 1 1 0 0 1 1 0 1 1 1 0 0 0 0 0 0 0 1 0 0 1 1 0 0 0 0 1 1 1 1 0 0 1 1 
0 0 0 0 0 1 1 1 0 0 0 1 0 0 1 0 0 0 0 0 0 0 0 0 0 0 1 0 0 1 0 0 0 1 0 0 1 1 0 0 0 0 0 0 0 0 0 1 0 0 0 1 1 0 1 1 0 0 0 1 0 0 0 1 0 0 1 0 0 0 0 0 1 0 1 
1 0 0 1 1 1 1 1 0 1 1 1 0 0 1 1 1 1 1 0 1 1 0 1 1 1 1 0 1 1 1 0 0 1 1 1 1 1 1 1 1 1 1 1 0 1 0 1 0 0 0 1 1 1 1 1 1 0 0 1 0 1 1 1 0 1 0 1 0 0 1 1 1 1 1 
1 1 1 1 1 1 0 1 0 1 1 0 0 1 1 1 1 0 1 1 0 1 1 1 1 1 1 1 0 0 1 1 1 0 1 1 1 1 1 1 0 0 1 0 1 1 1 0 1 1 0 0 0 1 1 1 1 1 1 1 1 1 1 0 1 0 1 0 0 1 1 1 0 1 1 
0 0 0 1 0 0 0 0 1 0 0 0 1 1 1 1 1 1 1 0 1 1 0 0 0 1 0 0 1 0 1 0 1 1 0 1 0 0 1 0 1 1 0 1 0 1 1 0 0 0 1 1 0 0 0 0 0 0 0 0 0 1 1 0 1 0 0 0 0 0 1 0 0 0 1 
1 0 0 1 0 0 0 0 0 1 1 0 1 1 1 1 1 1 1 0 0 1 0 1 1 1 0 1 0 0 1 1 1 0 1 1 1 0 1 1 0 1 1 0 0 1 1 0 1 1 1 0 0 1 0 1 1 0 1 1 1 1 1 0 1 0 0 1 0 0 1 1 0 1 1 
1 0 0 1 0 0 0 1 0 1 1 0 1 1 1 1 1 1 1 0 1 1 0 1 1 1 0 1 1 0 1 1 1 1 1 1 1 0 1 1 1 1 1 1 0 1 1 0 1 1 1 1 0 1 0 1 1 0 1 1 0 1 1 0 1 0 1 1 1 1 0 1 0 1 1 
1 1 1 0 1 1 0 0 0 1 1 0 0 1 1 1 1 0 1 1 0 1 1 1 1 1 0 1 0 0 0 1 0 0 1 1 1 1 1 1 0 0 1 0 1 0 0 0 1 1 0 0 0 1 1 1 1 1 1 1 1 0 1 0 0 0 1 1 0 1 1 0 0 1 1 
0 0 0 0 0 0 1 1 1 0 0 1 0 0 1 1 1 0 0 0 1 1 0 0 0 0 1 0 1 1 1 0 0 1 0 0 1 0 1 0 1 1 0 1 0 0 0 1 0 0 0 1 1 0 0 1 0 0 0 1 0 0 0 0 0 1 1 0 0 0 0 0 0 0 1 
1 1 1 1 1 1 0 1 0 1 1 0 0 1 1 1 1 1 1 1 0 1 1 1 1 1 0 1 0 0 1 1 1 0 1 1 1 1 1 1 0 1 1 0 1 1 1 0 1 1 0 0 0 1 1 1 1 1 1 1 1 1 1 0 1 0 1 1 0 1 1 1 0 0 1 
1 0 0 1 0 1 1 1 0 1 1 1 1 1 1 1 1 1 1 0 1 1 0 1 1 1 1 0 1 0 1 0 1 1 1 1 1 1 1 1 1 1 1 1 0 1 1 0 0 1 1 1 1 1 1 1 1 0 0 1 0 1 1 1 1 1 1 1 1 1 1 1 1 1 0 
