150 50 0.491275
1 12 59
2 26 49
3 89 95
4 8 40
5 58 61
6 6 98
7 19 97
8 36 4
9 37 46
10 78 17
11 67 2
12 5 74
13 95 25
14 4 74
15 48 72
16 59 10
17 49 53
18 67 53
19 72 1
20 10 10
21 44 69
22 100 1
23 41 57
24 94 87
25 26 63
26 34 78
27 59 2
28 71 24
29 27 77
30 90 95
31 59 98
32 74 29
33 25 59
34 16 25
35 72 97
36 38 58
37 56 27
38 33 26
39 72 88
40 36 57
41 38 39
42 71 19
43 79 51
44 96 52
45 100 63
46 40 62
47 88 35
48 73 4
49 31 28
50 83 25
51 98 37
52 53 31
53 8 50
54 77 17
55 77 25
56 11 91
57 65 87
58 13 24
59 99 56
60 79 52
61 78 46
62 89 27
63 7 55
64 93 10
65 96 65
66 7 29
67 53 81
68 58 76
69 50 83
70 33 98
71 4 81
72 81 31
73 71 75
74 81 93
75 10 2
76 28 57
77 64 47
78 2 55
79 44 37
80 17 55
81 52 1
82 57 93
83 52 70
84 1 75
85 100 90
86 60 45
87 88 40
88 84 18
89 87 26
90 54 74
91 58 12
92 31 27
93 96 9
94 70 28
95 42 38
96 73 46
97 99 25
98 60 93
99 34 44
100 75 71
101 82 26
102 51 47
103 19 25
104 72 29
105 18 92
106 77 67
107 41 83
108 21 95
109 80 1
110 81 11
111 35 17
112 34 61
113 77 80
114 4 17
115 24 90
116 18 8
117 90 39
118 20 42
119 39 69
120 71 66
121 4 15
122 17 84
123 76 55
124 41 15
125 61 14
126 15 17
127 9 79
128 50 35
129 57 3
130 41 37
131 66 33
132 49 30
133 50 3
134 49 84
135 77 79
136 55 39
137 85 56
138 74 21
139 35 71
140 47 17
141 87 33
142 49 8
143 33 100
144 51 9
145 53 54
146 52 6
147 24 4
148 25 45
149 32 7
150 10 11
0 1 0 1 1 1 1 0 1 0 0 1 0 1 1 0 1 0 0 1 1 0 1 0 1 1 0 0 1 0 0 0 1 1 0 1 0 1 0 1 1 0 0 0 0 1 0 0 1 0 0 1 1 0 0 1 0 1 0 0 0 0 1 0 0 1 1 1 1 1 1 0 0 0 0 1 0 1 1 1 0 0 1 1 0 1 0 0 0 1 0 1 0 0 1 0 0 0 1 0 0 1 1 0 1 0 1 1 0 0 1 1 0 1 1 0 0 1 1 0 1 1 0 0 0 1 1 1 0 1 0 1 0 1 0 1 0 0 1 0 0 0 1 0 1 0 0 1 0 1 
1 0 0 1 1 0 1 1 1 0 0 1 0 1 1 0 1 1 0 1 1 0 1 0 1 1 0 0 1 0 0 0 1 1 0 1 1 1 0 1 1 0 0 0 0 1 0 0 1 0 0 1 1 0 0 1 0 1 0 0 0 0 1 0 0 1 1 1 1 1 1 0 0 0 1 1 1 1 1 1 0 0 1 1 0 1 0 0 0 1 1 1 0 1 1 1 0 0 1 0 0 1 1 0 1 0 1 1 0 0 1 1 0 1 1 1 0 1 1 1 1 1 0 1 1 1 1 1 0 1 1 1 0 1 0 1 0 0 1 1 0 1 0 1 1 0 1 1 1 1 
0 0 0 0 1 0 0 0 0 0 0 0 0 0 1 0 0 1 0 0 0 0 0 1 0 0 0 0 0 1 1 0 0 0 1 0 0 0 1 0 0 0 1 1 1 0 0 0 0 0 0 0 0 0 0 0 1 0 1 1 0 0 0 0 1 0 1 1 1 0 0 0 1 1 0 0 0 0 0 0 0 1 1 0 1 0 0 0 0 1 0 0 0 0 0 0 0 1 0 1 0 0 0 0 0 1 1 0 0 0 0 0 1 0 0 0 0 0 0 1 0 0 1 0 0 0 0 0 0 0 0 0 0 1 1 0 1 0 0 0 0 0 0 0 0 0 0 0 0 0 
1 1 0 0 0 0 0 1 1 0 0 1 0 1 0 0 1 0 0 1 1 0 1 0 1 1 0 0 1 0 0 0 1 1 0 1 1 1 0 1 1 0 0 0 0 1 0 0 1 0 0 1 1 0 0 0 0 1 0 0 0 0 1 0 0 1 0 0 0 0 1 0 0 0 1 1 0 1 1 1 0 0 0 1 0 0 0 0 0 0 0 1 0 0 1 0 0 0 1 0 0 1 1 0 0 0 0 0 0 0 1 1 0 1 0 1 0 1 1 0 1 1 0 1 0 1 1 1 0 1 0 1 0 0 0 1 0 0 1 1 0 0 0 0 1 0 1 1 1 1 
1 1 1 0 0 0 0 0 1 1 0 0 0 0 1 0 1 1 0 0 1 0 1 1 1 1 0 1 1 1 1 1 1 0 1 1 1 1 1 1 1 1 1 1 1 1 1 0 1 1 1 1 0 1 1 0 1 0 1 1 1 1 0 0 1 0 1 1 1 1 0 1 1 1 0 1 1 0 1 1 0 1 1 0 0 1 1 0 1 1 1 1 0 1 1 1 0 1 1 1 1 1 0 1 0 1 1 0 0 0 1 1 1 0 1 0 1 1 1 1 0 1 1 1 1 0 0 1 0 1 1 1 0 1 1 1 1 1 1 1 1 0 1 0 1 0 0 1 0 0 
1 0 0 0 0 0 1 0 0 0 0 1 0 1 1 0 0 0 0 0 1 0 0 0 1 1 0 0 1 0 0 0 1 0 0 0 0 0 0 0 0 0 0 0 0 1 0 0 0 0 0 0 1 0 0 1 0 0 0 0 0 0 1 0 0 0 1 0 1 1 1 0 0 0 0 1 0 1 0 1 0 0 0 1 0 0 0 0 0 0 0 0 0 0 0 0 0 0 0 0 0 0 0 0 1 0 1 1 0 0 0 1 0 0 1 0 0 0 1 0 0 1 0 0 0 0 1 0 0 0 0 0 0 1 0 0 0 0 1 0 0 0 1 0 0 0 0 0 0 0 
1 1 0 0 0 1 0 0 0 0 0 1 0 1 1 0 0 0 0 0 1 0 1 0 1 1 0 0 1 0 1 0 1 0 0 1 0 0 0 1 0 0 0 0 0 1 0 0 0 0 0 0 1 0 0 1 1 0 0 0 0 0 1 0 0 0 1 1 1 1 1 0 0 0 0 1 0 1 0 1 0 1 1 1 0 0 0 0 0 1 0 0 0 0 0 0 0 1 0 0 0 0 0 0 1 0 1 1 0 0 0 1 0 0 1 0 0 0 1 0 0 1 0 0 0 0 1 0 0 0 0 0 0 1 0 0 0 0 1 0 0 0 1 0 0 0 0 0 0 0 
0 1 0 1 0 0 0 0 1 1 1 0 0 0 0 1 0 0 1 1 0 0 0 0 0 0 1 1 0 0 0 1 0 1 0 0 1 1 0 0 1 1 0 0 0 0 0 1 1 0 0 1 0 1 1 0 0 1 0 0 0 0 0 0 0 1 0 0 0 0 0 0 0 0 1 0 0 0 1 0 1 0 0 0 0 1 0 1 0 0 1 1 0 1 1 0 0 0 1 0 0 1 1 1 0 0 0 0 1 1 1 0 0 1 0 1 0 1 0 0 1 0 0 1 1 1 0 1 1 1 1 1 1 0 0 1 0 1 0 1 0 1 0 1 0 1 1 1 1 1 
1 1 0 1 1 0 0 1 0 0 0 1 0 1 1 1 1 1 0 1 1 0 1 0 1 1 1 1 1 0 0 1 1 1 0 1 1 1 0 1 1 1 1 0 0 1 0 0 1 0 0 1 1 1 1 0 1 1 0 1 1 0 1 0 0 1 1 1 1 0 1 1 1 0 0 1 1 1 1 1 1 0 1 1 0 1 0 0 0 1 1 1 0 1 1 1 0 0 1 1 1 1 1 1 1 1 1 0 0 0 1 1 0 1 1 1 0 1 1 1 1 1 1 1 1 1 1 1 1 1 1 1 1 1 0 1 1 1 1 1 0 1 0 1 1 1 1 1 1 1 
0 0 0 0 1 0 0 1 0 0 1 0 1 0 0 1 1 1 1 0 0 1 0 0 0 0 1 1 0 0 0 1 0 0 0 0 1 1 0 0 1 1 1 1 0 0 1 1 1 1 1 1 0 1 1 0 0 0 1 1 1 1 0 1 0 0 0 0 0 0 0 1 0 0 0 0 1 0 1 0 1 0 0 0 0 1 1 1 1 0 1 1 1 1 1 1 1 0 0 0 1 1 0 1 0 0 0 0 1 1 1 0 0 0 0 0 1 0 0 1 0 0 1 1 1 0 0 1 1 1 1 1 1 0 0 1 1 1 0 1 1 1 0 1 1 1 0 0 1 0 
0 0 0 0 0 0 0 1 0 1 0 0 1 0 0 1 0 0 1 0 0 1 0 0 0 0 1 1 0 0 0 1 0 0 0 0 1 1 0 0 1 1 0 0 0 0 1 1 1 1 1 1 0 1 1 0 0 0 0 0 1 1 0 1 0 0 0 0 0 0 0 1 0 0 0 0 1 0 1 0 1 0 0 0 0 1 1 1 1 0 1 1 1 1 1 1 1 0 0 0 1 1 0 1 0 0 0 0 1 1 1 0 0 0 0 1 1 0 0 0 0 0 0 1 1 0 0 1 1 1 1 1 1 0 0 1 0 1 0 1 1 1 0 1 0 1 1 0 1 0 
1 1 0 1 0 1 1 0 1 0 0 0 0 1 1 0 1 0 0 0 1 0 1 0 1 1 0 0 1 0 0 0 1 0 0 1 0 0 0 1 1 0 0 0 0 1 0 0 0 0 0 0 1 0 0 1 0 0 0 0 0 0 1 0 0 1 1 0 1 1 1 0 0 0 0 1 0 1 0 1 0 0 1 1 0 0 0 0 0 1 0 0 0 0 0 0 0 0 1 0 0 0 0 0 1 0 1 1 0 0 0 1 0 0 1 0 0 1 1 0 0 1 0 0 0 0 1 0 0 0 0 0 0 1 0 0 0 0 1 0 0 0 1 0 0 0 0 1 0 0 
0 0 0 0 0 0 0 0 0 1 1 0 0 0 0 1 0 1 1 0 0 1 0 0 0 0 1 1 0 0 0 1 0 0 0 0 1 0 0 0 0 1 1 1 1 0 1 1 0 1 1 1 0 1 1 0 0 0 1 1 1 1 0 1 1 0 0 0 0 0 0 1 0 0 0 0 1 0 0 0 1 0 0 0 0 1 1 1 1 0 1 0 1 1 0 1 1 0 0 0 1 1 0 1 0 1 0 0 1 1 0 0 0 0 0 0 1 0 0 1 0 0 1 0 1 0 0 1 1 0 1 1 0 0 0 1 1 1 0 1 1 1 0 1 0 1 0 0 0 0 
1 1 0 1 0 1 1 0 1 0 0 1 0 0 1 0 1 0 0 0 1 0 1 0 1 1 0 0 1 0 0 0 1 0 0 1 0 0 0 1 1 0 0 0 0 1 0 0 0 0 0 0 1 0 0 1 0 0 0 0 0 0 1 0 0 1 1 0 1 1 1 0 0 0 0 1 0 1 0 1 0 0 1 1 0 0 0 0 0 1 0 0 0 0 0 0 0 0 1 0 0 0 0 0 1 0 1 1 0 0 0 1 0 0 1 0 0 1 1 0 0 1 0 0 0 0 1 0 0 0 0 0 0 1 0 0 0 0 1 0 0 0 1 0 0 0 0 1 0 0 
1 1 1 0 1 1 1 0 1 0 0 1 0 1 0 0 1 1 0 0 1 0 1 1 1 1 0 0 1 1 1 0 1 0 1 1 1 1 1 1 1 0 1 0 0 1 0 0 1 0 0 1 1 0 0 1 1 0 0 1 1 0 1 0 1 0 1 1 1 1 1 0 1 1 0 1 1 1 1 1 0 1 1 1 0 1 0 0 0 1 0 1 0 1 1 1 0 1 1 1 0 1 0 1 1 1 1 1 0 0 0 1 1 0 1 0 0 1 1 1 0 1 1 0 0 0 1 1 0 1 1 1 0 1 1 1 1 0 1 0 0 0 1 0 1 0 0 1 0 0 
0 0 0 0 0 0 0 1 1 1 1 0 1 0 0 0 1 1 1 1 0 1 0 0 0 0 1 1 0 0 0 1 0 1 0 0 1 1 0 0 1 1 1 0 0 0 1 1 1 1 1 1 0 1 1 0 0 1 0 1 1 1 0 1 0 0 0 0 0 0 0 1 0 0 1 0 1 0 1 0 1 0 0 0 0 1 1 1 1 0 1 1 1 1 1 1 1 0 1 0 1 1 1 1 0 0 0 0 1 1 1 0 0 0 0 1 1 0 0 0 0 0 1 1 1 1 0 1 1 1 1 1 1 0 0 1 0 1 0 1 1 1 0 1 1 1 1 1 1 1 
1 1 0 1 1 0 0 0 1 1 0 1 0 1 1 1 0 1 0 0 1 0 1 0 1 1 0 1 1 0 1 1 1 1 1 1 1 1 1 1 1 1 1 1 0 1 1 0 1 1 0 1 1 1 1 0 1 1 0 1 1 1 1 0 1 1 1 1 1 1 0 1 1 0 0 1 1 1 1 1 0 1 1 0 0 1 1 1 1 1 1 1 0 1 1 1 0 1 1 1 1 1 1 1 1 1 1 0 0 0 1 1 1 0 1 0 1 1 1 1 0 1 1 1 1 1 1 1 0 1 1 1 0 1 1 1 1 1 1 1 1 1 1 1 1 1 0 1 1 0 
0 1 1 0 1 0 0 0 1 1 0 0 1 0 1 1 1 0 0 0 1 0 1 1 1 1 0 1 1 1 1 1 1 0 1 1 1 1 1 1 1 1 1 1 1 1 1 1 1 1 1 1 0 1 1 0 1 0 1 1 1 1 0 0 1 0 1 1 1 0 0 1 1 1 0 1 1 0 1 0 0 1 1 0 1 1 1 1 1 1 1 1 0 1 1 1 1 1 1 1 1 1 0 1 0 1 1 0 0 1 1 1 1 0 0 0 1 1 1 1 0 0 1 1 1 0 0 1 0 1 1 1 0 1 1 1 1 1 1 1 1 1 0 1 1 1 0 1 0 0 
0 0 0 0 0 0 0 1 0 1 1 0 1 0 0 1 0 0 0 0 0 1 0 0 0 0 1 1 0 0 0 1 0 0 0 0 1 1 0 0 0 1 0 0 0 0 1 1 1 1 1 1 0 1 1 0 0 0 0 0 1 1 0 1 0 0 0 0 0 0 0 1 0 0 0 0 1 0 1 0 1 0 0 0 0 1 1 1 1 0 1 1 1 1 1 1 1 0 0 0 1 0 0 1 0 0 0 0 1 1 1 0 0 0 0 0 1 0 0 0 0 0 0 1 1 0 0 1 1 1 1 1 1 0 0 1 0 1 0 1 1 1 0 1 0 1 1 0 1 0 
1 1 0 1 0 0 0 1 1 0 0 0 0 0 0 1 0 0 0 0 0 0 0 0 0 0 1 0 0 0 0 0 0 1 0 0 1 1 0 0 1 0 0 0 0 0 0 0 1 0 0 1 1 0 0 0 0 1 0 0 0 0 1 0 0 1 0 0 0 0 0 0 0 0 1 0 0 1 1 1 1 0 0 0 0 0 0 0 0 0 1 1 0 0 1 0 0 0 1 0 0 0 1 0 0 0 0 0 0 0 1 0 0 1 0 1 0 1 0 0 1 0 0 1 0 1 0 1 1 1 0 1 1 0 0 0 0 0 0 1 0 1 0 1 0 1 1 1 1 1 
1 1 0 1 1 1 1 0 1 0 0 1 0 1 1 0 1 1 0 0 0 0 1 0 1 1 0 0 1 0 1 1 1 0 1 1 1 1 1 1 1 0 1 0 0 1 0 0 1 0 0 1 1 0 0 1 1 0 0 1 1 0 1 0 0 0 1 1 1 1 1 0 1 1 0 1 1 1 1 1 0 1 1 1 0 1 0 0 0 1 0 1 0 1 1 1 0 1 1 1 0 1 0 1 1 1 1 1 0 0 0 1 1 0 1 0 0 1 1 1 0 1 1 0 0 0 1 1 0 1 1 1 0 1 1 1 1 0 1 0 0 0 1 0 1 0 0 1 0 0 
0 0 0 0 0 0 0 0 0 1 1 0 1 0 0 1 0 0 1 0 0 0 0 0 0 0 1 1 0 0 0 1 0 0 0 0 0 0 0 0 0 1 0 0 0 0 1 1 0 1 1 0 0 1 1 0 0 0 0 0 0 1 0 1 0 0 0 0 0 0 0 1 0 0 0 0 0 0 0 0 1 0 0 0 0 0 1 1 1 0 1 0 1 1 0 0 1 0 0 0 1 0 0 1 0 0 0 0 1 1 0 0 0 0 0 0 1 0 0 0 0 0 0 0 1 0 0 0 1 0 1 0 0 0 0 0 0 1 0 0 1 0 0 1 0 1 0 0 0 0 
1 1 0 1 1 0 1 0 1 0 0 1 0 1 1 0 1 1 0 0 1 0 0 0 1 1 0 1 1 0 1 1 1 1 0 1 1 1 1 1 1 1 1 0 0 1 0 0 1 0 0 1 1 0 1 1 1 1 0 1 1 0 1 0 0 1 1 1 1 1 1 1 1 0 0 1 1 1 1 1 0 1 1 1 0 1 1 0 0 1 1 1 0 1 1 1 0 1 1 1 0 1 1 1 1 1 1 1 0 0 1 1 1 0 1 0 0 1 1 1 0 1 1 1 1 1 1 1 0 1 1 1 0 1 1 1 1 1 1 1 0 1 1 1 1 0 0 1 0 0 
0 0 1 0 1 0 0 0 0 0 0 0 0 0 1 0 0 1 0 0 0 0 0 0 0 0 0 0 0 1 1 0 0 0 1 0 0 0 1 0 0 0 1 1 1 0 0 0 0 0 0 0 0 0 0 0 1 0 1 1 1 0 0 0 1 0 1 1 1 0 0 0 1 1 0 0 1 0 0 0 0 1 1 0 1 0 1 0 0 1 0 0 0 0 0 1 0 1 0 1 0 0 0 0 0 1 0 0 0 0 0 0 1 0 0 0 1 0 0 1 0 0 1 0 0 0 0 0 0 0 0 0 0 1 1 0 1 0 0 0 0 0 0 0 0 0 0 0 0 0 
1 1 0 1 1 1 1 0 1 0 0 1 0 1 1 0 1 1 0 0 1 0 1 0 0 1 0 0 1 0 1 0 1 1 0 1 1 1 0 1 1 0 0 0 0 1 0 0 1 0 0 1 1 0 0 1 1 1 0 0 0 0 1 0 0 1 1 1 1 1 1 0 1 0 0 1 1 1 1 1 0 1 1 1 0 1 0 0 0 1 0 1 0 0 1 1 0 1 1 1 0 1 1 0 1 0 1 1 0 0 1 1 0 0 1 0 0 1 1 1 0 1 0 0 0 1 1 1 0 1 1 1 0 1 0 1 0 0 1 0 0 0 1 0 1 0 0 1 0 0 
1 1 0 1 1 1 1 0 1 0 0 1 0 1 1 0 1 1 0 0 1 0 1 0 1 0 0 0 1 0 1 0 1 0 1 1 0 0 1 1 1 0 0 0 0 1 0 0 0 0 0 0 1 0 0 1 1 0 0 0 0 0 1 0 0 0 1 1 1 1 1 0 1 1 0 1 1 1 1 1 0 1 1 1 0 1 0 0 0 1 0 0 0 0 1 0 0 1 1 1 0 1 0 0 1 1 1 1 0 0 0 1 1 0 1 0 0 1 1 1 0 1 1 0 0 0 1 1 0 1 0 0 0 1 1 1 0 0 1 0 0 0 1 0 1 0 0 1 0 0 
0 0 0 0 0 0 0 1 1 1 1 0 1 0 0 1 0 0 1 1 0 1 0 0 0 0 0 1 0 0 0 1 0 1 0 0 1 1 0 0 1 1 0 0 0 0 1 1 1 1 0 1 0 1 1 0 0 0 0 0 1 1 0 1 0 0 0 0 0 0 0 1 0 0 1 0 1 0 1 0 1 0 0 0 0 1 1 1 1 0 1 1 1 1 1 1 1 0 1 0 1 1 1 1 0 0 0 0 1 1 1 0 0 0 0 1 1 0 0 0 0 0 0 1 1 1 0 1 1 1 1 1 1 0 0 1 0 1 0 1 1 1 0 1 0 1 1 0 1 1 
0 0 0 0 1 0 0 1 1 1 1 0 1 0 0 1 1 1 1 0 0 1 1 0 0 0 1 0 0 0 0 1 0 0 0 1 1 1 0 1 1 1 1 1 1 1 1 1 1 1 1 1 0 1 1 0 0 0 1 1 1 1 0 1 1 0 0 0 0 0 0 1 0 0 0 0 1 0 1 0 1 0 1 0 0 1 1 1 1 0 1 1 1 1 1 1 1 0 1 1 1 1 0 1 0 1 0 0 1 1 1 0 0 0 0 0 1 0 0 1 0 0 1 1 1 0 0 1 1 1 1 1 1 0 0 1 1 1 0 1 1 1 0 1 1 1 0 0 1 0 
1 1 0 1 1 1 1 0 1 0 0 1 0 1 1 0 1 1 0 0 1 0 1 0 1 1 0 0 0 0 1 0 1 0 1 1 0 0 1 1 1 0 0 0 0 1 0 0 1 0 0 0 1 0 0 1 1 0 0 0 0 0 1 0 0 0 1 1 1 1 1 0 1 0 0 1 1 1 1 1 0 1 1 1 0 1 0 0 0 1 0 0 0 0 1 0 0 1 1 1 0 1 0 0 1 0 1 1 0 0 0 1 0 0 1 0 0 1 1 1 0 1 0 0 0 0 1 1 0 1 0 0 0 1 0 1 0 0 1 0 0 0 1 0 1 0 0 1 0 0 
0 0 1 0 1 0 0 0 0 0 0 0 0 0 1 0 0 1 0 0 0 0 0 1 0 0 0 0 0 0 1 0 0 0 1 0 0 0 1 0 0 0 1 1 1 0 0 0 0 0 0 0 0 0 0 0 1 0 1 1 0 0 0 0 1 0 1 1 1 0 0 0 1 1 0 0 0 0 0 0 0 1 1 0 1 0 0 0 0 1 0 0 0 0 0 0 0 1 0 1 0 0 0 0 0 1 0 0 0 0 0 0 1 0 0 0 0 0 0 1 0 0 1 0 0 0 0 0 0 0 0 0 0 1 1 0 1 0 0 0 0 0 0 0 0 0 0 0 0 0 
0 0 1 0 1 0 1 0 0 0 0 0 0 0 1 0 1 1 0 0 1 0 1 1 1 1 0 0 1 1 0 0 0 0 1 1 0 0 1 1 0 0 0 0 0 1 0 0 0 0 0 0 0 0 0 1 1 0 0 0 0 0 0 0 1 0 1 1 1 1 0 0 1 1 0 0 0 0 0 0 0 1 1 0 1 0 0 0 0 1 0 0 0 0 0 0 0 1 0 1 0 0 0 0 1 1 1 1 0 0 0 1 1 0 1 0 0 0 1 1 0 1 1 0 0 0 0 0 0 0 0 0 0 1 1 0 1 0 1 0 0 0 1 0 1 0 0 0 0 0 
0 0 0 0 1 0 0 1 1 1 1 0 1 0 0 1 1 1 1 0 1 1 1 0 0 0 1 1 0 0 0 0 0 0 0 1 1 1 0 1 1 1 1 1 1 1 1 1 1 1 1 1 0 1 1 0 0 0 1 1 1 1 0 1 1 0 0 1 0 0 0 1 1 0 0 0 1 0 1 0 1 0 1 0 0 1 1 1 1 1 1 1 1 1 1 1 1 0 1 1 1 1 0 1 0 1 0 0 1 1 1 0 0 0 0 0 1 0 0 1 0 0 1 1 1 0 0 1 1 1 1 1 1 0 0 1 1 1 0 1 1 1 0 1 1 1 0 0 1 0 
1 1 0 1 1 1 1 0 1 0 0 1 0 1 1 0 1 1 0 0 1 0 1 0 1 1 0 0 1 0 0 0 0 1 0 1 1 1 0 1 1 0 0 0 0 1 0 0 1 0 0 1 1 0 0 1 1 1 0 0 0 0 1 0 0 1 1 1 1 1 1 0 1 0 0 1 1 1 1 1 0 1 1 1 0 1 0 0 0 1 0 1 0 0 1 1 0 1 1 0 0 1 1 0 1 0 1 1 0 0 1 1 0 1 1 0 0 1 1 1 1 1 0 1 0 1 1 1 0 1 1 1 0 1 0 1 0 0 1 1 0 0 1 0 1 0 0 1 0 0 
1 1 0 1 0 0 0 1 1 0 0 0 0 0 0 1 1 0 0 1 0 0 1 0 1 0 1 0 0 0 0 0 1 0 0 1 1 1 0 1 1 0 0 0 0 1 0 0 1 0 0 1 1 0 0 0 0 1 0 0 0 0 1 0 0 1 0 0 0 0 0 0 0 0 1 1 0 1 1 1 1 0 0 0 0 1 0 0 0 0 1 1 0 0 1 0 0 0 1 0 0 1 1 0 0 0 0 0 0 0 1 1 0 1 0 1 0 1 1 0 1 0 0 1 1 1 0 1 1 1 0 1 1 0 0 1 0 0 1 1 0 1 0 1 1 1 1 1 1 1 
0 0 1 0 1 0 0 0 0 0 0 0 0 0 1 0 1 1 0 0 1 0 0 1 0 1 0 0 1 1 1 0 0 0 0 0 0 0 1 0 0 0 1 0 1 1 0 0 0 0 0 0 0 0 0 0 1 0 1 1 0 0 0 0 1 0 1 1 1 1 0 0 1 1 0 0 0 0 0 0 0 1 1 0 1 0 0 0 0 1 0 0 0 0 0 0 0 1 0 1 0 0 0 0 0 1 1 0 0 0 0 0 1 0 1 0 0 0 1 1 0 0 1 0 0 0 0 0 0 0 0 0 0 1 1 0 1 0 1 0 0 0 1 0 1 0 0 0 0 0 
1 1 0 1 1 0 1 0 1 0 0 1 0 1 1 0 1 1 0 0 1 0 1 0 1 1 0 1 1 0 1 1 1 1 0 0 1 1 1 1 1 0 1 0 0 1 0 0 1 0 0 1 1 0 0 1 1 1 0 1 1 0 1 0 0 1 1 1 1 1 1 0 1 0 0 1 1 1 1 1 0 1 1 1 0 1 0 0 0 1 0 1 0 1 1 1 0 1 1 1 0 1 1 1 1 1 1 1 0 0 1 1 1 0 1 0 0 1 1 1 0 1 1 1 1 1 1 1 0 1 1 1 0 1 1 1 1 0 1 1 0 0 1 0 1 0 0 1 0 0 
0 1 0 1 1 0 0 1 1 1 1 0 1 0 1 1 1 1 1 1 1 0 1 0 1 0 1 1 0 0 0 1 1 1 0 1 0 1 0 1 1 1 1 1 0 1 1 1 1 1 1 1 0 1 1 0 0 1 0 1 1 1 0 1 0 1 0 1 0 0 0 1 0 0 0 1 1 0 1 1 1 0 1 0 0 1 1 1 1 1 1 1 1 1 1 1 1 0 1 1 1 1 1 1 0 1 0 0 1 1 1 1 0 0 0 1 1 1 1 1 0 0 1 1 1 1 0 1 1 1 1 1 1 0 0 1 1 1 1 1 1 1 0 1 1 1 1 1 1 1 
1 1 0 1 1 0 0 1 1 1 1 0 0 0 1 1 1 1 1 1 1 0 1 0 1 0 1 1 0 0 0 1 1 1 0 1 1 0 0 1 1 1 0 0 0 1 0 1 1 0 0 1 1 1 1 0 0 1 0 0 1 0 1 0 0 1 0 0 0 0 0 1 0 0 1 1 1 1 1 1 1 0 1 0 0 1 0 0 0 0 1 1 0 1 1 1 0 0 1 0 1 1 1 1 0 0 0 0 0 0 1 1 0 1 0 1 0 1 1 0 1 0 0 1 1 1 0 1 1 1 1 1 1 0 0 1 0 1 1 1 0 1 0 1 1 1 1 1 1 1 
0 0 1 0 1 0 0 0 0 0 0 0 0 0 1 0 1 1 0 0 1 0 1 1 0 1 0 0 1 1 1 0 0 0 1 1 0 0 0 1 0 0 1 1 1 1 0 0 0 0 0 0 0 0 0 0 1 0 1 1 1 0 0 0 1 0 1 1 1 1 0 0 1 1 0 0 1 0 0 0 0 1 1 0 1 1 0 0 0 1 0 0 0 0 0 1 0 1 0 1 0 1 0 0 0 1 1 0 0 0 0 1 1 0 1 0 0 0 1 1 0 0 1 0 0 0 0 0 0 0 0 0 0 1 1 0 1 0 1 0 0 0 1 0 1 0 0 0 0 0 
1 1 0 1 1 0 1 0 1 0 0 1 0 1 1 0 1 1 0 0 1 0 1 0 1 1 0 1 1 0 1 1 1 1 0 1 1 1 1 0 1 0 1 0 0 1 0 0 1 0 0 1 1 0 0 1 1 1 0 1 1 0 1 0 0 1 1 1 1 1 1 0 1 0 0 1 1 1 1 1 0 1 1 1 0 1 0 0 0 1 0 1 0 1 1 1 0 1 1 1 0 1 1 1 1 1 1 1 0 0 1 1 1 0 1 0 0 1 1 1 0 1 1 1 1 1 1 1 0 1 1 1 0 1 1 1 1 0 1 1 0 0 1 0 1 0 0 1 0 0 
1 1 0 1 1 0 0 1 1 1 1 1 0 1 1 1 1 1 0 1 1 0 1 0 1 1 1 1 1 0 0 1 1 1 0 1 1 1 0 1 0 1 1 0 0 1 0 1 1 1 0 1 1 1 1 0 0 1 0 1 1 0 1 0 0 1 1 1 1 0 0 1 1 0 1 1 1 1 1 1 1 0 1 0 0 1 0 0 0 1 1 1 0 1 1 1 0 0 1 1 1 1 1 1 0 1 1 0 0 0 1 1 0 1 0 1 0 1 1 1 1 1 1 1 1 1 1 1 1 1 1 1 1 1 0 1 1 1 1 1 1 1 0 1 1 1 1 1 1 1 
0 0 0 0 1 0 0 1 1 1 1 0 1 0 0 1 1 1 1 0 0 1 1 0 0 0 1 1 0 0 0 1 0 0 0 0 1 1 0 0 1 0 1 1 0 0 1 1 1 1 1 1 0 1 1 0 0 0 1 1 1 1 0 1 0 0 0 0 0 0 0 1 0 0 0 0 1 0 1 0 1 0 0 0 0 1 1 1 1 0 1 1 1 1 1 1 1 0 1 0 1 1 0 1 0 1 0 0 1 1 1 0 0 0 0 0 1 0 0 1 0 0 1 1 1 0 0 1 1 1 1 1 1 0 0 1 1 1 0 1 1 1 0 1 1 1 1 0 1 0 
0 0 1 0 1 0 0 0 1 1 0 0 1 0 1 1 1 1 0 0 1 0 1 1 0 0 0 1 0 1 0 1 0 0 1 1 1 0 1 1 1 1 0 1 1 1 1 1 0 1 1 1 0 1 1 0 1 0 1 1 1 1 0 1 1 0 1 1 1 0 0 1 1 1 0 0 1 0 1 0 0 1 1 0 1 1 1 1 1 1 1 0 1 1 1 1 1 1 1 1 1 1 0 1 0 1 1 0 0 1 0 1 1 0 0 0 1 0 1 1 0 0 1 0 1 0 0 1 0 1 1 1 0 1 1 1 1 1 1 1 1 0 0 0 1 0 0 0 0 0 
0 0 1 0 1 0 0 0 0 1 0 0 1 0 0 0 1 1 0 0 0 0 0 1 0 0 0 1 0 1 0 1 0 0 0 0 1 0 1 0 0 1 1 0 1 0 1 0 0 1 1 1 0 1 1 0 1 0 1 1 1 1 0 1 1 0 0 1 0 0 0 1 1 1 0 0 1 0 0 0 0 0 1 0 1 1 1 1 1 1 0 0 1 1 0 1 1 0 0 1 1 1 0 1 0 1 0 0 0 1 0 0 1 0 0 0 1 0 0 1 0 0 1 0 0 0 0 1 0 0 1 0 0 0 1 1 1 1 0 0 1 0 0 0 1 0 0 0 0 0 
0 0 1 0 1 0 0 0 0 0 0 0 1 0 0 0 0 1 0 0 0 0 0 1 0 0 0 1 0 1 0 1 0 0 1 0 0 0 1 0 0 0 1 1 0 0 1 0 0 1 1 0 0 0 1 0 1 0 1 1 1 1 0 0 1 0 0 1 0 0 0 1 1 1 0 0 1 0 0 0 0 0 1 0 1 1 1 1 1 1 0 0 0 1 0 1 1 1 0 1 1 0 0 1 0 1 0 0 0 0 0 0 1 0 0 0 1 0 0 1 0 0 1 0 0 0 0 0 0 0 1 0 0 0 1 0 1 1 0 0 1 0 0 0 1 0 0 0 0 0 
1 1 0 1 1 1 1 0 1 0 0 1 0 1 1 0 1 1 0 0 1 0 1 0 1 1 0 1 1 0 1 1 1 1 1 1 1 1 1 1 1 0 1 0 0 0 0 0 1 0 0 1 1 0 0 1 1 1 0 1 1 0 1 0 0 1 1 1 1 1 1 0 1 0 0 1 1 1 1 1 0 1 1 1 0 1 0 0 0 1 0 1 0 1 1 1 0 1 1 1 0 1 1 1 1 1 1 1 0 0 1 1 1 0 1 0 0 1 1 1 0 1 1 1 0 0 1 1 0 1 1 1 0 1 1 1 1 0 1 1 0 0 1 0 1 0 0 1 0 0 
0 0 0 0 1 0 0 0 0 1 1 0 1 0 0 1 1 1 1 0 0 1 0 0 0 0 1 1 0 0 0 1 0 0 0 0 1 0 0 0 0 1 1 1 1 0 0 1 0 1 1 1 0 1 1 0 0 0 1 1 1 1 0 1 1 0 0 0 0 0 0 1 1 0 0 0 1 0 1 0 1 0 0 0 0 1 1 1 1 0 1 0 1 1 1 1 1 0 0 1 1 1 0 1 0 1 0 0 1 1 0 0 1 0 0 0 1 0 0 1 0 0 1 0 1 0 0 1 1 1 1 1 1 0 1 1 1 1 0 1 1 1 0 1 1 1 0 0 0 0 
0 0 0 0 0 0 0 1 0 1 1 0 1 0 0 1 0 1 1 0 0 1 0 0 0 0 1 1 0 0 0 1 0 0 0 0 1 1 0 0 1 1 1 0 0 0 1 0 1 1 1 1 0 1 1 0 0 0 0 1 1 1 0 1 0 0 0 0 0 0 0 1 0 0 0 0 1 0 1 0 1 0 0 0 0 1 1 1 1 0 1 1 1 1 1 1 1 0 0 0 1 1 0 1 0 0 0 0 1 1 1 0 0 0 0 0 1 0 0 0 0 0 0 1 1 0 0 1 1 1 1 1 1 0 0 1 0 1 0 1 1 1 0 1 0 1 1 0 1 0 
1 1 0 1 1 0 0 1 1 1 1 0 0 0 1 1 1 1 1 1 1 0 1 0 1 0 1 1 1 0 0 1 1 1 0 1 1 1 0 1 1 1 0 0 0 1 0 1 0 0 0 1 1 1 1 0 0 1 0 0 0 0 1 0 0 1 0 0 0 0 0 0 0 0 1 1 1 1 1 1 1 0 1 0 0 1 0 0 0 0 1 1 0 1 1 1 0 0 1 0 0 1 1 1 0 0 0 0 0 0 1 1 0 1 0 1 0 1 1 0 1 0 0 1 1 1 0 1 1 1 1 1 1 0 0 1 0 1 1 1 0 1 0 1 1 1 1 1 1 1 
0 0 0 0 1 0 0 0 0 1 1 0 1 0 0 1 1 1 1 0 0 1 0 0 0 0 1 1 0 0 0 1 0 0 0 0 1 0 0 0 1 1 1 1 1 0 1 1 0 0 1 1 0 1 1 0 0 0 1 1 1 1 0 1 1 0 0 0 0 0 0 1 0 0 0 0 1 0 1 0 1 0 0 0 0 1 1 1 1 0 1 0 1 1 1 1 1 0 0 1 1 1 0 1 0 1 0 0 1 1 1 0 0 0 0 0 1 0 0 1 0 0 1 1 1 0 0 1 1 1 1 1 1 0 0 1 1 1 0 1 1 1 0 1 1 1 0 0 0 0 
0 0 0 0 1 0 0 0 0 1 1 0 1 0 0 1 0 1 1 0 0 1 0 0 0 0 0 1 0 0 0 1 0 0 0 0 1 0 0 0 0 1 1 1 1 0 1 1 0 1 0 1 0 1 1 0 0 0 1 1 1 1 0 1 1 0 0 0 0 0 0 1 1 0 0 0 1 0 0 0 0 0 0 0 0 1 1 1 1 0 1 0 1 1 0 1 1 0 0 1 1 1 0 1 0 1 0 0 1 1 0 0 1 0 0 0 1 0 0 1 0 0 1 0 1 0 0 1 0 0 1 1 0 0 1 1 1 1 0 0 1 0 0 0 1 0 0 0 0 0 
1 1 0 1 1 0 0 1 1 1 1 0 1 0 1 1 1 1 1 1 1 0 1 0 1 0 1 1 0 0 0 1 1 1 0 1 1 1 0 1 1 1 1 1 0 1 1 1 1 1 1 0 1 1 1 0 0 1 0 1 1 1 0 1 0 1 1 1 0 0 0 1 1 0 0 1 1 0 1 1 1 0 1 0 0 1 1 1 1 1 1 1 1 1 1 1 1 0 1 1 1 1 1 1 0 1 0 0 1 1 1 1 0 0 0 1 1 1 1 1 0 0 1 1 1 1 0 1 1 1 1 1 1 0 0 1 1 1 1 1 1 1 0 1 1 1 1 1 1 1 
1 1 0 1 0 1 1 0 1 0 0 1 0 1 1 0 1 0 0 1 1 0 1 0 1 1 0 0 1 0 0 0 1 1 0 1 0 1 0 1 1 0 0 0 0 1 0 0 1 0 0 1 0 0 0 1 0 1 0 0 0 0 1 0 0 1 0 0 0 0 1 0 0 0 1 1 0 1 1 1 0 0 1 1 0 0 0 0 0 0 0 1 0 0 1 0 0 0 1 0 0 1 1 0 1 0 1 1 0 0 1 1 0 1 1 1 0 1 1 0 1 1 0 1 0 1 1 1 0 1 0 1 0 0 0 1 0 0 1 0 0 0 0 0 1 0 1 1 1 1 
0 0 0 0 1 0 0 1 1 1 1 0 1 0 0 1 1 1 1 0 0 1 0 0 0 0 1 1 0 0 0 1 0 0 0 0 1 1 0 0 1 1 1 1 0 0 1 1 1 1 1 1 0 0 1 0 0 0 1 1 1 1 0 1 0 0 0 0 0 0 0 1 0 0 0 0 1 0 1 0 1 0 0 0 0 1 1 1 1 0 1 1 1 1 1 1 1 0 0 0 1 1 0 1 0 1 0 0 1 1 1 0 0 0 0 0 1 0 0 1 0 0 1 1 1 0 0 1 1 1 1 1 1 0 0 1 1 1 0 1 1 1 0 1 1 1 0 0 1 0 
0 0 0 0 1 0 0 1 1 1 1 0 1 0 0 1 1 1 1 0 0 1 1 0 0 0 1 1 0 0 0 1 0 0 0 0 1 1 0 0 1 1 1 1 1 0 1 1 1 1 1 1 0 1 0 0 0 0 1 1 1 1 0 1 1 0 0 0 0 0 0 1 0 0 0 0 1 0 1 0 1 0 0 0 0 1 1 1 1 0 1 1 1 1 1 1 1 0 1 1 1 1 0 1 0 1 0 0 1 1 1 0 0 0 0 0 1 0 0 1 0 0 1 1 1 0 0 1 1 1 1 1 1 0 0 1 1 1 0 1 1 1 0 1 1 1 0 0 1 0 
1 1 0 0 0 1 1 0 0 0 0 1 0 1 1 0 0 0 0 0 1 0 1 0 1 1 0 0 1 0 1 0 1 0 0 1 0 0 0 1 0 0 0 0 0 1 0 0 0 0 0 0 1 0 0 0 0 0 0 0 0 0 1 0 0 0 1 1 1 1 1 0 0 0 0 1 0 1 0 1 0 1 1 1 0 0 0 0 0 1 0 0 0 0 0 0 0 1 0 0 0 0 0 0 1 0 1 1 0 0 0 1 0 0 1 0 0 1 1 0 0 1 0 0 0 0 1 0 0 0 0 0 0 1 0 0 0 0 1 0 0 0 1 0 0 0 0 1 0 0 
0 0 1 0 1 0 1 0 1 0 0 0 0 0 1 0 1 1 0 0 1 0 1 1 1 1 0 0 1 1 1 0 1 0 1 1 0 0 1 1 0 0 1 1 1 1 0 0 0 0 0 0 0 0 0 0 0 0 1 1 1 0 0 0 1 0 1 1 1 1 0 0 1 1 0 1 1 0 0 0 0 1 1 0 1 1 0 0 0 1 0 0 0 0 0 1 0 1 0 1 0 1 0 0 1 1 1 1 0 0 0 1 1 0 1 0 0 0 1 1 0 1 1 0 0 0 0 0 0 0 0 0 0 1 1 1 1 0 1 0 0 0 1 0 1 0 0 0 0 0 
1 1 0 1 0 0 0 1 1 0 0 0 0 0 0 1 1 0 0 1 0 0 1 0 1 0 0 0 0 0 0 0 1 1 0 1 1 1 0 1 1 0 0 0 0 1 0 0 1 0 0 1 1 0 0 0 0 0 0 0 0 0 1 0 0 1 0 0 0 0 0 0 0 0 1 1 0 1 1 1 1 0 0 0 0 0 0 0 0 0 1 1 0 0 1 0 0 0 1 0 0 1 1 0 0 0 0 0 0 0 1 1 0 1 0 1 0 1 0 0 1 0 0 1 1 1 0 1 1 1 0 1 1 0 0 1 0 0 0 1 0 1 0 1 1 1 1 1 1 1 
0 0 1 0 1 0 0 0 0 1 0 0 1 0 0 0 0 1 0 0 0 0 0 1 0 0 0 1 0 1 0 1 0 0 1 0 0 0 1 0 0 1 1 1 1 0 1 0 0 1 1 0 0 1 1 0 1 0 0 1 1 1 0 1 1 0 0 1 0 0 0 1 1 1 0 0 1 0 0 0 0 0 1 0 1 1 1 1 1 1 0 0 1 1 0 1 1 0 0 1 1 1 0 1 0 1 0 0 0 1 0 0 1 0 0 0 1 0 0 1 0 0 1 0 0 0 0 0 0 0 1 0 0 0 1 1 1 1 0 0 1 0 0 0 1 0 0 0 0 0 
0 0 1 0 1 0 0 0 1 1 0 0 1 0 1 1 1 1 0 0 1 0 1 1 0 0 0 1 0 1 0 1 0 0 1 1 1 0 1 1 1 1 1 1 1 1 1 1 0 1 1 1 0 1 1 0 1 0 1 0 1 1 0 1 1 0 1 1 1 0 0 1 1 1 0 0 1 0 1 0 0 1 1 0 1 1 1 1 1 1 1 0 1 1 1 1 1 1 1 1 1 1 0 1 0 1 1 0 0 1 0 1 1 0 0 0 1 0 1 1 0 0 1 0 1 0 0 1 0 1 1 1 0 1 1 1 1 1 1 1 1 0 0 0 1 0 0 0 0 0 
0 0 0 0 1 0 0 0 1 1 1 0 1 0 1 1 1 1 1 0 1 0 1 1 0 0 1 1 0 0 0 1 0 0 0 1 1 1 1 1 1 1 1 1 1 1 1 1 0 1 1 1 0 1 1 0 1 0 1 1 0 1 0 1 1 0 1 1 1 0 0 1 1 1 0 0 1 0 1 0 0 0 1 0 1 1 1 1 1 1 1 0 1 1 1 1 1 0 1 1 1 1 0 1 0 1 0 0 1 1 0 1 1 0 0 0 1 0 1 1 0 0 1 1 1 0 0 1 1 1 1 1 0 1 1 1 1 1 1 1 1 1 0 1 1 1 0 0 0 0 
0 0 0 0 1 0 0 0 0 1 1 0 1 0 0 1 1 1 1 0 0 1 0 0 0 0 1 1 0 0 0 1 0 0 0 0 1 0 0 0 0 1 1 1 1 0 1 1 0 1 1 1 0 1 1 0 0 0 1 1 1 0 0 1 1 0 0 0 0 0 0 1 0 0 0 0 1 0 1 0 1 0 0 0 0 1 1 1 1 0 1 0 1 1 1 1 1 0 0 1 1 1 0 1 0 1 0 0 1 1 0 0 0 0 0 0 1 0 0 1 0 0 1 1 1 0 0 1 1 1 1 1 1 0 0 1 1 1 0 1 1 1 0 1 1 1 0 0 0 0 
1 1 0 1 0 1 1 0 1 0 0 1 0 1 1 0 1 0 0 1 1 0 1 0 1 1 0 0 1 0 0 0 1 1 0 1 0 1 0 1 1 0 0 0 0 1 0 0 1 0 0 0 1 0 0 1 0 1 0 0 0 0 0 0 0 1 0 0 0 0 1 0 0 0 0 1 0 1 1 1 0 0 1 1 0 0 0 0 0 0 0 1 0 0 1 0 0 0 1 0 0 1 1 0 1 0 1 1 0 0 1 1 0 1 1 1 0 1 1 0 1 1 0 0 0 1 1 1 0 1 0 1 0 0 0 0 0 0 1 0 0 0 0 0 1 0 0 1 0 1 
0 0 0 0 0 0 0 0 0 1 1 0 1 0 0 1 0 0 1 0 0 1 0 0 0 0 1 1 0 0 0 1 0 0 0 0 1 0 0 0 0 1 1 1 0 0 1 1 0 1 1 1 0 1 1 0 0 0 1 1 1 1 0 0 0 0 0 0 0 0 0 1 0 0 0 0 1 0 0 0 1 0 0 0 0 1 1 1 1 0 1 0 1 1 0 1 1 0 0 0 1 0 0 1 0 0 0 0 1 1 0 0 0 0 0 0 1 0 0 0 0 0 1 0 1 0 0 1 1 0 1 1 1 0 0 1 1 1 0 1 1 1 0 1 0 1 0 0 0 0 
0 0 1 0 1 0 0 0 0 0 0 0 1 0 1 0 1 1 0 0 0 0 0 1 0 0 0 1 0 1 1 1 0 0 1 0 0 0 1 0 0 0 1 1 1 0 1 0 0 1 1 0 0 0 1 0 1 0 1 1 1 1 0 0 0 0 1 1 1 0 0 1 1 1 0 0 1 0 0 0 0 1 1 0 1 1 1 1 1 1 0 0 0 1 0 1 1 1 0 1 1 1 0 1 0 1 0 0 0 0 0 0 1 0 0 0 1 0 0 1 0 0 1 0 0 0 0 0 0 0 1 0 0 0 1 1 1 1 0 0 1 0 0 0 1 0 0 0 0 0 
1 1 0 1 0 0 0 1 1 0 0 1 0 1 0 0 1 0 0 1 0 0 1 0 1 0 0 0 0 0 0 0 1 1 0 1 1 1 0 1 1 0 0 0 0 1 0 0 1 0 0 1 1 0 0 0 0 1 0 0 0 0 1 0 0 0 0 0 0 0 0 0 0 0 1 1 0 1 1 1 0 0 0 1 0 0 0 0 0 0 0 1 0 0 1 0 0 0 1 0 0 1 1 0 0 0 0 0 0 0 1 1 0 1 0 1 0 1 0 0 1 0 0 1 0 1 0 1 0 1 0 1 0 0 0 1 0 0 0 1 0 1 0 1 0 0 1 1 1 1 
1 1 1 0 1 1 1 0 1 0 0 1 0 1 1 0 1 1 0 0 1 0 1 1 1 1 0 0 1 1 1 0 1 0 1 1 0 0 1 1 1 0 1 0 0 1 0 0 0 0 0 1 0 0 0 1 1 0 0 1 1 0 0 0 1 0 0 1 1 1 1 0 1 1 0 1 1 0 1 1 0 1 1 0 1 1 0 0 0 1 0 0 0 0 1 1 0 1 1 1 0 1 0 0 1 1 1 1 0 0 0 1 1 0 1 0 0 0 1 1 0 1 1 0 0 0 1 1 0 1 1 0 0 1 1 1 1 0 1 0 0 0 1 0 1 0 0 1 0 0 
1 1 1 0 1 0 1 0 1 0 0 0 0 0 1 0 1 1 0 0 1 0 1 1 1 1 0 0 1 1 1 1 1 0 1 1 1 0 1 1 1 0 1 1 1 1 0 0 0 0 0 1 0 0 0 1 1 0 1 1 1 0 0 0 1 0 1 0 1 1 0 0 1 1 0 1 1 0 1 1 0 1 1 0 1 1 1 0 0 1 0 0 0 1 1 1 0 1 1 1 0 1 0 1 1 1 1 1 0 0 0 1 1 0 1 0 1 0 1 1 0 1 1 0 0 0 1 1 0 1 1 1 0 1 1 1 1 0 1 0 0 0 1 0 1 0 0 1 0 0 
1 1 1 0 1 1 1 0 1 0 0 1 0 1 1 0 1 1 0 0 1 0 1 1 1 1 0 0 1 1 1 0 1 0 1 1 0 0 1 1 1 0 1 0 0 1 0 0 0 0 0 0 0 0 0 1 1 0 0 1 1 0 0 0 1 0 1 1 0 1 1 0 1 1 0 1 1 0 1 1 0 1 1 1 0 1 0 0 0 1 0 0 0 0 1 1 0 1 1 1 0 1 0 0 1 1 1 1 0 0 0 1 1 0 1 0 0 0 1 1 0 1 1 0 0 0 1 1 0 1 0 0 0 1 1 1 1 0 1 0 0 0 1 0 1 0 0 1 0 0 
1 1 0 0 1 1 1 0 0 0 0 1 0 1 1 0 1 0 0 0 1 0 1 0 1 1 0 0 1 0 1 0 1 0 1 1 0 0 1 1 0 0 0 0 0 1 0 0 0 0 0 0 0 0 0 1 1 0 0 0 0 0 0 0 0 0 1 1 1 0 1 0 1 1 0 1 0 0 0 1 0 1 1 1 0 0 0 0 0 1 0 0 0 0 0 0 0 1 0 1 0 0 0 0 1 0 1 1 0 0 0 1 1 0 1 0 0 0 1 1 0 1 0 0 0 0 1 0 0 0 0 0 0 1 1 0 0 0 1 0 0 0 1 0 1 0 0 0 0 0 
1 1 0 1 0 1 1 0 1 0 0 1 0 1 1 0 0 0 0 0 1 0 1 0 1 1 0 0 1 0 0 0 1 0 0 1 0 0 0 1 0 0 0 0 0 1 0 0 0 0 0 0 1 0 0 1 0 0 0 0 0 0 1 0 0 0 1 0 1 1 0 0 0 0 0 1 0 1 0 1 0 0 1 1 0 0 0 0 0 0 0 0 0 0 0 0 0 0 1 0 0 0 0 0 1 0 1 1 0 0 0 1 0 0 1 0 0 1 1 0 0 1 0 0 0 0 1 0 0 0 0 0 0 1 0 0 0 0 1 0 0 0 1 0 0 0 0 1 0 0 
0 0 0 0 1 0 0 0 1 1 1 0 1 0 0 1 1 1 1 0 0 1 1 0 0 0 1 1 0 0 0 1 0 0 0 0 1 1 0 0 1 1 1 1 1 0 1 1 0 1 1 1 0 1 1 0 0 0 1 1 1 1 0 1 1 0 0 0 0 0 0 0 1 0 0 0 1 0 1 0 1 0 1 0 0 1 1 1 1 0 1 0 1 1 1 1 1 0 1 1 1 1 0 1 0 1 0 0 1 1 1 0 1 0 0 0 1 0 0 1 0 0 1 1 1 0 0 1 1 1 1 1 1 0 1 1 1 1 0 1 1 1 0 1 1 1 0 0 0 0 
0 0 1 0 1 0 0 0 1 0 0 0 0 0 1 0 1 1 0 0 1 0 1 1 1 1 0 0 1 1 1 1 1 0 1 1 0 0 1 1 1 0 1 1 1 1 1 0 0 0 1 1 0 0 0 0 1 0 1 1 1 0 0 0 1 0 1 1 1 1 0 1 0 1 0 1 1 0 1 0 0 1 1 0 1 1 1 0 0 1 0 0 0 1 1 1 0 1 1 1 0 1 0 1 0 1 1 0 0 0 0 1 1 0 1 0 1 0 1 1 0 0 1 0 0 0 0 1 0 1 1 0 0 1 1 1 1 0 1 0 1 0 1 0 1 0 0 0 0 0 
0 0 1 0 1 0 0 0 0 0 0 0 0 0 1 0 0 1 0 0 1 0 0 1 0 1 0 0 0 1 1 0 0 0 1 0 0 0 1 0 0 0 1 1 1 0 0 0 0 0 0 0 0 0 0 0 1 0 1 1 1 0 0 0 1 0 1 1 1 1 0 0 1 0 0 0 1 0 0 0 0 1 1 0 1 0 0 0 0 1 0 0 0 0 0 1 0 1 0 1 0 0 0 0 0 1 1 0 0 0 0 0 1 0 0 0 0 0 1 1 0 0 1 0 0 0 0 0 0 0 0 0 0 1 1 0 1 0 0 0 0 0 1 0 1 0 0 0 0 0 
0 1 0 1 0 0 0 1 0 0 0 0 0 0 0 1 0 0 0 1 0 0 0 0 0 0 1 0 0 0 0 0 0 1 0 0 0 1 0 0 1 0 0 0 0 0 0 0 1 0 0 0 1 0 0 0 0 1 0 0 0 0 0 0 0 1 0 0 0 0 0 0 0 0 0 0 0 0 1 0 1 0 0 0 0 0 0 0 0 0 1 1 0 0 1 0 0 0 1 0 0 0 1 0 0 0 0 0 0 0 1 0 0 1 0 1 0 1 0 0 1 0 0 1 0 1 0 0 1 1 0 1 1 0 0 0 0 0 0 1 0 1 0 1 0 1 1 1 1 1 
1 1 0 1 1 1 1 0 1 0 0 1 0 1 1 0 1 1 0 0 1 0 1 0 1 1 0 0 1 0 0 0 1 1 0 1 1 1 0 1 1 0 0 0 0 1 0 0 1 0 0 1 1 0 0 1 1 1 0 0 0 0 1 0 0 1 1 1 1 1 1 0 1 0 0 0 1 1 1 1 0 1 1 1 0 1 0 0 0 1 0 1 0 0 1 1 0 1 1 1 0 1 1 0 1 0 1 1 0 0 1 1 0 1 1 0 0 1 1 1 1 1 1 1 0 1 1 1 0 1 1 1 0 1 0 1 0 0 1 1 0 0 1 0 1 0 0 1 0 1 
0 1 0 0 1 0 0 0 1 1 1 0 1 0 1 1 1 1 1 0 1 0 1 1 1 1 1 1 1 0 0 1 1 0 0 1 1 1 1 1 1 1 1 1 1 1 1 1 1 1 1 1 0 1 1 0 1 0 1 1 1 1 0 1 1 0 1 1 1 0 0 1 1 1 0 1 0 0 1 1 1 1 1 0 0 1 1 1 1 1 1 1 1 1 1 1 1 1 1 1 1 1 0 1 0 1 1 0 1 1 1 1 1 0 0 0 1 1 1 1 0 0 1 1 1 0 0 1 1 1 1 1 1 1 1 1 1 1 1 1 1 1 0 1 1 1 0 1 0 0 
1 1 0 1 0 1 1 0 1 0 0 1 0 1 1 0 1 0 0 1 1 0 1 0 1 1 0 0 1 0 0 0 1 1 0 1 0 1 0 1 1 0 0 0 0 1 0 0 1 0 0 0 1 0 0 1 0 1 0 0 0 0 1 0 0 1 0 0 0 0 1 0 0 0 0 1 0 0 1 1 0 0 0 1 0 0 0 0 0 0 0 1 0 0 1 0 0 0 1 0 0 1 1 0 1 0 1 1 0 0 0 1 0 1 1 1 0 1 1 0 1 1 0 0 0 1 1 0 0 1 0 0 0 0 0 0 0 0 1 0 0 0 0 0 0 0 0 1 0 1 
1 1 0 1 1 0 0 1 1 1 1 0 0 0 1 1 1 1 1 1 1 0 1 0 1 1 1 1 1 0 0 1 1 1 0 1 1 1 0 1 1 1 1 0 0 1 1 1 1 1 0 1 1 1 1 0 0 1 0 1 1 1 1 0 0 1 1 1 1 0 0 1 1 0 1 1 1 1 0 1 1 0 1 0 0 1 1 1 1 1 1 1 0 1 1 1 0 0 1 1 1 1 1 1 0 1 1 0 0 1 1 1 0 1 0 1 1 1 1 1 1 0 1 1 1 1 0 1 1 1 1 1 1 1 0 1 1 1 1 1 1 1 0 1 1 1 1 1 1 1 
1 1 0 1 1 1 1 0 1 0 0 1 0 1 1 0 1 0 0 1 1 0 1 0 1 1 0 0 1 0 0 0 1 1 0 1 1 1 0 1 1 0 0 0 0 1 0 0 1 0 0 1 1 0 0 1 0 1 0 0 0 0 1 0 0 1 1 1 1 1 1 0 0 0 0 1 1 1 1 0 0 0 1 1 0 1 0 0 0 1 0 1 0 0 1 0 0 0 1 0 0 1 1 0 1 0 1 1 0 0 1 1 0 1 1 1 0 1 1 0 1 1 0 1 0 1 1 1 0 1 0 1 0 1 0 1 0 0 1 1 0 0 1 0 1 0 0 1 0 1 
0 0 0 0 0 0 0 1 1 1 1 0 1 0 0 1 0 0 1 1 0 1 0 0 0 0 1 1 0 0 0 1 0 1 0 0 1 1 0 0 1 1 0 0 0 0 1 1 1 1 0 1 0 1 1 0 0 1 0 0 0 1 0 1 0 0 0 0 0 0 0 1 0 0 1 0 1 0 1 0 0 0 0 0 0 1 0 1 1 0 1 1 1 1 1 1 0 0 1 0 1 1 1 1 0 0 0 0 1 1 1 0 0 0 0 1 0 0 0 0 1 0 0 1 1 1 0 1 1 1 1 1 1 0 0 1 0 1 0 1 1 1 0 1 0 1 1 0 1 1 
0 0 1 0 1 0 1 0 0 0 0 0 0 0 1 0 1 1 0 0 1 0 1 1 1 1 0 0 1 1 1 0 1 0 1 1 0 0 1 1 0 0 1 0 0 1 0 0 0 0 0 0 0 0 0 1 1 0 0 1 0 0 0 0 1 0 1 1 1 1 0 0 1 1 0 1 1 0 0 0 0 0 1 0 1 1 0 0 0 1 0 0 0 0 0 1 0 1 0 1 0 1 0 0 1 1 1 1 0 0 0 1 1 0 1 0 0 0 1 1 0 1 1 0 0 0 1 0 0 0 0 0 0 1 1 0 1 0 1 0 0 0 1 0 1 0 0 0 0 0 
1 1 1 0 1 0 1 0 1 0 0 1 0 1 1 0 1 1 0 0 1 0 1 1 1 1 0 1 1 1 1 1 1 0 1 1 1 1 1 1 1 0 1 1 1 1 0 0 1 0 0 1 1 0 0 1 1 0 1 1 1 0 1 0 1 0 1 1 1 1 1 1 1 1 0 1 1 0 1 1 0 1 0 0 0 1 1 0 0 1 0 1 0 1 1 1 0 1 1 1 0 1 0 1 1 1 1 1 0 0 0 1 1 0 1 0 1 1 1 1 0 1 1 0 0 0 1 1 0 1 1 1 0 1 1 1 1 0 1 0 0 0 1 0 1 0 0 1 0 0 
1 1 0 1 0 1 1 0 1 0 0 1 0 1 1 0 0 0 0 0 1 0 1 0 1 1 0 0 1 0 0 0 1 0 0 1 0 0 0 1 0 0 0 0 0 1 0 0 0 0 0 0 1 0 0 1 0 0 0 0 0 0 1 0 0 1 0 0 1 1 1 0 0 0 0 1 0 1 0 1 0 0 0 0 0 0 0 0 0 0 0 0 0 0 0 0 0 0 1 0 0 0 0 0 1 0 1 1 0 0 0 1 0 0 1 0 0 1 1 0 0 1 0 0 0 0 1 0 0 0 0 0 0 1 0 0 0 0 1 0 0 0 1 0 0 0 0 1 0 0 
0 0 1 0 0 0 0 0 0 0 0 0 0 0 0 0 0 1 0 0 0 0 0 1 0 0 0 0 0 1 1 0 0 0 1 0 0 0 1 0 0 0 1 1 1 0 0 0 0 0 0 0 0 0 0 0 1 0 1 1 1 0 0 0 1 0 1 1 0 0 0 0 1 1 0 0 0 0 0 0 0 1 0 0 0 0 0 0 0 1 0 0 0 0 0 0 0 1 0 1 0 0 0 0 0 1 0 0 0 0 0 0 1 0 0 0 0 0 0 1 0 0 1 0 0 0 0 0 0 0 0 0 0 0 1 0 1 0 0 0 0 0 0 0 0 0 0 0 0 0 
1 1 0 0 1 0 0 1 1 1 1 0 1 0 1 1 1 1 1 0 1 0 1 0 1 1 1 1 1 0 0 1 1 1 0 1 1 1 1 1 1 1 1 1 1 1 1 1 1 1 1 1 0 1 1 0 1 0 1 1 1 1 0 1 1 0 1 1 1 0 0 1 1 0 0 1 1 0 1 1 1 1 1 0 0 0 1 1 1 1 1 1 0 1 1 1 1 1 1 1 1 1 1 1 0 1 1 0 1 1 1 1 1 0 0 0 1 1 1 1 0 0 1 1 1 0 0 1 1 1 1 1 1 1 1 1 1 1 1 1 1 1 0 1 1 1 0 1 1 0 
0 0 0 0 1 0 0 0 0 1 1 0 1 0 0 1 1 1 1 0 0 1 1 1 0 0 1 1 0 0 0 1 0 0 0 0 1 0 0 0 0 1 1 1 1 0 1 1 0 1 1 1 0 1 1 0 0 0 1 1 1 1 0 1 1 0 0 1 0 0 0 1 1 0 0 0 1 0 1 0 0 0 1 0 0 1 0 1 1 1 1 0 1 1 1 1 1 0 0 1 1 1 0 1 0 1 0 0 1 1 0 0 1 0 0 0 1 0 0 1 0 0 1 0 1 0 0 1 1 1 1 1 0 0 1 1 1 1 0 1 1 0 0 1 1 1 0 0 0 0 
0 0 0 0 0 0 0 1 0 1 1 0 1 0 0 1 1 1 1 0 0 1 0 0 0 0 1 1 0 0 0 1 0 0 0 0 1 0 0 0 0 1 1 1 1 0 1 1 0 1 1 1 0 1 1 0 0 0 1 1 1 1 0 1 1 0 0 0 0 0 0 1 0 0 0 0 1 0 1 0 1 0 0 0 0 1 1 0 1 0 1 0 1 1 1 1 1 0 0 0 1 1 0 1 0 1 0 0 1 1 1 0 0 0 0 0 1 0 0 1 0 0 1 1 1 0 0 1 1 1 1 1 1 0 0 1 1 1 0 1 1 1 0 1 1 1 0 0 0 0 
0 0 0 0 1 0 0 0 0 1 1 0 1 0 0 1 1 1 1 0 0 1 0 0 0 0 1 1 0 0 0 1 0 0 0 0 1 0 0 0 0 1 1 1 1 0 1 1 0 1 1 1 0 1 1 0 0 0 1 1 1 1 0 1 1 0 0 0 0 0 0 1 0 0 0 0 1 0 1 0 1 0 0 0 0 1 1 1 0 0 1 0 1 1 1 1 1 0 0 1 1 1 0 1 0 1 0 0 1 1 0 0 0 0 0 0 1 0 0 1 0 0 1 1 1 0 0 1 1 1 1 1 1 0 0 1 1 1 0 1 1 1 0 1 1 1 0 0 0 0 
1 1 1 0 1 0 1 0 1 0 0 1 0 1 1 0 1 1 0 0 1 0 1 1 1 1 0 0 1 1 1 1 1 0 1 1 1 0 1 1 1 0 1 1 1 1 0 0 0 0 0 1 0 0 0 1 1 0 1 1 1 0 0 0 1 0 1 1 1 1 0 0 1 1 0 1 1 0 1 1 0 1 1 0 1 1 1 0 0 0 0 0 0 1 1 1 0 1 1 1 0 1 0 1 1 1 1 1 0 0 0 1 1 0 1 0 0 1 1 1 0 1 1 0 0 0 1 1 0 1 1 1 0 1 1 1 1 0 1 0 0 0 1 0 1 0 0 1 0 0 
0 1 0 0 1 0 0 1 1 1 1 0 1 0 0 1 1 1 1 1 0 1 1 0 0 0 1 1 0 0 0 1 0 1 0 0 1 1 0 0 1 1 1 0 0 0 1 1 1 1 1 1 0 1 1 0 0 1 0 1 1 1 0 1 0 0 0 0 0 0 0 1 0 0 1 0 1 0 1 0 1 0 0 0 0 1 1 1 1 0 0 1 1 1 1 1 1 0 1 0 1 1 1 1 0 0 0 0 1 1 1 0 0 0 0 1 1 1 0 0 0 0 1 1 1 1 0 1 1 1 1 1 1 0 0 1 0 1 0 1 1 1 0 1 1 1 1 1 1 1 
1 1 0 1 1 0 0 1 1 1 1 0 0 0 1 1 1 1 1 1 1 0 1 0 1 0 1 1 0 0 0 1 1 1 0 1 1 1 0 1 1 1 0 0 0 1 0 1 1 0 0 1 1 1 1 0 0 1 0 0 0 0 1 0 0 1 0 0 0 0 0 0 0 0 1 1 1 1 1 1 1 0 1 0 0 1 0 0 0 0 1 0 0 1 1 1 0 0 1 0 0 1 1 1 0 0 0 0 0 0 1 1 0 1 0 1 0 1 1 0 1 0 0 1 1 1 0 1 1 1 1 1 1 0 0 1 0 1 1 1 0 1 0 1 1 1 1 1 1 1 
0 0 0 0 0 0 0 0 0 1 1 0 1 0 0 1 0 0 1 0 0 1 0 0 0 0 1 1 0 0 0 1 0 0 0 0 1 0 0 0 0 1 1 1 0 0 1 1 0 1 1 1 0 1 1 0 0 0 1 1 1 1 0 1 0 0 0 0 0 0 0 1 0 0 0 0 1 0 0 0 1 0 0 0 0 0 1 1 1 0 1 0 0 1 0 1 1 0 0 0 1 0 0 1 0 0 0 0 1 1 0 0 0 0 0 0 1 0 0 0 0 0 0 0 1 0 0 0 1 0 1 0 1 0 0 0 1 1 0 1 1 1 0 1 0 1 0 0 0 0 
0 1 0 0 1 0 0 1 1 1 1 0 1 0 1 1 1 1 1 0 1 1 1 0 0 0 1 1 0 0 0 1 0 0 0 1 1 1 0 1 1 1 1 1 1 1 1 1 1 1 1 1 0 1 1 0 0 0 1 1 1 1 0 1 1 0 0 1 0 0 0 1 1 0 0 0 1 0 1 0 1 0 1 0 0 1 1 1 1 1 1 1 1 0 1 1 1 0 1 1 1 1 0 1 0 1 0 0 1 1 1 1 0 0 0 0 1 0 0 1 0 0 1 1 1 0 0 1 1 1 1 1 1 0 0 1 1 1 0 1 1 1 0 1 1 1 0 1 1 0 
1 1 0 1 1 0 0 1 1 1 1 0 0 0 1 1 1 1 1 1 1 0 1 0 1 1 1 1 1 0 0 1 1 1 0 1 1 1 0 1 1 1 1 0 0 1 1 1 1 1 0 1 1 1 1 0 0 1 0 1 1 1 1 0 0 1 1 1 1 0 0 1 1 0 1 1 1 1 1 1 1 0 1 0 0 1 1 1 1 1 1 1 0 1 0 1 0 0 1 1 1 1 1 1 0 1 1 0 0 1 1 1 0 1 0 1 1 1 1 1 1 0 1 1 1 1 0 1 1 1 1 1 1 1 0 1 1 1 1 1 1 1 0 1 1 1 1 1 1 1 
0 1 0 0 1 0 0 0 1 1 1 0 1 0 1 1 1 1 1 0 1 0 1 1 1 0 1 1 0 0 0 1 1 0 0 1 1 1 1 1 1 1 1 1 1 1 1 1 1 1 1 1 0 1 1 0 1 0 1 1 1 1 0 1 1 0 1 1 1 0 0 1 1 1 0 1 1 0 1 0 1 1 1 0 0 1 1 1 1 1 1 1 1 1 1 0 1 1 1 1 1 1 0 1 0 1 1 0 1 1 1 1 1 0 0 0 1 0 1 1 0 0 1 1 1 0 0 1 1 1 1 1 1 1 1 1 1 1 1 1 1 1 0 1 1 1 0 1 0 0 
0 0 0 0 0 0 0 0 0 1 1 0 1 0 0 1 0 1 1 0 0 1 0 0 0 0 1 1 0 0 0 1 0 0 0 0 1 0 0 0 0 1 1 1 1 0 1 1 0 1 1 1 0 1 1 0 0 0 1 1 1 1 0 1 1 0 0 0 0 0 0 1 0 0 0 0 1 0 0 0 0 0 0 0 0 1 1 1 1 0 1 0 1 1 0 1 0 0 0 0 1 0 0 1 0 1 0 0 1 1 0 0 0 0 0 0 1 0 0 1 0 0 1 0 1 0 0 0 1 0 1 0 0 0 0 1 1 1 0 0 1 0 0 0 0 0 0 0 0 0 
0 0 1 0 1 0 1 0 0 0 0 0 0 0 1 0 1 1 0 0 1 0 1 1 1 1 0 0 1 1 1 0 1 0 1 1 0 0 1 1 0 0 1 0 1 1 0 0 0 0 0 0 0 0 0 1 1 0 0 1 0 0 0 0 1 0 1 1 1 1 0 0 1 1 0 1 1 0 0 0 0 1 1 0 1 1 0 0 0 1 0 0 0 0 0 1 0 0 0 1 0 1 0 0 1 1 1 1 0 0 0 1 1 0 1 0 0 0 1 1 0 1 1 0 0 0 0 0 0 0 0 0 0 1 1 0 1 0 1 0 0 0 1 0 1 0 0 0 0 0 
1 1 0 1 1 0 0 1 1 0 0 1 0 1 1 1 1 1 0 1 1 0 1 0 1 1 1 1 1 0 0 1 1 1 0 1 1 1 0 1 1 1 1 0 0 1 0 0 1 0 0 1 1 0 1 0 0 1 0 1 1 0 1 0 0 1 1 1 1 0 1 1 1 0 1 1 1 1 1 1 1 0 1 1 0 1 0 0 0 1 1 1 0 1 1 1 0 0 0 1 0 1 1 1 0 1 1 0 0 0 1 1 0 1 1 1 0 1 1 1 1 1 1 1 1 1 1 1 1 1 1 1 1 1 0 1 0 1 1 1 0 1 0 1 1 1 1 1 1 1 
0 0 1 0 1 0 0 0 1 0 0 0 0 0 1 0 1 1 0 0 1 0 1 1 1 1 0 1 1 1 1 1 0 0 1 1 1 0 1 1 1 0 1 1 1 1 1 0 0 1 1 1 0 0 1 0 1 0 1 1 1 1 0 0 1 0 1 1 1 1 0 1 1 1 0 1 1 0 1 0 0 1 1 0 1 1 1 0 1 1 0 0 0 1 1 1 0 1 1 0 1 1 0 1 0 1 1 0 0 0 0 1 1 0 0 0 1 0 1 1 0 0 1 0 0 0 0 1 0 1 1 1 0 1 1 1 1 0 1 0 1 0 0 0 1 0 0 0 0 0 
0 0 0 0 1 0 0 0 1 1 1 0 1 0 0 1 1 1 1 0 0 1 0 0 0 0 1 1 0 0 0 1 0 0 0 0 1 1 0 0 1 1 1 1 1 0 1 1 0 1 1 1 0 1 1 0 0 0 1 1 1 1 0 1 1 0 0 0 0 0 0 1 0 0 0 0 1 0 1 0 1 0 0 0 0 1 1 1 1 0 1 0 1 1 1 1 1 0 0 1 0 1 0 1 0 1 0 0 1 1 1 0 0 0 0 0 1 0 0 1 0 0 1 1 1 0 0 1 1 1 1 1 1 0 0 1 1 1 0 1 1 1 0 1 1 1 0 0 0 0 
1 1 0 1 1 0 0 1 1 1 1 0 1 0 1 1 1 1 0 0 1 0 1 0 1 1 1 1 1 0 0 1 1 1 0 1 1 1 1 1 1 1 1 1 0 1 1 1 1 1 1 1 1 1 1 0 1 1 1 1 1 1 1 0 1 1 1 1 1 0 0 1 1 0 0 1 1 1 1 1 1 1 1 0 0 1 1 1 1 1 1 1 0 1 1 1 0 1 1 1 1 0 1 1 0 1 1 0 0 1 1 1 1 0 0 0 1 1 1 1 0 0 1 1 1 1 0 1 1 1 1 1 1 1 1 1 1 1 1 1 1 1 0 1 1 1 0 1 1 0 
1 1 0 1 0 0 0 1 1 0 0 0 0 0 0 1 1 0 0 1 0 0 1 0 1 0 1 0 0 0 0 0 1 1 0 1 1 1 0 1 1 0 0 0 0 1 0 0 1 0 0 1 1 0 0 0 0 1 0 0 0 0 1 0 0 1 0 0 0 0 0 0 0 0 1 1 0 1 1 1 1 0 0 0 0 1 0 0 0 0 1 1 0 0 1 0 0 0 1 0 0 1 0 0 0 0 0 0 0 0 1 1 0 1 0 1 0 1 1 0 1 0 0 1 1 1 0 1 1 1 1 1 1 0 0 1 0 0 1 1 0 1 0 1 1 1 1 1 1 1 
0 0 0 0 1 0 0 1 1 1 1 0 1 0 1 1 1 1 1 0 1 1 1 0 0 0 1 1 0 0 0 1 0 0 0 1 1 1 0 1 1 1 1 1 1 1 1 1 1 1 1 1 0 1 1 0 0 0 1 1 1 1 0 1 1 0 0 1 0 0 0 1 1 0 0 0 1 0 1 0 1 0 1 0 0 1 1 1 1 1 1 1 1 1 1 1 1 0 1 1 1 1 0 0 0 1 0 0 1 1 1 1 0 0 0 0 1 0 0 1 0 0 1 1 1 0 0 1 1 1 1 1 1 0 0 1 1 1 0 1 1 1 0 1 1 1 0 1 1 0 
1 1 0 0 0 1 1 0 1 0 0 1 0 1 1 0 1 0 0 0 1 0 1 0 1 1 0 0 1 0 1 0 1 0 0 1 0 0 0 1 0 0 0 0 0 1 0 0 0 0 0 0 1 0 0 1 1 0 0 0 0 0 1 0 0 0 1 1 1 1 1 0 0 0 0 1 0 1 0 1 0 1 1 1 0 0 0 0 0 1 0 0 0 0 0 0 0 1 0 0 0 0 0 0 0 0 1 1 0 0 0 1 0 0 1 0 0 0 1 0 0 1 0 0 0 0 1 0 0 0 0 0 0 1 0 0 0 0 1 0 0 0 1 0 0 0 0 1 0 0 
0 0 1 0 1 0 0 0 1 0 0 0 1 0 1 0 1 1 0 0 1 0 1 1 0 1 0 1 0 1 1 1 0 0 1 1 1 0 1 1 1 1 1 1 1 1 1 0 0 1 1 1 0 1 1 0 1 0 1 1 1 1 0 0 1 0 1 1 1 0 0 1 1 1 0 0 1 0 1 0 0 1 1 0 1 1 1 1 1 1 0 0 0 1 1 1 1 1 1 1 1 1 0 1 0 0 1 0 0 0 0 1 1 0 0 0 1 0 1 1 0 0 1 0 0 0 0 1 0 1 1 1 0 1 1 1 1 1 1 0 1 0 0 0 1 0 0 0 0 0 
1 1 1 0 1 1 1 0 1 0 0 1 0 1 1 0 1 1 0 0 1 0 1 0 1 1 0 0 1 0 1 0 1 0 1 1 0 0 1 1 1 0 1 0 0 1 0 0 0 0 0 0 1 0 0 1 1 0 0 1 0 0 1 0 0 0 1 1 1 1 1 0 1 1 0 1 1 1 1 1 0 1 1 1 0 1 0 0 0 1 0 0 0 0 1 1 0 1 1 1 0 1 0 0 1 1 0 1 0 0 0 1 1 0 1 0 0 1 1 1 0 1 1 0 0 0 1 1 0 1 0 0 0 1 1 1 0 0 1 0 0 0 1 0 1 0 0 1 0 0 
1 1 0 0 0 1 1 0 0 0 0 1 0 1 1 0 0 0 0 0 1 0 1 0 1 1 0 0 1 0 1 0 1 0 0 1 0 0 0 1 0 0 0 0 0 1 0 0 0 0 0 0 1 0 0 1 1 0 0 0 0 0 1 0 0 0 1 1 1 1 1 0 0 0 0 1 0 1 0 1 0 1 1 1 0 0 0 0 0 1 0 0 0 0 0 0 0 1 0 0 0 0 0 0 1 0 1 0 0 0 0 1 0 0 1 0 0 0 1 0 0 1 0 0 0 0 1 0 0 0 0 0 0 1 0 0 0 0 1 0 0 0 1 0 0 0 0 0 0 0 
0 0 0 0 0 0 0 1 0 1 1 0 1 0 0 1 0 0 1 0 0 1 0 0 0 0 1 1 0 0 0 1 0 0 0 0 1 0 0 0 0 1 0 0 0 0 1 1 0 1 1 1 0 1 1 0 0 0 0 0 1 1 0 1 0 0 0 0 0 0 0 1 0 0 0 0 1 0 0 0 1 0 0 0 0 1 1 1 1 0 1 0 1 1 0 1 1 0 0 0 1 0 0 1 0 0 0 0 0 1 1 0 0 0 0 0 1 0 0 0 0 0 0 1 1 0 0 1 1 0 1 1 1 0 0 1 0 1 0 1 1 1 0 1 0 1 0 0 1 0 
0 0 0 0 0 0 0 1 0 1 1 0 1 0 0 1 0 1 1 0 0 1 0 0 0 0 1 1 0 0 0 1 0 0 0 0 1 0 0 0 0 1 1 1 0 0 1 1 0 1 1 1 0 1 1 0 0 0 1 1 1 1 0 1 0 0 0 0 0 0 0 1 0 0 0 0 1 0 1 0 1 0 0 0 0 1 1 1 1 0 1 0 1 1 1 1 1 0 0 0 1 1 0 1 0 0 0 0 1 0 1 0 0 0 0 0 1 0 0 0 0 0 1 1 1 0 0 1 1 1 1 1 1 0 0 1 1 1 0 1 1 1 0 1 0 1 0 0 1 0 
1 1 0 1 1 0 0 1 1 1 1 0 0 0 0 1 1 1 1 1 0 0 1 0 1 0 1 1 0 0 0 1 1 1 0 1 1 1 0 1 1 1 0 0 0 1 0 1 1 1 0 1 1 1 1 0 0 1 0 0 0 0 1 0 0 1 0 0 0 0 0 1 0 0 1 1 1 0 1 1 1 0 0 0 0 1 0 1 0 0 1 1 0 1 1 1 0 0 1 0 1 1 1 1 0 0 0 0 1 1 0 1 0 1 0 1 0 1 0 0 1 0 0 1 1 1 0 1 1 1 1 1 1 0 0 1 0 1 0 1 0 1 0 1 1 1 1 1 1 1 
1 1 0 1 1 1 1 0 1 0 0 1 0 1 1 0 1 1 0 0 1 0 1 0 1 1 0 0 1 0 1 0 1 1 0 1 1 1 1 1 1 0 1 0 0 1 0 0 1 0 0 1 1 0 0 1 1 1 0 1 1 0 1 0 0 1 1 1 1 1 1 0 1 0 0 1 1 1 1 1 0 1 1 1 0 1 0 0 0 1 0 1 0 1 1 1 0 1 1 1 0 1 1 1 1 1 1 1 0 0 1 0 1 0 1 0 0 1 1 1 0 1 1 1 0 1 1 1 0 1 1 1 0 1 1 1 0 0 1 1 0 0 1 0 1 0 0 1 0 0 
0 0 1 0 1 0 0 0 0 0 0 0 0 0 1 0 1 1 0 0 1 0 1 1 0 1 0 0 0 1 1 0 0 0 1 1 0 0 1 1 0 0 1 1 1 1 1 0 0 0 1 0 0 0 0 0 1 0 1 1 1 0 0 0 1 0 1 1 1 1 0 1 1 1 0 0 1 0 0 0 0 1 1 0 1 1 1 0 0 1 0 0 0 0 0 1 0 1 0 1 0 1 0 0 0 1 1 0 0 0 0 1 0 0 0 0 1 0 1 1 0 0 1 0 0 0 0 0 0 0 1 0 0 1 1 1 1 0 1 0 1 0 1 0 1 0 0 0 0 0 
1 1 0 1 0 0 0 1 1 0 0 0 0 0 0 0 0 0 0 1 0 0 0 0 0 0 0 0 0 0 0 0 1 1 0 0 0 1 0 0 1 0 0 0 0 0 0 0 1 0 0 0 1 0 0 0 0 1 0 0 0 0 1 0 0 1 0 0 0 0 0 0 0 0 1 1 0 1 1 1 0 0 0 0 0 0 0 0 0 0 0 1 0 0 1 0 0 0 1 0 0 0 1 0 0 0 0 0 0 0 1 0 0 0 0 1 0 1 0 0 1 0 0 1 0 1 0 1 0 1 0 1 1 0 0 0 0 0 0 1 0 1 0 1 0 1 1 1 1 1 
1 1 0 0 1 1 1 0 1 0 0 1 0 1 1 0 1 0 0 0 1 0 1 0 1 1 0 0 1 0 1 0 1 0 1 1 0 0 1 1 0 0 0 0 0 1 0 0 0 0 0 0 1 0 0 1 1 0 0 0 0 0 1 0 0 0 1 1 1 1 1 0 1 0 0 1 0 1 0 1 0 1 1 1 0 0 0 0 0 1 0 0 0 0 0 0 0 1 1 0 0 0 0 0 1 0 1 1 0 0 0 1 0 0 0 0 0 1 1 0 0 1 0 0 0 0 1 0 0 0 0 0 0 1 0 0 0 0 1 0 0 0 1 0 1 0 0 1 0 0 
0 1 0 1 0 0 0 1 1 0 1 0 0 0 0 1 0 0 0 1 0 0 0 0 0 0 1 0 0 0 0 0 0 1 0 0 1 1 0 0 1 0 0 0 0 0 0 0 1 0 0 1 1 0 0 0 0 1 0 0 0 0 1 0 0 1 0 0 0 0 0 0 0 0 1 0 0 1 1 1 1 0 0 0 0 0 0 0 0 0 1 1 0 0 1 0 0 0 1 0 0 0 1 0 0 0 0 0 0 0 1 0 0 1 0 0 0 1 0 0 1 0 0 1 1 1 0 1 1 1 0 1 1 0 0 1 0 0 0 1 0 1 0 1 0 1 1 1 1 1 
0 0 0 0 1 0 0 0 0 1 1 0 1 0 0 1 1 1 1 0 0 1 0 1 0 0 1 1 0 0 0 1 0 0 0 0 1 0 0 0 0 1 1 1 1 0 1 1 0 1 1 1 0 1 1 0 0 0 1 1 1 1 0 1 1 0 0 1 0 0 0 1 1 0 0 0 1 0 1 0 0 0 1 0 0 1 1 1 1 0 1 0 1 1 1 1 1 0 0 1 1 1 0 1 0 1 0 0 1 1 0 0 1 0 0 0 0 0 0 1 0 0 1 0 1 0 0 1 1 1 1 1 0 0 1 1 1 1 0 1 1 0 0 1 1 0 0 0 0 0 
1 1 0 1 1 0 0 1 1 0 0 1 0 1 1 0 1 1 0 1 1 0 1 0 1 1 0 0 1 0 0 0 1 1 0 1 1 1 0 1 1 0 0 0 0 1 0 0 1 0 0 1 1 0 0 1 0 1 0 0 0 0 1 0 0 1 0 0 0 0 1 0 0 0 1 1 1 1 1 1 0 0 1 1 0 1 0 0 0 1 1 1 0 0 1 0 0 0 1 0 0 1 1 0 0 0 1 0 0 0 1 1 0 1 1 1 0 0 1 0 1 1 0 1 1 1 1 1 0 1 1 1 1 0 0 1 0 0 1 1 0 1 0 1 1 1 1 1 1 1 
1 1 0 1 1 1 1 0 1 0 0 1 0 1 1 0 1 1 0 0 1 0 1 0 1 1 0 0 1 0 1 0 1 1 1 1 1 1 1 1 1 0 1 0 0 1 0 0 1 0 0 1 1 0 0 1 1 0 0 1 1 0 1 0 0 0 1 1 1 1 1 0 1 1 0 1 1 1 1 1 0 1 1 1 0 1 0 0 0 1 0 1 0 0 1 1 0 1 1 1 0 1 1 0 1 1 1 1 0 0 0 1 1 0 1 0 0 1 0 1 0 1 1 0 0 0 1 1 0 1 1 1 0 1 1 1 1 0 1 0 0 0 1 0 1 0 0 1 0 0 
0 1 1 0 1 0 0 0 1 1 0 0 1 0 1 0 1 1 0 0 1 0 1 1 1 1 0 1 1 1 1 1 1 0 1 1 1 0 1 1 1 1 1 1 1 1 1 0 0 1 1 1 0 1 1 0 1 0 1 1 1 1 0 0 1 0 1 1 1 1 0 1 1 1 0 1 1 0 1 0 0 1 1 0 1 1 1 1 1 1 0 0 0 1 1 1 1 1 1 1 1 1 0 1 0 1 1 0 0 0 0 1 1 0 0 0 1 0 1 0 0 0 1 0 0 0 0 1 0 1 1 1 0 1 1 1 1 1 1 0 1 0 0 0 1 0 0 0 0 0 
1 1 0 1 0 0 0 1 1 0 0 0 0 0 0 0 0 0 0 1 0 0 0 0 0 0 0 0 0 0 0 0 1 1 0 0 0 1 0 0 1 0 0 0 0 0 0 0 1 0 0 0 1 0 0 0 0 1 0 0 0 0 1 0 0 1 0 0 0 0 0 0 0 0 1 1 0 1 1 1 1 0 0 0 0 0 0 0 0 0 0 1 0 0 1 0 0 0 1 0 0 0 1 0 0 0 0 0 0 0 1 0 0 1 0 1 0 1 0 0 0 0 0 1 0 1 0 0 0 1 0 1 1 0 0 0 0 0 0 1 0 1 0 1 0 1 1 1 1 1 
1 1 0 1 1 1 1 0 1 0 0 1 0 1 1 0 1 0 0 0 1 0 1 0 1 1 0 0 1 0 1 0 1 0 0 1 0 0 0 1 1 0 0 0 0 1 0 0 0 0 0 0 1 0 0 1 1 0 0 0 0 0 1 0 0 0 1 1 1 1 1 0 0 0 0 1 0 1 0 1 0 1 1 1 0 0 0 0 0 1 0 0 0 0 0 0 0 1 1 0 0 0 0 0 1 0 1 1 0 0 0 1 0 0 1 0 0 1 1 0 0 0 0 0 0 0 1 0 0 0 0 0 0 1 0 0 0 0 1 0 0 0 1 0 1 0 0 1 0 0 
0 0 1 0 1 0 0 0 1 1 0 0 1 0 1 1 1 1 0 0 1 0 1 1 0 1 0 1 0 1 1 1 0 0 1 1 1 0 1 1 1 1 1 1 1 1 1 0 0 1 1 1 0 1 1 0 1 0 1 1 1 1 0 1 1 0 1 1 1 0 0 1 1 1 0 1 1 0 1 0 0 1 1 0 1 1 1 1 1 1 1 0 0 1 1 1 1 1 1 1 1 1 0 1 0 1 1 0 0 1 0 1 1 0 0 0 1 0 1 1 0 0 0 0 1 0 0 1 0 1 1 1 0 1 1 1 1 1 1 1 1 0 0 0 1 0 0 0 0 0 
0 1 0 1 1 0 0 1 1 1 1 0 0 0 0 1 1 1 1 1 0 0 1 0 0 0 1 1 0 0 0 1 1 1 0 1 1 1 0 1 1 1 0 0 0 1 0 1 1 1 0 1 1 1 1 0 0 1 0 0 1 1 0 0 0 1 0 0 0 0 0 1 0 0 1 1 1 0 1 1 1 0 0 0 0 1 0 1 1 0 1 1 0 1 1 1 0 0 1 0 1 1 1 1 0 0 0 0 1 1 1 1 0 1 0 1 0 1 0 0 1 0 0 0 1 1 0 1 1 1 1 1 1 0 0 1 0 1 0 1 1 1 0 1 1 1 1 1 1 1 
0 1 0 0 1 0 0 1 1 1 1 0 1 0 0 1 1 1 1 0 0 1 1 0 0 0 1 1 0 0 0 1 0 1 0 1 1 1 0 1 1 1 1 0 0 0 1 1 1 1 1 1 0 1 1 0 0 1 0 1 1 1 0 1 0 0 0 0 0 0 0 1 0 0 0 0 1 0 1 0 1 0 0 0 0 1 1 1 1 0 1 1 1 1 1 1 1 0 1 0 1 1 1 1 0 0 0 0 1 1 1 0 0 0 0 1 1 1 0 0 0 0 1 1 0 1 0 1 1 1 1 1 1 0 0 1 1 1 0 1 1 1 0 1 1 1 1 1 1 0 
1 1 0 1 0 0 0 1 1 0 0 0 0 0 0 1 1 0 0 1 0 0 1 0 1 0 1 0 0 0 0 0 1 1 0 1 1 1 0 1 1 0 0 0 0 0 0 0 1 0 0 1 1 0 0 0 0 1 0 0 0 0 1 0 0 1 0 0 0 0 0 0 0 0 1 1 0 1 1 1 1 0 0 0 0 0 0 0 0 0 1 1 0 0 1 0 0 0 1 0 0 1 1 0 0 0 0 0 0 0 1 1 0 1 0 1 0 1 0 0 1 0 0 1 1 0 0 1 1 1 0 1 1 0 0 1 0 0 0 1 0 1 0 1 0 1 1 1 1 1 
1 1 0 1 0 1 1 0 1 0 0 1 0 1 1 0 1 0 0 0 1 0 1 0 1 1 0 0 1 0 0 0 1 0 0 1 0 0 0 1 1 0 0 0 0 1 0 0 0 0 0 0 1 0 0 1 0 0 0 0 0 0 1 0 0 0 1 1 1 1 1 0 0 0 0 1 0 1 0 1 0 1 1 1 0 0 0 0 0 1 0 0 0 0 0 0 0 0 1 0 0 0 0 0 1 0 1 1 0 0 0 1 0 0 1 0 0 1 1 0 0 1 0 0 0 0 0 0 0 0 0 0 0 1 0 0 0 0 1 0 0 0 1 0 0 0 0 1 0 0 
1 1 0 1 1 0 0 1 1 1 1 0 1 0 1 1 1 1 1 1 1 0 1 0 1 1 1 1 1 0 0 1 1 1 0 1 1 1 0 1 1 1 1 1 0 1 1 1 1 1 1 1 1 1 1 0 0 1 0 1 1 1 1 1 0 1 1 1 1 0 0 1 1 0 0 1 1 0 1 1 1 0 1 0 0 1 1 1 1 1 1 1 0 1 1 1 0 0 1 1 1 1 1 1 0 1 1 0 1 1 1 1 0 1 0 1 1 1 1 1 0 0 1 1 1 1 0 0 1 1 1 1 1 1 0 1 1 1 1 1 1 1 0 1 1 1 1 1 1 1 
0 0 0 0 0 0 0 1 1 1 1 0 1 0 0 1 0 0 1 1 0 1 0 0 0 0 1 1 0 0 0 1 0 1 0 0 1 1 0 0 1 1 0 0 0 0 1 1 1 1 0 1 0 1 1 0 0 1 0 0 1 1 0 1 0 0 0 0 0 0 0 1 0 0 1 0 1 0 1 0 1 0 0 0 0 1 1 1 1 0 1 1 1 1 1 1 1 0 1 0 1 1 1 1 0 0 0 0 1 1 1 0 0 0 0 1 1 0 0 0 0 0 0 1 1 1 0 1 0 1 1 1 1 0 0 1 0 1 0 1 1 1 0 1 0 1 1 0 1 1 
1 1 0 1 1 0 0 1 1 1 1 0 0 0 1 1 1 1 1 1 1 0 1 0 1 1 1 1 1 0 0 1 1 1 0 1 1 1 0 1 1 1 1 0 0 1 1 1 1 1 0 1 1 1 1 0 0 1 0 1 1 1 1 0 0 1 1 1 1 0 0 1 1 0 1 1 1 1 1 1 1 0 1 0 0 1 1 1 1 1 1 1 0 1 1 1 0 0 1 1 1 1 1 1 0 1 1 0 0 1 1 1 0 1 0 1 1 1 1 1 1 0 1 1 1 1 0 1 1 0 1 1 1 1 0 1 1 1 1 1 1 1 0 1 1 1 1 1 1 1 
0 1 0 0 1 0 0 1 1 1 1 0 1 0 1 1 1 1 1 0 1 1 1 0 1 0 1 1 0 0 0 1 1 0 0 1 1 1 0 1 1 1 1 1 1 1 1 1 1 1 1 1 0 1 1 0 0 0 1 1 1 1 0 1 1 0 1 1 0 0 0 1 1 0 0 1 1 0 1 0 1 0 1 0 0 1 1 1 1 1 1 1 1 1 1 1 1 0 1 1 1 1 1 1 0 1 0 0 1 1 1 1 1 0 0 0 1 1 1 1 0 0 1 1 1 0 0 1 1 1 0 1 1 0 1 1 1 1 1 1 1 1 0 1 1 1 0 1 1 0 
1 1 0 1 1 0 0 1 1 1 1 0 1 0 1 1 1 1 1 1 1 0 1 0 1 0 1 1 0 0 0 1 1 1 0 1 1 1 0 1 1 1 1 0 0 1 1 1 1 1 1 1 1 1 1 0 0 1 0 1 1 1 1 1 0 1 0 1 0 0 0 1 0 0 1 1 1 0 1 1 1 0 1 0 0 1 1 1 1 1 1 1 0 1 1 1 0 0 1 1 1 1 1 1 0 1 0 0 1 1 1 1 0 1 0 1 1 1 1 1 1 0 1 1 1 1 0 1 1 1 1 0 1 0 0 1 1 1 1 1 1 1 0 1 1 1 1 1 1 1 
0 0 0 0 0 0 0 1 1 1 1 0 0 0 0 1 0 0 1 1 0 0 0 0 0 0 1 1 0 0 0 1 0 1 0 0 1 1 0 0 1 1 0 0 0 0 1 1 1 1 0 1 0 1 1 0 0 1 0 0 0 1 0 1 0 0 0 0 0 0 0 1 0 0 1 0 1 0 1 0 1 0 0 0 0 1 0 1 1 0 1 1 1 1 1 1 0 0 1 0 1 1 1 1 0 0 0 0 1 1 1 0 0 1 0 1 0 1 0 0 1 0 0 1 1 1 0 1 1 1 1 1 0 0 0 1 0 1 0 1 1 1 0 1 0 1 1 1 1 1 
1 1 1 0 1 1 1 0 1 0 0 1 0 1 1 0 1 1 0 0 1 0 1 1 1 1 0 0 1 1 1 0 1 0 1 1 0 0 1 1 1 0 1 0 0 1 0 0 0 0 0 0 0 0 0 1 1 0 0 1 1 0 0 0 0 0 1 1 1 1 1 0 1 1 0 1 1 0 1 1 0 1 1 1 0 1 0 0 0 1 0 0 0 0 1 1 0 1 1 1 0 1 0 0 1 1 1 1 0 0 0 1 1 0 1 0 0 0 1 1 0 1 1 0 0 0 1 1 0 1 0 0 0 0 1 1 1 0 1 0 0 0 1 0 1 0 0 1 0 0 
0 0 1 0 1 0 0 0 0 0 0 0 0 0 1 0 1 1 0 0 1 0 1 1 0 1 0 0 0 1 1 0 0 0 1 1 0 0 1 1 0 0 1 1 1 1 1 0 0 0 1 0 0 0 0 0 1 0 1 1 1 0 0 0 1 0 1 1 1 1 0 1 1 1 0 0 1 0 0 0 0 1 1 0 1 1 1 0 0 1 0 0 0 0 0 1 0 1 0 1 0 1 0 0 0 1 1 0 0 0 0 1 1 0 0 0 1 0 1 1 0 0 1 0 0 0 0 0 0 0 1 0 0 1 0 1 1 0 1 0 1 0 1 0 1 0 0 0 0 0 
1 1 0 1 1 0 0 1 1 1 1 0 1 0 1 1 1 1 1 0 1 0 1 0 1 1 1 1 1 0 0 1 1 1 0 1 1 1 0 1 1 1 1 1 0 1 1 1 1 1 1 1 1 1 1 0 1 1 1 1 1 1 0 1 1 1 1 1 1 0 0 1 1 0 0 1 1 0 1 1 1 0 1 0 0 1 1 1 1 1 1 1 0 1 1 1 1 0 1 1 1 1 1 1 0 1 1 0 1 1 1 1 1 0 0 1 1 1 1 1 0 0 1 1 1 1 0 1 1 1 1 1 1 1 1 0 1 1 1 1 1 1 0 1 1 1 1 1 1 0 
0 0 1 0 1 0 0 0 1 1 0 0 1 0 1 0 1 1 0 0 1 0 1 1 0 0 0 1 0 1 1 1 0 0 1 1 1 0 1 1 1 1 1 1 1 1 1 0 0 1 1 1 0 1 1 0 1 0 1 1 1 1 0 1 1 0 1 1 1 0 0 1 1 1 0 0 1 0 1 0 0 1 1 0 1 1 1 1 1 1 0 0 1 1 1 1 1 1 0 1 1 1 0 1 0 1 0 0 0 1 0 0 1 0 0 0 1 0 1 1 0 0 1 0 1 0 0 1 0 1 1 1 0 1 1 1 0 1 0 0 1 0 0 0 1 0 0 0 0 0 
0 0 0 0 1 0 0 1 1 1 1 0 1 0 0 1 1 1 1 0 0 1 1 0 0 0 1 1 0 0 0 1 0 0 0 0 1 1 0 0 1 1 1 1 1 0 1 1 1 1 1 1 0 1 1 0 0 0 1 1 1 1 0 1 1 0 0 0 0 0 0 1 0 0 0 0 1 0 1 0 1 0 0 0 0 1 1 1 1 0 1 1 1 1 1 1 1 0 1 0 1 1 0 1 0 1 0 0 1 1 1 0 0 0 0 0 1 0 0 1 0 0 1 1 1 0 0 1 1 1 1 1 1 0 0 1 1 0 0 1 1 1 0 1 1 1 0 0 1 0 
1 1 0 1 1 1 1 0 1 0 0 1 0 1 1 0 1 1 0 0 1 0 1 0 1 1 0 0 1 0 1 0 1 1 1 1 1 1 1 1 1 0 1 0 0 1 0 0 1 0 0 1 1 0 0 1 1 0 0 1 1 0 1 0 0 0 1 1 1 1 1 0 1 0 0 1 1 1 1 1 0 1 1 1 0 1 0 0 0 1 0 1 0 0 1 1 0 1 1 1 0 1 1 0 1 1 1 1 0 0 0 1 1 0 1 0 0 1 1 1 0 1 1 0 0 0 1 1 0 1 1 1 0 1 1 1 0 0 0 0 0 0 1 0 1 0 0 1 0 0 
0 1 0 1 1 0 0 1 1 1 1 0 1 0 0 1 1 1 1 1 0 0 1 0 0 0 1 1 0 0 0 1 1 1 0 1 1 1 0 1 1 1 1 0 0 1 1 1 1 1 0 1 0 1 1 0 0 1 0 1 1 1 0 1 0 1 0 0 0 0 0 1 0 0 1 1 1 0 1 1 1 0 0 0 0 1 1 1 1 0 1 1 1 1 1 1 0 0 1 0 1 1 1 1 0 0 0 0 1 1 1 1 0 1 0 1 1 1 0 0 1 0 1 1 1 1 0 1 1 1 1 1 1 0 0 1 0 1 0 0 1 1 0 1 1 1 1 1 1 1 
0 0 0 0 1 0 0 0 0 1 1 0 1 0 0 1 1 1 1 0 0 1 0 0 0 0 1 1 0 0 0 1 0 0 0 0 1 0 0 0 1 1 1 1 1 0 1 1 0 1 1 1 0 1 1 0 0 0 1 1 1 1 0 1 1 0 0 0 0 0 0 1 1 0 0 0 1 0 1 0 1 0 0 0 0 1 1 1 1 0 1 0 1 1 1 1 1 0 0 1 1 1 0 1 0 1 0 0 1 1 0 0 1 0 0 0 1 0 0 1 0 0 1 1 1 0 0 1 1 1 1 1 1 0 1 1 1 1 0 1 0 1 0 1 1 1 0 0 0 0 
0 1 0 0 0 0 0 1 1 1 1 0 1 0 0 1 1 1 1 1 0 0 1 0 0 0 1 1 0 0 0 1 0 1 0 0 1 1 0 0 1 1 0 0 0 0 1 1 1 1 0 1 0 1 1 0 0 1 0 0 1 1 0 1 0 1 0 0 0 0 0 1 0 0 1 0 1 0 1 0 1 0 0 0 0 1 0 1 1 0 1 1 1 1 1 1 0 0 1 0 1 1 1 1 0 0 0 0 1 1 1 0 0 1 0 1 0 1 0 0 1 0 0 1 1 1 0 1 1 1 1 1 1 0 0 1 0 1 0 1 1 0 0 1 1 1 1 1 1 1 
1 0 0 0 1 1 1 0 0 0 0 1 0 1 1 0 1 0 0 0 1 0 1 0 1 1 0 0 1 0 1 0 1 0 1 1 0 0 1 1 0 0 0 0 0 1 0 0 0 0 0 0 0 0 0 1 1 0 0 0 0 0 0 0 0 0 1 1 1 1 1 0 1 1 0 1 0 0 0 1 0 1 1 1 0 0 0 0 0 1 0 0 0 0 0 0 0 1 0 0 0 0 0 0 1 0 1 1 0 0 0 1 1 0 1 0 0 0 1 0 0 1 0 0 0 0 1 0 0 0 0 0 0 1 1 0 0 0 1 0 0 0 0 0 0 0 0 0 0 0 
0 1 0 0 0 0 0 1 1 1 1 0 1 0 0 1 1 1 1 1 0 1 1 0 0 0 1 1 0 0 0 1 0 1 0 0 1 1 0 0 1 1 0 0 0 0 1 1 1 1 0 1 0 1 1 0 0 1 0 0 1 1 0 1 0 1 0 0 0 0 0 1 0 0 1 0 1 0 1 0 1 0 0 0 0 1 1 1 1 0 1 1 1 1 1 1 0 0 1 0 1 1 1 1 0 0 0 0 1 1 1 0 0 1 0 1 1 1 0 0 1 0 0 1 1 1 0 1 1 1 1 1 1 0 0 1 0 1 0 1 1 1 0 0 1 1 1 1 1 1 
1 1 0 1 1 0 0 0 1 1 0 0 0 0 1 1 1 1 0 0 1 0 1 0 1 1 0 1 1 0 1 1 1 1 1 1 1 1 1 1 1 1 1 1 1 1 1 0 1 1 1 1 1 1 1 0 1 1 1 1 1 1 1 0 1 0 1 1 1 1 0 1 1 1 0 1 1 0 1 1 0 1 1 0 0 1 1 1 1 1 1 1 0 1 1 1 0 1 1 1 1 1 1 1 0 1 1 0 0 0 1 1 1 0 1 0 1 1 1 1 0 1 1 1 1 0 0 1 0 1 1 1 0 1 1 1 1 1 1 1 1 1 0 1 0 1 0 1 0 0 
0 0 0 0 0 0 0 1 1 1 1 0 1 0 0 1 1 1 1 1 0 1 0 0 0 0 1 1 0 0 0 1 0 1 0 0 1 1 0 0 1 1 0 0 0 0 1 1 1 1 0 1 0 1 1 0 0 1 0 0 1 1 0 1 0 0 0 0 0 0 0 1 0 0 1 0 1 0 1 0 1 0 0 0 0 1 1 1 1 0 1 1 1 1 1 1 0 0 1 0 1 1 1 1 0 0 0 0 1 1 1 0 0 1 0 1 0 1 0 0 1 0 0 1 1 1 0 1 1 1 1 1 1 0 0 1 0 1 0 1 1 1 0 1 1 0 1 1 1 1 
0 1 0 1 0 0 0 1 1 0 1 0 0 0 0 1 0 0 1 1 0 0 0 0 0 0 1 0 0 0 0 0 0 1 0 0 1 1 0 0 1 1 0 0 0 0 0 1 1 0 0 1 1 0 0 0 0 1 0 0 0 0 0 0 0 1 0 0 0 0 0 0 0 0 1 0 0 0 1 0 1 0 0 0 0 0 0 0 0 0 1 1 0 0 1 0 0 0 1 0 0 0 1 0 0 0 0 0 0 0 1 0 0 1 0 1 0 1 0 0 1 0 0 1 1 1 0 1 1 1 0 1 1 0 0 1 0 0 0 1 0 1 0 1 0 1 0 1 1 1 
1 1 0 1 1 0 0 1 1 0 0 1 0 1 1 1 1 1 0 1 1 0 1 0 1 1 0 0 1 0 0 0 1 1 0 1 1 1 0 1 1 0 0 0 0 1 0 0 1 0 0 1 1 0 0 1 0 1 0 0 0 0 1 0 0 1 1 1 1 0 1 0 0 0 1 1 1 1 1 1 0 0 1 1 0 1 0 0 0 1 1 1 0 1 1 1 0 0 1 0 0 1 1 1 1 0 1 0 0 0 1 1 0 1 1 1 0 1 1 0 1 1 0 1 1 1 1 1 0 1 1 1 1 1 0 1 0 0 1 1 0 1 0 1 1 1 1 0 1 1 
0 1 0 1 0 0 0 1 1 1 1 0 0 0 0 1 1 0 1 1 0 0 0 0 0 0 1 1 0 0 0 1 0 1 0 0 1 1 0 0 1 1 0 0 0 0 0 1 1 0 0 1 1 1 1 0 0 1 0 0 0 0 0 0 0 1 0 0 0 0 0 0 0 0 1 0 0 0 1 0 1 0 0 0 0 1 0 0 0 0 1 1 0 1 1 0 0 0 1 0 0 1 1 1 0 0 0 0 1 1 1 0 0 1 0 1 0 1 0 0 1 0 0 1 1 1 0 1 1 1 1 1 1 0 0 1 0 1 0 1 0 1 0 1 0 1 1 1 0 1 
1 1 0 1 0 0 0 1 1 0 0 0 0 0 0 1 0 0 0 1 0 0 0 0 0 0 1 0 0 0 0 0 0 1 0 0 1 1 0 0 1 0 0 0 0 0 0 0 1 0 0 1 1 0 0 0 0 1 0 0 0 0 1 0 0 1 0 0 0 0 0 0 0 0 1 1 0 1 1 1 1 0 0 0 0 0 0 0 0 0 1 1 0 0 1 0 0 0 1 0 0 0 1 0 0 0 0 0 0 0 1 0 0 1 0 1 0 1 0 0 1 0 0 1 0 1 0 1 1 1 0 1 1 0 0 0 0 0 0 1 0 1 0 1 0 1 1 1 1 0 
