150 50 0.501477
1 38 89
2 63 49
3 13 29
4 12 60
5 9 88
6 11 8
7 42 21
8 37 90
9 25 41
10 15 72
11 100 80
12 68 63
13 57 55
14 76 95
15 29 53
16 9 20
17 45 49
18 30 83
19 33 26
20 33 66
21 27 30
22 73 53
23 78 70
24 63 73
25 79 94
26 56 18
27 8 73
28 60 40
29 39 4
30 5 33
31 74 43
32 91 30
33 9 10
34 75 67
35 43 33
36 46 80
37 64 83
38 87 10
39 42 72
40 63 5
41 18 98
42 76 74
43 70 40
44 32 92
45 21 56
46 27 91
47 66 67
48 88 62
49 85 34
50 8 65
51 70 91
52 95 61
53 40 20
54 99 35
55 25 55
56 78 50
57 46 23
58 15 81
59 61 26
60 84 76
61 21 12
62 99 85
63 86 71
64 78 26
65 30 71
66 64 62
67 32 43
68 72 65
69 38 100
70 80 32
71 68 54
72 62 32
73 43 2
74 74 93
75 38 43
76 29 14
77 96 27
78 44 11
79 2 43
80 59 68
81 72 97
82 11 84
83 63 42
84 42 80
85 88 12
86 35 57
87 99 10
88 18 47
89 16 86
90 16 48
91 14 82
92 22 96
93 70 82
94 74 82
95 2 12
96 3 30
97 75 13
98 74 45
99 52 47
100 52 94
101 48 32
102 22 14
103 98 38
104 87 51
105 18 55
106 65 64
107 86 8
108 31 76
109 75 16
110 69 24
111 94 50
112 56 86
113 75 6
114 40 71
115 7 27
116 27 63
117 47 91
118 35 56
119 64 63
120 27 4
121 33 47
122 6 15
123 41 88
124 5 40
125 6 26
126 66 50
127 69 64
128 84 10
129 39 93
130 93 8
131 55 90
132 66 71
133 89 50
134 26 49
135 54 81
136 37 62
137 17 84
138 18 14
139 3 99
140 75 1
141 95 64
142 85 44
143 39 90
144 76 9
145 78 78
146 14 78
147 15 17
148 71 74
149 20 73
150 46 41
0 1 0 1 1 0 0 1 1 1 0 1 1 1 1 0 1 1 0 1 0 0 1 1 1 0 1 0 0 0 0 0 0 1 0 1 1 0 1 0 1 1 0 1 1 1 1 0 0 1 1 0 0 0 1 0 0 1 0 1 0 0 0 0 1 1 1 1 1 0 1 0 0 1 1 0 0 0 0 1 1 1 0 1 0 1 0 1 1 1 1 1 1 1 0 0 0 0 1 1 0 0 0 0 1 1 0 1 0 0 0 1 0 1 0 1 1 1 1 0 1 0 1 0 0 1 1 0 1 0 1 1 0 1 1 1 1 0 1 0 0 0 1 0 1 1 0 1 1 1 
1 0 0 0 0 0 1 1 1 0 1 1 1 1 1 0 1 1 1 1 1 1 1 1 1 1 0 1 0 0 1 1 0 1 1 1 1 1 1 1 0 1 1 0 1 0 1 1 1 0 1 1 1 1 1 1 1 0 1 1 0 0 1 1 1 1 1 1 0 1 1 1 0 1 1 1 1 1 0 1 1 0 1 1 1 1 0 1 0 1 0 0 1 1 0 0 1 1 1 1 1 0 1 1 1 1 1 1 1 1 1 1 1 1 0 1 1 1 1 0 1 0 1 0 0 1 1 1 0 0 1 1 1 1 1 1 0 0 0 1 1 1 1 1 1 0 0 1 1 1 
0 0 0 1 0 1 1 0 1 1 0 0 0 0 1 1 1 0 1 1 1 0 0 0 0 1 1 1 1 1 0 0 1 0 1 0 0 0 0 0 0 0 0 0 1 0 0 0 0 1 0 0 1 0 1 0 1 0 1 0 1 0 0 0 1 0 1 0 0 0 0 1 1 0 1 1 0 1 1 0 0 0 0 0 0 1 0 1 0 1 0 0 0 0 1 1 0 0 1 0 1 1 0 0 1 0 0 0 0 0 0 0 0 1 1 1 0 1 0 1 1 1 0 1 1 0 0 0 0 0 0 0 0 1 0 1 0 1 0 0 0 0 0 0 0 1 1 0 1 1 
1 0 1 0 1 0 1 1 1 1 0 0 1 0 1 1 1 1 1 1 1 0 0 0 0 0 1 0 0 1 0 0 0 0 1 1 0 0 1 0 1 0 0 1 1 1 0 0 0 1 0 0 1 0 1 0 0 1 0 0 1 0 0 0 1 0 1 0 1 0 0 0 0 0 1 1 0 0 1 1 0 1 0 1 0 1 0 1 1 1 1 1 0 0 1 1 0 0 1 0 1 1 0 0 1 0 0 1 0 0 0 0 0 1 1 1 1 1 0 0 1 1 1 1 1 0 0 0 1 0 0 0 0 1 1 1 1 1 1 0 0 0 1 0 0 1 1 0 1 1 
1 0 0 1 0 0 0 1 1 1 0 0 0 0 1 0 0 1 0 1 0 0 0 0 0 0 1 0 0 0 0 0 0 0 0 1 0 0 1 0 1 0 0 1 1 1 0 0 0 1 0 0 0 0 1 0 0 1 0 0 0 0 0 0 1 0 0 0 1 0 0 0 0 0 0 0 0 0 1 0 0 1 0 1 0 1 0 1 1 1 1 1 0 0 0 0 0 0 0 1 0 0 0 0 1 0 0 1 0 0 0 1 0 1 0 1 1 1 0 0 1 0 1 1 0 0 0 0 1 0 1 0 0 1 1 1 1 0 1 0 0 0 1 0 0 1 0 0 1 0 
0 0 1 0 0 0 1 0 1 0 0 0 0 0 1 1 0 0 1 0 1 0 0 0 0 1 0 0 1 1 0 0 1 0 1 0 0 0 0 0 0 0 0 0 1 0 0 0 0 0 0 0 1 0 1 0 1 0 0 0 1 0 0 0 0 0 1 0 0 0 0 0 1 0 1 1 0 1 1 0 0 0 0 0 0 0 0 1 0 1 0 0 0 0 1 1 0 0 0 0 1 1 0 0 1 0 0 0 0 0 0 0 0 0 1 0 0 0 0 1 1 1 0 1 1 0 0 0 0 0 0 0 0 1 0 0 0 1 0 0 0 0 0 0 0 0 1 0 0 1 
0 1 1 1 0 1 0 0 1 0 0 1 1 0 1 1 1 0 1 1 1 1 0 0 0 1 0 1 1 1 1 1 1 0 1 0 0 1 0 1 0 0 1 0 1 0 0 0 1 0 0 0 1 0 1 1 1 0 1 0 1 0 0 1 0 1 1 0 0 1 1 1 1 0 1 1 0 1 1 1 0 0 1 0 1 1 0 1 0 1 0 0 0 0 1 1 1 1 1 0 1 1 0 0 1 1 1 0 1 1 0 0 1 0 1 1 0 1 1 1 1 1 0 1 1 1 0 1 0 0 0 0 0 1 0 1 0 1 0 1 0 1 0 1 0 0 1 0 0 1 
1 1 0 1 1 0 0 0 0 1 0 1 1 1 1 0 1 1 0 1 0 0 1 1 1 0 1 0 0 0 0 0 0 1 0 1 1 0 1 0 1 1 0 1 1 1 1 0 0 1 1 0 0 0 1 0 0 1 0 1 0 0 0 0 1 1 1 1 1 0 1 0 0 1 1 0 0 0 0 1 1 1 0 1 0 1 0 1 1 1 1 1 1 1 0 0 0 0 1 1 0 0 0 0 1 1 0 1 0 0 0 1 0 1 0 1 1 1 1 0 1 0 1 0 0 1 1 0 1 0 1 1 0 1 1 1 1 0 1 0 0 0 1 0 1 1 0 1 1 1 
1 1 1 1 1 1 1 0 0 1 0 1 1 0 1 1 1 1 1 1 1 1 0 1 0 1 1 1 1 1 1 0 1 0 1 1 0 0 1 0 0 0 1 0 1 0 1 0 0 1 0 0 1 0 1 0 1 1 1 0 1 0 0 0 1 1 1 0 0 0 1 1 1 0 1 1 0 1 1 1 0 1 1 1 0 1 0 1 1 1 1 0 0 0 1 1 0 1 1 0 1 1 0 0 1 1 0 1 0 1 0 0 0 1 1 1 0 1 1 1 1 1 1 1 1 1 1 0 0 0 0 0 0 1 1 1 1 1 0 0 0 0 0 0 0 1 1 0 1 1 
1 0 1 1 1 0 0 1 1 0 0 0 1 0 1 0 1 1 1 1 1 0 0 1 0 0 1 0 0 1 0 0 0 0 1 1 0 0 1 0 1 0 0 1 1 1 0 0 0 1 0 0 0 0 1 0 0 1 0 0 0 0 0 0 1 0 1 0 1 0 0 0 0 0 1 0 0 0 1 1 0 1 0 1 0 1 0 1 1 1 1 1 0 0 0 1 0 0 1 1 0 0 0 0 1 0 0 1 0 0 0 1 0 1 1 1 1 1 1 0 1 0 1 1 1 0 0 0 1 0 1 0 0 1 1 1 1 0 1 0 0 0 1 0 0 1 0 0 1 1 
0 1 0 0 0 0 0 0 0 0 0 1 1 1 0 0 0 0 0 0 0 1 1 1 1 0 0 0 0 0 1 0 0 1 0 0 1 0 0 0 0 1 1 0 0 0 1 1 1 0 1 1 0 1 0 1 0 0 0 1 0 1 1 0 0 1 0 1 0 0 1 0 0 1 0 0 0 0 0 1 1 0 0 0 0 0 0 0 0 0 0 0 1 1 0 0 0 1 0 1 0 0 1 1 0 1 0 0 0 0 1 1 0 0 0 0 0 0 1 0 0 0 0 0 0 1 1 0 0 0 1 1 1 0 1 0 0 0 0 0 1 1 0 0 1 0 0 1 0 0 
1 1 0 0 0 0 1 1 1 0 1 0 1 1 1 0 1 1 0 1 0 1 1 1 1 1 0 1 0 0 1 1 0 1 1 1 1 0 1 0 0 1 1 1 1 1 1 1 1 0 1 1 0 1 1 1 1 0 1 1 0 1 1 1 1 1 1 1 1 1 1 1 0 1 1 0 1 0 0 1 1 0 1 1 0 1 0 0 0 0 0 0 1 1 0 0 0 1 1 1 1 0 1 1 0 1 0 1 1 1 1 1 0 1 0 1 1 1 1 0 1 0 1 0 0 1 1 0 1 0 1 1 1 1 1 1 0 0 0 0 1 1 1 0 1 0 0 1 1 1 
1 1 0 1 0 0 1 1 1 1 1 1 0 1 1 0 1 1 1 1 1 1 1 1 1 1 0 1 0 0 1 1 0 1 1 1 1 0 1 0 0 1 1 1 1 1 1 1 1 0 1 1 1 1 1 1 1 1 1 1 0 0 1 1 1 1 1 1 1 1 1 1 0 1 1 1 1 1 0 1 1 0 1 1 0 1 0 1 0 1 0 0 1 1 0 0 1 1 1 1 1 0 1 1 1 1 0 1 1 1 1 1 0 1 0 1 1 1 1 0 1 0 1 0 0 1 1 0 1 0 1 1 1 1 1 1 1 0 0 0 1 1 1 1 1 1 0 1 1 1 
1 1 0 0 0 0 0 1 0 0 1 1 1 0 0 0 0 1 0 0 0 1 1 1 1 0 0 0 0 0 0 0 0 1 0 1 1 0 1 0 0 1 0 1 0 1 1 1 0 0 1 1 0 0 0 1 0 0 0 1 0 1 1 0 0 1 0 1 1 0 1 0 0 1 0 0 0 0 0 1 1 0 0 1 0 0 0 0 0 0 0 0 1 1 0 0 0 0 0 1 0 0 0 1 0 1 0 1 0 0 1 1 0 1 0 0 1 0 1 0 0 0 1 0 0 1 1 0 1 0 1 1 1 0 1 0 0 0 0 0 1 0 1 0 1 0 0 1 0 0 
1 1 1 1 1 1 1 1 1 1 0 1 1 0 0 1 1 1 1 1 1 1 0 1 0 1 1 1 0 1 1 0 1 1 1 1 1 0 1 0 1 0 1 1 1 1 1 0 0 1 0 0 1 0 1 1 1 1 1 0 1 0 0 0 1 1 1 1 1 0 1 1 0 0 1 1 0 1 1 1 0 1 1 1 0 1 0 1 1 1 1 1 0 0 1 1 0 1 1 1 1 1 0 0 1 1 0 1 0 1 0 1 0 1 1 1 1 1 1 1 1 1 1 1 1 1 1 0 1 0 1 1 0 1 1 1 1 1 0 0 0 0 1 0 0 1 1 1 1 1 
0 0 1 1 0 1 1 0 1 0 0 0 0 0 1 0 1 0 1 0 1 0 0 0 0 1 0 0 1 1 0 0 1 0 1 0 0 0 0 0 0 0 0 0 1 0 0 0 0 1 0 0 1 0 1 0 1 0 0 0 1 0 0 0 0 0 1 0 0 0 0 0 1 0 1 1 0 1 1 0 0 0 0 0 0 1 0 1 0 1 0 0 0 0 1 1 0 0 0 0 1 1 0 0 1 0 0 0 0 0 0 0 0 0 1 1 0 1 0 1 1 1 0 1 1 0 0 0 0 0 0 0 0 1 0 0 0 1 0 0 0 0 0 0 0 0 1 0 0 1 
1 1 1 1 0 0 1 1 1 1 0 1 1 0 1 1 0 1 1 1 1 1 1 1 0 1 1 1 1 1 1 1 0 1 1 1 1 0 1 1 0 1 1 1 1 1 1 1 1 1 1 0 1 0 1 1 1 1 1 1 1 0 1 1 1 1 1 1 0 1 1 1 1 0 1 1 0 1 1 1 0 1 1 1 0 1 0 1 1 1 1 0 1 1 0 1 1 1 1 1 1 1 0 1 1 1 0 1 1 1 1 1 0 1 1 1 1 1 1 1 1 0 1 1 1 1 1 0 1 0 1 1 1 1 1 1 1 1 0 0 0 1 1 0 1 1 1 1 1 1 
1 1 0 1 1 0 0 1 1 1 0 1 1 1 1 0 1 0 0 1 0 0 1 1 0 0 1 0 0 0 0 0 0 1 0 1 1 0 1 0 1 1 0 1 1 1 1 0 0 1 1 0 0 0 1 0 0 1 0 0 0 0 0 0 1 1 1 1 1 0 1 0 0 1 1 0 0 0 1 1 1 1 0 1 0 1 0 1 1 1 1 1 1 1 0 0 0 0 1 1 0 0 0 0 1 1 0 1 0 0 0 1 0 1 0 1 1 1 1 0 1 0 1 1 0 1 1 0 1 0 1 1 0 1 1 1 1 0 1 0 0 0 1 0 1 1 0 1 1 1 
0 1 1 1 0 1 1 0 1 1 0 0 1 0 1 1 1 0 0 1 1 1 0 0 0 1 0 1 1 1 1 0 1 0 1 0 0 0 1 1 0 0 1 0 1 0 0 0 0 1 0 0 1 0 1 0 1 0 1 0 1 0 0 1 1 1 1 0 0 1 1 1 1 0 1 1 0 1 1 1 0 0 1 0 0 1 0 1 0 1 0 0 0 0 1 1 1 1 1 0 1 1 0 0 1 1 0 0 1 1 0 0 1 1 1 1 0 1 1 1 1 1 0 1 1 1 0 0 0 0 0 0 0 1 0 1 0 1 0 1 0 0 0 1 0 0 1 0 1 1 
1 1 1 1 1 0 1 1 1 1 0 1 1 0 1 0 1 1 1 0 1 1 1 1 0 0 1 1 0 1 1 0 0 1 1 1 1 0 1 0 1 1 1 1 1 1 1 0 0 1 1 0 1 0 1 1 1 1 1 0 0 0 0 0 1 1 1 1 1 0 1 1 0 1 1 0 0 0 1 1 1 1 1 1 0 1 0 1 1 1 1 1 1 1 0 1 0 1 1 1 1 0 0 0 1 1 0 1 0 0 0 1 0 1 1 1 1 1 1 0 1 0 1 1 1 1 1 0 1 0 1 1 0 1 1 1 1 0 1 0 0 0 1 0 1 1 0 1 1 1 
0 1 1 1 0 1 1 0 1 1 0 0 1 0 1 1 1 0 1 1 0 0 0 0 0 1 1 1 1 1 1 0 1 0 1 0 0 0 1 1 0 0 1 0 1 0 0 0 0 1 0 0 1 0 1 0 1 0 1 0 1 0 0 0 1 1 1 0 0 0 1 1 1 0 1 1 0 1 1 1 0 0 1 0 0 1 0 1 0 1 0 0 0 0 1 1 0 1 1 0 1 1 0 0 1 0 0 1 1 1 0 0 0 1 1 1 0 1 1 1 1 1 0 1 1 1 0 0 0 0 0 0 0 1 0 1 0 1 0 0 0 0 0 0 0 1 1 0 1 1 
0 1 0 0 0 0 1 0 1 0 1 1 1 1 1 0 1 0 1 1 0 0 1 1 1 1 0 1 0 0 1 1 0 1 1 1 1 1 1 1 0 1 1 0 0 0 1 1 1 0 1 1 1 1 1 1 1 0 1 1 0 1 1 1 1 1 1 1 0 1 1 1 0 1 1 0 1 0 0 1 1 0 1 1 1 1 0 0 0 0 0 0 1 1 0 0 1 1 1 1 1 0 1 1 0 1 1 1 1 1 1 1 1 1 0 1 1 1 1 0 1 0 1 0 0 1 1 1 0 1 1 1 1 1 1 1 0 0 0 0 1 1 0 1 1 0 0 1 0 1 
1 1 0 0 0 0 0 1 0 0 1 1 1 1 0 0 1 1 0 1 0 1 0 1 1 0 0 1 0 0 1 1 0 1 0 1 1 0 1 0 0 1 1 0 0 0 1 1 1 0 1 1 0 1 0 1 0 0 1 1 0 1 1 1 1 1 0 1 1 1 1 1 0 1 1 0 1 0 0 1 1 0 1 1 0 1 0 0 0 0 0 0 1 1 0 0 0 1 1 1 1 0 1 1 0 1 0 1 0 1 1 1 0 1 0 0 1 1 1 0 0 0 1 0 0 1 1 0 1 0 1 1 1 0 1 1 0 0 0 0 1 1 1 0 1 0 0 1 0 1 
1 1 0 0 0 0 0 1 1 1 1 1 1 1 1 0 1 1 0 1 0 1 1 0 1 0 0 1 0 0 1 0 0 1 1 1 1 0 1 0 0 1 1 1 1 1 1 1 1 0 1 1 0 0 1 1 0 1 1 1 0 1 1 1 1 1 1 1 1 1 1 1 0 1 1 0 0 0 0 1 1 0 1 1 0 1 0 0 1 0 1 1 1 1 0 0 0 1 1 1 1 0 1 1 1 1 0 1 0 1 1 1 0 1 0 1 1 1 1 0 1 0 1 0 0 1 1 0 1 0 1 1 1 1 1 1 1 0 0 0 1 1 1 0 1 1 0 1 1 1 
1 1 0 0 0 0 0 1 0 0 1 1 1 1 0 0 0 0 0 0 0 1 1 1 0 0 0 0 0 0 0 0 0 1 0 1 1 0 1 0 0 1 0 1 0 0 1 1 0 0 1 1 0 0 0 1 0 0 0 1 0 1 1 0 0 1 0 1 1 0 1 0 0 1 0 0 0 0 0 1 1 0 0 1 0 0 0 0 0 0 0 0 1 1 0 0 0 1 0 1 0 0 0 1 0 1 0 0 0 0 1 1 0 1 0 0 1 0 1 0 0 0 1 0 0 1 1 0 1 0 1 1 1 0 1 0 0 0 0 0 1 0 1 0 1 0 0 1 0 0 
0 1 1 0 0 1 1 0 1 0 0 1 1 0 1 1 1 0 1 0 1 1 0 0 0 0 0 1 1 0 1 1 1 0 1 0 0 1 0 1 0 0 1 0 0 0 0 0 1 0 0 0 1 1 1 1 1 0 1 0 1 0 0 1 0 1 1 1 0 1 1 1 1 0 1 1 1 1 0 0 0 0 1 0 1 1 1 1 0 1 0 0 0 0 0 0 1 1 1 0 1 1 1 1 0 1 1 0 1 1 1 0 1 0 1 0 0 1 1 1 1 0 0 0 0 1 1 1 0 1 0 0 1 1 0 1 0 1 0 1 0 1 0 1 0 0 1 0 0 1 
1 0 1 1 1 0 0 1 1 1 0 0 0 0 1 0 1 1 0 1 1 0 0 0 0 0 0 0 0 1 0 0 0 0 0 1 0 0 1 0 1 0 0 1 1 1 0 0 0 1 0 0 0 0 1 0 0 1 0 0 0 0 0 0 1 0 1 0 1 0 0 0 0 0 1 0 0 0 1 0 0 1 0 1 0 1 0 1 1 1 1 1 0 0 0 1 0 0 0 1 0 0 0 0 1 0 0 1 0 0 0 1 0 1 1 1 1 1 0 0 1 0 1 1 1 0 0 0 1 0 1 0 0 1 1 1 1 0 1 0 0 0 1 0 0 1 0 0 1 1 
0 1 1 0 0 0 1 0 1 0 0 1 1 0 1 0 1 0 1 1 1 1 1 1 0 1 0 0 1 0 1 1 0 1 1 1 1 1 1 1 0 1 1 0 1 0 1 1 1 0 0 1 1 1 1 1 1 0 1 1 1 0 1 1 1 1 1 1 0 1 1 1 1 0 1 1 1 1 0 1 0 0 1 1 1 1 1 1 0 1 0 0 1 1 0 0 1 1 1 0 1 1 1 1 1 1 1 1 1 1 1 1 1 1 0 1 0 1 1 1 1 0 0 0 0 1 1 1 0 1 0 1 1 1 1 1 0 1 0 1 1 1 0 1 1 0 0 1 0 1 
0 0 1 0 0 1 1 0 1 0 0 0 0 0 0 1 1 0 1 0 1 0 0 0 0 1 0 1 0 1 0 0 1 0 1 0 0 1 0 1 0 0 1 0 0 0 0 0 0 0 0 0 1 0 0 0 1 0 1 0 1 0 0 1 0 0 1 0 0 1 0 1 1 0 1 1 0 1 0 0 0 0 1 0 1 0 0 1 0 1 0 0 0 0 1 1 1 0 1 0 1 1 0 0 0 0 1 0 1 1 0 0 1 0 1 0 0 0 0 1 1 1 0 1 1 0 0 1 0 0 0 0 0 1 0 0 0 1 0 1 0 0 0 1 0 0 1 0 0 1 
0 0 1 1 0 1 1 0 1 1 0 0 0 0 1 1 1 0 1 1 1 0 0 0 0 0 1 0 1 0 0 0 1 0 1 0 0 0 0 0 0 0 0 0 1 0 0 0 0 1 0 0 1 0 1 0 1 1 0 0 1 0 0 0 1 0 1 0 0 0 0 0 1 0 1 1 0 1 1 0 0 0 0 0 0 1 0 1 0 1 1 0 0 0 1 1 0 0 1 0 1 1 0 0 1 0 0 0 0 0 0 0 0 0 1 1 0 1 0 1 1 1 0 1 1 0 0 0 0 0 0 0 0 1 0 1 0 1 0 0 0 0 0 0 0 1 1 0 1 1 
0 1 0 0 0 0 1 0 1 0 1 1 1 0 1 0 1 0 1 1 1 1 1 1 0 1 0 1 0 0 0 1 0 1 1 1 1 1 1 1 0 1 1 0 0 0 1 1 1 0 1 1 1 1 0 1 1 0 1 1 0 1 1 1 0 1 1 1 0 1 1 1 0 1 1 0 1 1 0 1 0 0 1 1 1 1 1 0 0 0 0 0 1 1 0 0 1 1 1 0 1 0 1 1 0 1 1 0 1 1 1 1 1 1 0 0 0 1 1 0 1 0 0 0 0 1 1 1 0 1 0 1 1 1 1 1 0 0 0 1 1 1 0 1 1 0 0 1 0 1 
0 1 0 0 0 0 1 0 0 0 0 1 1 0 0 0 1 0 0 0 0 1 1 0 0 1 0 1 0 0 1 0 0 1 1 0 0 1 0 1 0 1 1 0 0 0 1 1 1 0 0 1 0 1 0 1 1 0 1 1 0 0 1 1 0 1 0 1 0 1 1 1 0 0 0 0 1 0 0 1 0 0 1 0 1 0 1 0 0 0 0 0 0 0 0 0 1 1 1 0 1 0 1 1 0 1 1 0 1 1 1 0 1 0 0 0 0 0 1 0 0 0 0 0 0 1 1 1 0 1 0 1 1 0 0 0 0 0 0 1 1 1 0 1 1 0 0 1 0 1 
0 0 1 0 0 1 1 0 1 0 0 0 0 0 1 1 0 0 1 0 1 0 0 0 0 1 0 0 1 1 0 0 0 0 1 0 0 0 0 0 0 0 0 0 1 0 0 0 0 0 0 0 1 0 1 0 1 0 0 0 1 0 0 0 0 0 1 0 0 0 0 0 1 0 1 1 0 1 1 0 0 0 0 0 0 0 0 1 0 1 0 0 0 0 1 1 0 0 0 0 1 1 0 0 1 0 0 0 0 0 0 0 0 0 1 0 0 0 0 1 1 1 0 1 1 0 0 0 0 0 0 0 0 1 0 0 0 1 0 0 0 0 0 0 0 0 1 0 0 1 
1 1 0 0 0 0 0 1 0 0 1 1 1 1 1 0 1 1 0 1 0 1 1 1 1 0 0 1 0 0 1 1 0 0 1 1 1 0 1 0 0 1 1 1 0 0 1 1 1 0 1 1 0 1 0 1 0 0 1 1 0 1 1 1 1 1 1 1 1 1 1 1 0 1 1 0 1 0 0 1 1 0 1 1 0 1 0 0 0 0 0 0 1 1 0 0 0 1 1 1 1 0 1 1 0 1 0 1 0 1 1 1 0 1 0 1 1 1 1 0 1 0 1 0 0 1 1 0 1 0 1 1 1 0 1 1 0 0 0 0 1 1 1 0 1 0 0 1 0 1 
0 1 1 1 0 1 1 0 1 1 0 1 1 0 1 1 1 0 1 1 1 1 0 1 0 1 0 1 1 1 1 1 1 1 0 1 0 1 1 1 0 0 1 0 1 0 1 0 1 1 0 0 1 0 1 1 1 0 1 0 1 0 0 1 1 1 1 1 0 1 1 1 1 0 1 1 0 1 1 1 0 0 1 1 1 1 0 1 0 1 0 0 0 0 1 1 1 1 1 0 1 1 0 1 1 1 1 1 1 1 0 0 1 1 1 1 0 1 1 1 1 1 0 1 1 1 1 1 0 0 0 1 1 1 1 1 0 1 0 1 0 1 0 1 0 0 1 1 1 1 
1 1 0 1 1 0 0 1 1 1 0 1 1 1 1 0 1 1 0 1 0 1 1 1 1 0 1 1 0 0 1 0 0 1 1 0 1 0 1 0 1 1 1 1 1 1 1 1 0 1 1 0 0 0 1 1 0 1 0 1 0 0 1 0 1 1 1 1 1 0 1 0 0 1 1 0 0 0 0 1 1 1 1 1 0 1 0 1 1 1 1 1 1 1 0 0 0 1 1 1 1 0 0 0 1 1 0 1 0 0 0 1 0 1 0 1 1 1 1 0 1 0 1 0 0 1 1 0 1 0 1 1 0 1 1 1 1 0 1 0 0 0 1 0 1 1 0 1 1 1 
1 1 0 0 0 0 0 1 0 0 1 1 1 1 1 0 1 1 0 1 0 1 1 1 1 0 0 1 0 0 1 0 0 1 0 1 0 0 1 0 1 1 1 1 0 1 1 1 0 0 1 1 0 0 1 1 0 1 0 1 0 1 1 0 1 1 0 1 1 0 1 0 0 1 1 0 0 0 0 1 1 0 1 1 0 1 0 0 1 0 0 1 1 1 0 0 0 1 1 1 0 0 0 1 0 1 0 1 0 0 1 1 0 1 0 1 1 1 1 0 1 0 1 0 0 1 1 0 1 0 1 1 1 0 1 1 1 0 0 0 1 1 1 0 1 0 0 1 1 1 
0 1 0 0 0 0 1 0 0 0 0 0 0 0 0 0 0 0 0 0 0 1 0 0 0 1 0 1 1 0 1 1 0 0 1 0 0 0 0 1 0 0 1 0 0 0 0 0 1 0 0 0 1 1 0 1 1 0 1 0 0 0 0 1 0 0 0 0 0 1 1 1 1 0 0 0 1 1 0 0 0 0 1 0 1 0 1 0 0 0 0 0 0 0 0 0 1 1 0 0 1 0 1 1 0 0 1 0 1 1 1 0 1 0 0 0 0 0 0 0 0 0 0 0 0 1 0 1 0 1 0 0 1 0 0 0 0 0 0 1 0 1 0 1 0 0 0 0 0 0 
1 1 0 1 1 0 0 1 1 1 0 1 1 1 1 0 1 1 1 1 1 1 1 1 1 0 1 1 0 0 1 0 0 1 1 1 1 0 0 0 1 1 1 1 1 1 1 1 0 1 1 0 0 0 1 1 1 1 1 1 0 0 1 0 1 1 1 1 1 0 1 1 0 1 1 0 0 0 1 1 1 1 1 1 0 1 0 1 1 1 1 1 1 1 0 0 0 1 1 1 1 0 0 1 1 1 0 1 0 0 0 1 0 1 0 1 1 1 1 0 1 0 1 1 0 1 1 0 1 0 1 1 0 1 1 1 1 0 1 0 0 0 1 0 1 1 0 1 1 1 
0 1 0 0 0 0 1 0 0 0 0 0 0 0 0 0 1 0 1 0 1 1 0 0 0 1 0 1 1 0 1 1 0 0 1 0 0 1 0 0 0 0 1 0 0 0 0 0 1 0 0 0 1 1 0 1 1 0 1 0 1 0 0 1 0 0 1 0 0 1 1 1 1 0 1 1 1 1 0 0 0 0 1 0 1 0 1 0 0 0 0 0 0 0 0 0 1 1 1 0 1 1 1 0 0 0 1 0 1 1 0 0 1 0 0 0 0 0 0 1 0 0 0 0 0 1 0 1 0 1 0 0 0 0 0 0 0 1 0 1 0 1 0 1 0 0 1 0 0 1 
1 0 0 1 1 0 0 1 0 1 0 0 0 0 1 0 0 1 0 1 0 0 0 0 0 0 1 0 0 0 0 0 0 0 0 1 1 0 1 0 0 0 0 1 1 1 0 0 0 1 0 0 0 0 1 0 0 1 0 0 0 0 0 0 1 0 0 0 1 0 0 0 0 0 0 0 0 0 0 0 0 1 0 1 0 1 0 0 1 0 1 1 0 0 0 0 0 0 0 1 0 0 0 0 1 0 0 1 0 0 0 1 0 1 0 1 1 1 0 0 0 0 1 0 0 0 0 0 1 0 1 0 0 1 1 1 1 0 1 0 0 0 1 0 0 1 0 0 1 0 
1 1 0 0 0 0 0 1 0 0 1 1 1 1 0 0 1 1 0 1 0 1 1 1 1 0 0 1 0 0 1 1 0 1 0 1 1 0 1 0 0 0 1 1 0 0 1 1 1 0 1 1 0 1 0 1 0 0 0 1 0 1 1 1 1 1 0 1 1 1 1 1 0 1 1 0 0 0 0 1 1 0 1 1 0 1 0 0 0 0 0 0 1 1 0 0 0 1 1 1 0 0 1 1 0 1 0 1 0 0 1 1 0 1 0 0 1 1 1 0 0 0 1 0 0 1 1 0 1 0 1 1 1 0 1 1 0 0 0 0 1 1 1 0 1 0 0 1 0 1 
0 1 0 0 0 0 1 0 1 0 1 1 1 0 1 0 1 0 1 1 1 1 1 1 0 1 0 1 1 0 1 1 0 1 1 1 1 1 1 1 0 1 0 0 0 0 1 1 1 0 0 1 1 1 1 1 1 0 1 1 0 0 1 1 0 1 1 1 0 1 1 1 1 0 1 1 1 1 0 1 0 0 1 1 1 1 1 0 0 0 0 0 1 1 0 0 1 1 1 0 1 0 1 1 0 1 1 0 1 1 1 1 1 1 0 1 0 1 1 0 1 0 0 0 0 1 1 1 0 1 0 1 1 1 1 1 0 0 0 1 1 1 0 1 1 0 0 1 0 1 
1 0 0 1 1 0 0 1 0 1 0 1 1 1 1 0 1 1 0 1 0 0 0 1 1 0 1 0 0 0 0 0 0 1 0 1 1 0 1 0 1 1 0 0 1 1 1 0 0 1 1 0 0 0 1 0 0 1 0 0 0 0 0 0 1 1 1 1 1 0 0 0 0 1 1 0 0 0 0 1 1 1 0 1 0 1 0 1 1 1 1 1 1 1 0 0 0 0 1 1 0 0 0 0 1 1 0 1 0 0 0 1 0 1 0 1 1 1 1 0 1 0 1 0 0 0 1 0 1 0 1 1 0 1 1 1 1 0 1 0 0 0 1 0 1 1 0 1 1 0 
1 1 1 1 1 1 1 1 1 1 0 1 1 0 1 1 1 1 1 1 1 0 0 1 0 0 1 1 0 1 0 0 1 0 1 1 0 0 1 0 1 0 0 1 0 1 1 0 0 1 0 0 1 0 1 0 1 1 1 0 1 0 0 0 1 1 1 0 1 0 1 1 0 0 1 1 0 0 1 1 0 1 1 1 0 1 0 1 1 1 1 1 0 0 1 1 0 0 1 1 1 1 0 0 1 1 0 1 0 0 0 1 0 1 1 1 1 1 1 0 1 1 1 1 1 1 1 0 1 0 1 1 0 1 1 1 1 1 1 0 0 0 1 0 0 1 1 0 1 1 
1 0 0 1 1 0 0 1 0 1 0 1 1 1 1 0 1 1 0 1 0 0 0 1 0 0 1 0 0 0 0 0 0 0 0 1 1 0 1 0 1 0 0 1 1 0 1 0 0 1 1 0 0 0 1 0 0 1 0 0 0 0 0 0 1 1 1 0 1 0 0 0 0 1 1 0 0 0 0 1 1 1 0 1 0 1 0 1 1 1 1 1 1 1 0 0 0 0 0 1 0 0 0 0 1 1 0 1 0 0 0 1 0 1 0 1 1 1 1 0 1 0 1 0 0 0 1 0 1 0 1 1 0 1 1 1 1 0 1 0 0 0 1 0 0 1 0 1 1 0 
1 1 0 0 0 0 0 1 1 0 1 1 1 1 1 0 1 1 0 1 0 1 1 1 1 0 0 1 0 0 1 1 0 1 1 1 1 0 1 0 0 1 1 1 1 1 0 1 1 0 1 1 0 1 1 1 1 0 1 1 0 1 1 1 1 1 1 1 1 1 1 1 0 1 1 0 1 0 0 1 1 0 1 1 0 1 0 0 0 0 0 0 1 1 0 0 0 1 1 1 1 0 1 1 1 1 0 1 0 1 1 1 0 1 0 1 1 1 1 0 1 0 1 0 0 1 1 0 1 0 1 1 1 1 1 1 0 0 0 0 1 1 1 0 1 0 0 1 1 1 
0 1 0 0 0 0 0 0 0 0 1 1 1 1 0 0 1 0 0 0 0 1 1 1 1 0 0 1 0 0 1 1 0 1 0 1 1 0 1 0 0 1 1 0 0 0 1 0 1 0 1 1 0 1 0 1 0 0 1 1 0 1 1 1 0 1 0 1 0 1 1 1 0 1 0 0 1 0 0 1 1 0 1 1 1 0 0 0 0 0 0 0 1 1 0 0 0 1 1 1 1 0 1 1 0 1 0 0 1 1 1 1 0 1 0 0 0 0 1 0 0 0 0 0 0 1 1 0 0 0 1 1 1 0 1 0 0 0 0 0 1 1 0 0 1 0 0 1 0 1 
0 1 0 0 0 0 1 0 0 0 1 1 1 0 0 0 1 0 0 0 0 1 1 1 0 1 0 1 0 0 1 1 0 1 1 0 0 1 0 1 0 1 1 0 0 0 1 1 0 0 0 1 1 1 0 1 1 0 1 1 0 0 1 1 0 1 0 1 0 1 1 1 0 0 1 0 1 1 0 1 0 0 1 0 1 0 1 0 0 0 0 0 0 1 0 0 1 1 1 0 1 0 1 1 0 1 1 0 1 1 1 0 1 0 0 0 0 0 1 0 0 0 0 0 0 1 1 1 0 1 0 1 1 0 0 0 0 0 0 1 1 1 0 1 1 0 0 1 0 1 
1 0 1 1 1 0 0 1 1 1 0 0 0 0 1 1 1 1 1 1 1 0 0 0 0 0 1 0 0 1 0 0 0 0 1 1 0 0 1 0 1 0 0 1 1 1 0 0 0 0 0 0 0 0 1 0 0 1 0 0 0 0 0 0 1 0 1 0 1 0 0 0 0 0 1 0 0 0 1 0 0 1 0 1 0 1 0 1 1 1 1 1 0 0 0 1 0 0 1 0 0 0 0 0 1 0 0 1 0 0 0 0 0 1 1 1 1 1 0 0 1 0 1 1 1 0 0 0 1 0 0 0 0 1 1 1 1 0 1 0 0 0 1 0 0 1 1 0 1 1 
1 1 0 0 0 0 0 1 0 0 1 1 1 1 0 0 1 1 0 1 0 1 1 1 1 0 0 0 0 0 1 0 0 1 0 1 1 0 1 0 0 1 0 1 0 1 1 1 0 0 0 1 0 0 0 1 0 0 0 1 0 1 1 0 1 1 0 1 1 0 1 0 0 1 0 0 0 0 0 1 1 0 1 1 0 1 0 0 0 0 0 1 1 1 0 0 0 1 1 1 0 0 0 1 0 1 0 1 0 0 1 1 0 1 0 0 1 1 1 0 0 0 1 0 0 1 1 0 1 0 1 1 1 0 1 1 0 0 0 0 1 1 1 0 1 0 0 1 0 0 
0 1 0 0 0 0 0 0 0 0 1 1 1 1 0 0 0 0 0 0 0 1 1 1 1 0 0 1 0 0 1 1 0 1 0 0 1 0 0 0 0 1 1 0 0 0 1 1 1 0 1 0 0 1 0 1 0 0 1 1 0 1 1 1 0 1 0 1 0 1 1 1 0 1 0 0 1 0 0 1 1 0 1 0 1 0 0 0 0 0 0 0 1 1 0 0 0 1 1 0 0 0 1 1 0 1 0 0 1 1 1 1 0 0 0 0 0 0 1 0 0 0 0 0 0 1 1 0 0 0 1 1 1 0 1 0 0 0 0 0 1 1 0 0 1 0 0 1 0 0 
0 1 1 1 0 1 1 0 1 0 0 0 1 0 1 1 1 0 1 1 1 1 0 0 0 1 0 1 1 1 1 0 1 0 1 0 0 1 0 1 0 0 1 0 1 0 0 0 1 0 0 0 0 0 1 1 1 0 1 0 1 0 0 1 0 1 1 0 0 1 1 1 1 0 1 1 0 1 1 0 0 0 1 0 1 1 0 1 0 1 0 0 0 0 1 1 1 1 1 0 1 1 0 0 1 0 1 0 1 1 0 0 1 0 1 1 0 1 1 1 1 1 0 1 1 1 0 1 0 0 0 0 0 1 0 1 0 1 0 1 0 0 0 1 0 0 1 0 0 1 
0 1 0 0 0 0 0 0 0 0 1 1 1 0 0 0 0 0 0 0 0 1 1 0 0 1 0 1 0 0 1 1 0 1 0 0 0 1 0 1 0 1 1 0 0 0 1 1 1 0 0 1 0 0 0 1 0 0 1 1 0 1 1 1 0 1 0 1 0 1 1 1 0 0 0 0 1 0 0 0 0 0 1 0 1 0 1 0 0 0 0 0 0 0 0 0 1 1 1 0 0 0 1 1 0 1 1 0 1 1 1 0 1 0 0 0 0 0 1 0 0 0 0 0 0 1 1 1 0 1 0 1 1 0 0 0 0 0 0 1 1 1 0 1 1 0 0 1 0 0 
1 1 1 1 1 1 1 1 1 1 0 1 1 0 1 1 1 1 1 1 1 1 0 1 0 1 1 1 0 1 0 0 1 0 1 1 1 0 1 0 1 0 1 1 1 1 1 0 0 1 0 0 1 0 0 0 1 1 1 0 1 0 0 0 1 1 1 1 1 0 1 1 0 0 1 1 0 1 1 1 0 1 1 1 0 1 0 1 1 1 1 1 0 0 1 1 0 0 1 1 1 1 0 0 1 1 0 1 0 0 0 1 0 1 1 1 1 1 1 0 1 1 1 1 1 1 1 0 1 0 1 1 0 1 1 1 1 1 1 0 0 0 1 0 0 1 1 1 1 1 
0 1 0 0 0 0 1 0 0 0 1 1 1 1 1 0 1 0 0 1 0 1 1 1 1 1 0 1 0 0 1 1 0 1 1 1 1 1 1 1 0 1 1 0 0 0 1 1 1 0 1 1 1 1 0 0 1 0 1 1 0 1 1 1 0 1 1 1 0 1 1 1 0 1 1 0 1 0 0 1 1 0 1 1 1 1 1 0 0 0 0 0 1 1 0 0 1 1 1 0 1 0 1 1 0 1 1 0 1 1 1 1 1 1 0 0 0 1 1 0 1 0 0 0 0 1 1 1 0 1 1 1 1 0 1 1 0 0 0 1 1 1 0 1 1 0 0 1 0 1 
0 1 1 0 0 1 1 0 1 0 0 1 1 0 1 1 1 0 1 1 1 1 0 0 0 1 0 1 1 1 1 1 1 0 1 0 0 1 1 1 0 0 1 0 1 0 1 0 1 0 0 0 1 0 1 1 0 0 1 0 1 0 0 1 0 1 1 1 0 1 1 1 1 0 1 1 0 1 1 1 0 0 1 0 1 1 0 1 0 1 0 0 0 0 1 1 1 1 1 0 1 1 0 1 1 1 1 0 1 1 0 0 1 1 1 1 0 1 1 1 1 1 0 1 1 1 1 1 0 1 0 0 0 1 0 1 0 1 0 1 0 1 0 1 0 0 1 0 0 1 
1 0 0 1 1 0 0 1 1 1 0 0 1 0 1 0 1 1 0 1 0 0 0 1 0 0 1 0 0 1 0 0 0 0 0 1 1 0 1 0 1 0 0 1 1 1 0 0 0 1 0 0 0 0 1 0 0 0 0 0 0 0 0 0 1 0 1 0 1 0 0 0 0 0 1 0 0 0 1 1 0 1 0 1 0 1 0 1 1 1 1 1 0 0 0 0 0 0 0 1 0 0 0 0 1 0 0 1 0 0 0 1 0 1 0 1 1 1 0 0 1 0 1 1 0 0 0 0 1 0 1 0 0 1 1 1 1 0 1 0 0 0 1 0 0 1 0 0 1 0 
0 1 1 0 0 0 1 0 1 0 0 1 1 0 1 0 1 0 1 1 1 1 1 1 0 1 0 1 1 0 1 1 0 1 1 0 0 1 1 1 0 0 1 0 1 0 1 1 1 0 0 1 1 1 1 1 1 0 0 0 1 0 0 1 0 1 1 1 0 1 1 1 1 0 1 1 1 1 0 1 0 0 1 0 1 1 1 1 0 0 0 0 0 0 0 0 1 1 1 0 1 1 1 1 0 1 1 0 1 1 1 0 1 1 0 0 0 1 1 1 1 0 0 0 0 1 1 1 0 1 0 1 1 1 0 1 0 1 0 1 0 1 0 1 0 0 1 1 0 1 
1 1 0 0 0 0 0 1 0 0 1 1 1 1 0 0 1 0 0 0 0 1 1 1 1 0 0 1 0 0 1 1 0 1 0 1 1 0 1 0 0 1 1 0 0 0 1 1 1 0 1 1 0 1 0 1 0 0 0 0 0 1 1 0 0 1 0 1 0 1 1 1 0 1 0 0 0 0 0 1 1 0 1 1 0 0 0 0 0 0 0 0 1 1 0 0 0 1 1 1 0 0 1 1 0 1 0 0 0 0 1 1 0 1 0 0 1 0 1 0 0 0 1 0 0 1 1 0 1 0 1 1 1 0 1 1 0 0 0 0 1 1 1 0 1 0 0 1 0 0 
0 0 1 1 0 1 1 0 1 0 0 0 0 0 1 1 1 0 1 0 1 0 0 0 0 1 0 1 1 1 0 0 1 0 1 0 0 0 0 1 0 0 0 0 1 0 0 0 0 0 0 0 1 0 1 0 1 0 1 0 0 0 0 0 0 0 1 0 0 0 0 1 1 0 1 1 0 1 1 0 0 0 0 0 0 1 0 1 0 1 0 0 0 0 1 1 0 0 1 0 1 1 0 0 1 0 0 0 0 1 0 0 0 0 1 0 0 1 0 1 1 1 0 1 1 0 0 0 0 0 0 0 0 1 0 0 0 1 0 0 0 0 0 0 0 0 1 0 0 1 
0 0 0 0 0 0 0 0 0 0 1 1 0 1 0 0 0 0 0 0 0 1 1 1 1 0 0 0 0 0 1 0 0 1 0 0 1 0 0 0 0 1 0 0 0 0 1 1 0 0 1 1 0 1 0 1 0 0 0 1 0 0 1 0 0 1 0 1 0 0 1 0 0 1 0 0 0 0 0 1 1 0 0 0 0 0 0 0 0 0 0 0 1 1 0 0 0 1 0 1 0 0 1 1 0 1 0 0 0 0 1 1 0 0 0 0 0 0 1 0 0 0 0 0 0 1 1 0 0 0 1 1 1 0 1 0 0 0 0 0 1 1 0 0 1 0 0 1 0 0 
0 1 0 0 0 0 0 0 0 0 1 1 1 1 0 0 1 0 0 0 0 1 1 1 1 0 0 1 0 0 1 1 0 1 0 1 1 0 1 0 0 1 1 0 0 0 1 1 1 0 1 1 0 1 0 1 0 0 0 1 0 1 0 1 0 1 0 1 0 1 1 1 0 1 0 0 1 0 0 1 1 0 1 1 0 0 0 0 0 0 0 0 1 1 0 0 0 1 1 1 0 0 1 1 0 1 0 0 0 1 1 1 0 1 0 0 1 0 1 0 0 0 1 0 0 1 1 0 0 0 1 1 1 0 1 1 0 0 0 0 1 1 0 0 1 0 0 1 0 1 
0 1 0 0 0 0 1 0 0 0 0 1 1 0 0 0 1 0 1 0 0 1 1 1 0 1 0 1 1 0 1 1 0 1 1 0 0 1 0 1 0 1 1 0 0 0 1 1 1 0 0 1 1 1 0 1 1 0 1 0 0 0 1 0 0 1 1 1 0 1 1 1 1 0 1 0 1 1 0 1 0 0 1 0 1 0 1 0 0 0 0 0 0 0 0 0 1 1 1 0 1 0 1 1 0 1 1 0 1 1 1 0 1 0 0 0 0 0 1 0 1 0 0 0 0 1 1 1 0 1 0 1 1 0 0 0 0 0 0 1 1 1 0 1 0 0 0 1 0 1 
1 1 1 1 1 0 0 1 1 1 0 1 1 0 1 0 1 1 1 1 1 1 1 1 0 0 1 1 0 1 0 0 0 1 1 1 1 0 1 0 1 1 0 1 1 1 1 0 0 1 1 0 0 0 1 0 0 1 0 0 0 0 0 0 0 1 1 1 1 0 1 0 0 1 1 0 0 0 1 1 1 1 1 1 0 1 0 1 1 1 1 1 1 1 0 1 0 0 1 1 1 0 0 0 1 1 0 1 0 0 0 1 0 1 1 1 1 1 1 0 1 0 1 1 0 1 1 0 1 0 1 1 0 1 1 1 1 0 1 0 0 0 1 0 1 1 0 1 1 1 
1 1 0 0 0 0 1 1 1 0 1 1 1 1 1 0 1 1 1 1 1 1 1 1 1 1 0 1 0 0 1 1 0 1 1 1 1 0 1 0 0 1 1 1 1 1 1 1 1 0 1 1 1 1 1 1 1 0 1 1 0 1 1 1 1 0 1 1 1 1 1 1 0 1 1 0 1 0 0 1 1 0 1 1 0 1 0 1 0 1 0 0 1 1 0 0 0 1 1 1 1 0 1 1 1 1 0 1 1 1 1 1 0 1 0 1 1 1 1 0 1 0 1 0 0 1 1 0 1 0 1 1 1 1 1 1 0 0 0 0 1 1 1 0 1 0 0 1 1 1 
1 1 1 1 0 1 1 1 1 1 0 1 1 0 1 1 1 1 1 1 1 1 0 1 0 1 1 1 1 1 1 0 1 1 1 1 0 0 1 1 0 0 1 1 1 1 1 0 0 1 0 0 1 0 1 1 1 1 1 0 1 0 0 1 1 1 0 1 0 1 1 1 1 0 1 1 0 1 1 1 0 1 1 1 0 1 0 1 1 1 1 0 0 0 1 1 0 1 1 0 1 1 0 0 1 1 0 1 0 1 0 1 0 1 1 1 0 1 1 1 1 1 1 1 1 1 1 0 0 0 0 1 0 1 1 1 1 1 0 0 0 0 1 0 0 1 1 1 1 1 
1 1 0 0 0 0 0 1 0 0 1 1 1 1 1 0 1 1 0 1 0 1 1 1 1 1 0 1 0 0 1 1 0 1 1 1 1 0 1 0 0 1 1 1 0 0 1 1 1 0 1 1 0 1 1 1 1 0 1 1 0 1 1 1 1 1 1 0 1 1 1 1 0 1 1 0 1 0 0 1 1 0 1 1 0 1 0 0 0 0 0 0 1 1 0 0 0 1 1 1 1 0 1 1 0 1 0 1 1 1 1 1 0 1 0 1 1 1 1 0 1 0 1 0 0 1 1 0 1 0 1 1 1 1 1 1 0 0 0 0 1 1 1 0 1 0 0 1 0 1 
1 0 0 1 1 0 0 1 0 1 0 1 1 1 1 0 0 1 0 1 0 0 1 1 1 0 1 0 0 0 0 0 0 1 0 1 1 0 1 0 1 1 0 1 1 1 1 0 0 1 1 0 0 0 1 0 0 1 0 0 0 0 0 0 1 1 0 1 0 0 0 0 0 1 0 0 0 0 0 1 1 1 0 1 0 1 0 0 1 0 1 1 1 1 0 0 0 0 0 1 0 0 0 0 1 1 0 1 0 0 0 1 0 1 0 1 1 1 1 0 0 0 1 0 0 0 1 0 1 0 1 1 0 0 1 1 1 0 1 0 0 0 1 0 1 1 0 1 1 0 
0 1 0 0 0 0 1 0 0 0 0 1 1 0 0 0 1 0 1 0 0 1 1 1 0 1 0 1 1 0 1 1 0 1 1 0 0 1 0 1 0 1 1 0 0 0 1 1 1 0 0 1 1 1 0 1 1 0 1 1 0 0 1 1 0 1 1 1 0 0 1 1 1 0 1 0 1 1 0 1 0 0 1 0 1 0 1 0 0 0 0 0 0 0 0 0 1 1 1 0 1 0 1 1 0 1 1 0 1 1 1 0 1 0 0 0 0 0 1 0 1 0 0 0 0 1 1 1 0 1 0 1 1 0 0 0 0 0 0 1 1 1 0 1 1 0 0 1 0 1 
1 1 0 0 0 0 1 1 1 0 1 1 1 1 1 0 1 1 1 1 1 1 1 1 1 1 0 1 0 0 1 1 0 1 1 1 1 1 1 1 0 1 1 0 1 0 1 1 1 0 1 1 1 1 1 1 1 0 1 1 0 1 1 1 1 1 1 1 0 1 0 1 0 1 1 0 1 1 0 1 1 0 1 1 1 1 0 0 0 0 0 0 1 1 0 0 1 1 1 1 1 0 1 1 0 1 1 1 1 1 1 1 1 1 0 1 1 1 1 0 1 0 1 0 0 1 1 1 1 0 1 1 1 1 1 1 0 0 0 0 1 1 1 1 1 0 0 1 0 1 
0 1 1 0 0 0 1 0 1 0 0 1 1 0 1 0 1 0 1 1 1 1 1 1 0 1 0 1 1 0 1 1 0 1 1 0 0 1 1 1 0 1 1 0 1 0 1 1 1 0 0 1 1 1 1 1 1 0 1 1 1 0 1 1 0 1 1 1 0 1 1 0 1 0 1 1 1 1 0 1 0 0 1 0 1 1 1 1 0 1 0 0 0 0 0 0 1 1 1 0 1 1 1 1 1 1 1 0 1 1 1 0 1 1 0 1 0 1 1 1 1 0 0 0 0 1 1 1 0 1 0 1 1 1 1 1 0 1 0 1 1 1 0 1 1 0 1 1 0 1 
0 0 1 0 0 1 1 0 1 0 0 0 0 0 0 1 1 0 1 0 1 0 0 0 0 1 0 1 1 1 0 0 1 0 1 0 0 1 0 1 0 0 1 0 0 0 0 0 0 0 0 0 1 0 0 0 1 0 1 0 1 0 0 1 0 0 1 0 0 1 0 1 0 0 1 1 0 1 0 0 0 0 1 0 1 0 0 0 0 0 0 0 0 0 1 1 1 0 1 0 1 1 0 0 0 0 1 0 1 1 0 0 1 0 1 0 0 0 0 1 1 1 0 0 1 0 0 1 0 0 0 0 0 1 0 0 0 1 0 1 0 0 0 1 0 0 1 0 0 1 
1 1 0 0 0 0 0 1 0 0 1 1 1 1 0 0 0 1 0 1 0 1 1 1 1 0 0 0 0 0 1 0 0 1 0 1 1 0 1 0 0 1 0 1 0 1 1 1 0 0 1 1 0 0 0 1 0 0 0 1 0 1 1 0 1 1 0 1 1 0 1 0 0 0 0 0 0 0 0 1 1 0 0 1 0 0 0 0 0 0 0 0 1 1 0 0 0 1 0 1 0 0 0 1 0 1 0 1 0 0 1 1 0 1 0 0 1 0 1 0 0 0 1 0 0 1 1 0 1 0 1 1 1 0 1 1 0 0 0 0 1 0 1 0 1 0 0 1 0 0 
1 1 1 1 0 1 1 1 1 1 0 1 1 0 1 1 1 1 1 1 1 1 1 1 0 1 1 1 1 1 1 0 1 1 1 1 1 0 1 1 0 1 1 1 1 1 1 0 1 1 0 0 1 0 1 1 1 1 1 0 1 0 0 1 1 1 1 1 0 1 1 1 1 0 0 1 0 1 1 1 0 1 1 1 0 1 0 1 1 1 1 0 0 0 1 1 1 1 1 0 1 1 0 1 1 1 0 1 1 1 0 1 0 1 1 1 1 1 1 1 1 1 1 1 1 1 1 0 0 0 1 1 0 1 1 1 1 1 0 0 0 1 1 0 0 1 1 1 1 1 
0 1 1 1 0 1 1 0 1 0 0 0 1 0 1 1 1 0 1 0 1 0 0 0 0 1 0 1 1 1 0 0 1 0 1 0 0 0 0 1 0 0 1 0 1 0 0 0 0 0 0 0 1 0 1 0 1 0 1 0 1 0 0 0 0 0 1 0 0 0 0 1 1 0 1 0 0 1 1 0 0 0 1 0 0 1 0 1 0 1 0 0 0 0 1 1 1 0 1 0 1 1 0 0 1 0 0 0 1 1 0 0 1 0 1 1 0 1 0 1 1 1 0 1 1 0 0 0 0 0 0 0 0 1 0 1 0 1 0 1 0 0 0 1 0 0 1 0 0 1 
0 1 0 0 0 0 0 0 0 0 0 1 1 0 0 0 0 0 0 0 0 1 1 0 0 1 0 1 0 0 1 1 0 1 0 0 0 1 0 1 0 0 1 0 0 0 1 1 1 0 0 1 0 1 0 1 0 0 1 0 0 0 1 1 0 1 0 1 0 1 1 1 0 0 0 0 0 0 0 0 0 0 1 0 1 0 1 0 0 0 0 0 0 0 0 0 1 1 1 0 1 0 1 1 0 1 1 0 1 1 1 0 1 0 0 0 0 0 1 0 0 0 0 0 0 1 1 1 0 1 0 0 1 0 0 0 0 0 0 1 1 1 0 1 0 0 0 0 0 0 
0 1 1 0 0 1 1 0 1 0 0 0 1 0 1 1 1 0 1 0 1 0 0 0 0 1 0 1 1 1 1 0 1 0 1 0 0 1 0 1 0 0 1 0 0 0 0 0 1 0 0 0 1 0 1 0 1 0 1 0 1 0 0 1 0 0 1 0 0 1 1 1 1 0 1 1 0 0 0 0 0 0 1 0 1 1 0 1 0 1 0 0 0 0 1 1 1 1 1 0 1 1 0 0 0 0 1 0 1 1 0 0 1 0 1 0 0 1 0 1 1 1 0 1 1 1 0 1 0 1 0 0 0 1 0 0 0 1 0 1 0 0 0 1 0 0 1 0 0 1 
0 0 1 1 1 1 1 0 1 1 0 0 0 0 1 1 1 1 1 1 1 0 0 0 0 0 1 0 0 1 0 0 1 0 1 0 0 0 1 0 0 0 0 0 1 0 0 0 0 1 0 0 1 0 1 0 1 1 0 0 1 0 0 0 1 0 1 0 0 0 0 0 0 0 1 1 0 0 0 0 0 1 0 0 0 1 0 1 1 1 1 0 0 0 1 1 0 0 0 0 1 1 0 0 1 0 0 1 0 0 0 0 0 1 1 1 0 1 0 1 1 1 0 1 1 0 0 0 0 0 0 0 0 1 0 1 1 1 0 0 0 0 0 0 0 1 1 0 1 1 
1 1 0 1 0 0 1 1 1 1 1 1 1 1 1 0 1 1 1 1 1 1 1 1 1 0 0 1 0 0 1 1 0 1 1 1 1 0 1 0 0 1 1 1 1 1 1 1 1 0 1 1 0 0 1 1 1 1 1 1 0 1 1 1 1 1 1 1 1 1 1 1 0 1 1 0 0 0 0 0 1 0 1 1 0 1 0 1 1 1 1 1 1 1 0 0 0 1 1 1 1 0 1 1 1 1 0 1 0 1 1 1 0 1 0 1 1 1 1 0 1 0 1 0 0 1 1 0 1 0 1 1 1 1 1 1 1 0 0 0 1 1 1 0 1 1 0 1 1 1 
1 1 0 0 0 0 0 1 0 0 1 1 1 1 0 0 0 1 0 1 0 1 1 1 1 0 0 0 0 0 0 0 0 1 0 1 1 0 1 0 0 1 0 1 0 1 1 1 0 0 1 1 0 0 0 1 0 0 0 1 0 1 1 0 1 1 0 1 1 0 1 0 0 1 0 0 0 0 0 1 0 0 0 1 0 0 0 0 0 0 0 0 1 1 0 0 0 0 0 1 0 0 0 1 0 1 0 1 0 0 0 1 0 1 0 0 1 0 1 0 0 0 1 0 0 1 1 0 1 0 1 1 1 0 1 1 0 0 0 0 1 0 1 0 1 0 0 1 0 0 
1 0 0 1 1 0 0 1 1 1 0 0 0 0 1 0 1 1 0 1 0 0 0 0 0 0 1 0 0 0 0 0 0 0 0 1 0 0 1 0 1 0 0 1 1 1 0 0 0 1 0 0 0 0 1 0 0 1 0 0 0 0 0 0 1 0 1 0 1 0 0 0 0 0 1 0 0 0 1 0 0 0 0 1 0 1 0 1 1 1 1 1 0 0 0 0 0 0 0 1 0 0 0 0 1 0 0 1 0 0 0 1 0 1 0 1 1 1 0 0 1 0 1 1 0 0 0 0 1 0 1 0 0 1 1 1 1 0 1 0 0 0 1 0 0 1 0 0 1 0 
0 1 0 0 0 0 1 0 1 0 0 1 1 0 1 0 1 0 1 1 1 1 1 1 0 1 0 1 1 0 1 1 0 1 1 1 1 1 1 1 0 1 1 0 1 0 1 1 1 0 1 1 1 1 1 1 1 0 1 1 0 0 1 1 1 1 1 1 0 1 1 1 1 0 1 1 1 1 0 1 0 0 0 1 1 1 1 1 0 1 0 0 1 1 0 0 1 1 1 0 1 1 1 1 1 1 1 1 1 1 1 1 1 1 0 1 0 1 1 0 1 0 0 0 0 1 1 1 0 1 1 1 1 1 1 1 0 0 0 1 1 1 0 1 1 0 0 1 0 1 
1 1 0 1 1 0 0 1 1 1 0 1 1 1 1 0 1 1 0 1 0 1 1 1 1 0 1 1 0 0 1 0 0 1 1 1 1 0 1 0 1 1 1 1 1 1 1 1 0 1 1 0 0 0 1 1 0 1 0 1 0 0 1 0 1 1 1 1 1 0 1 0 0 1 1 0 0 0 0 1 1 1 1 0 0 1 0 1 1 1 1 1 1 1 0 0 0 1 1 1 1 0 0 0 1 1 0 1 0 0 0 1 0 1 0 1 1 1 1 0 1 0 1 0 0 1 1 0 1 0 1 1 0 1 1 1 1 0 1 0 0 0 1 0 1 1 0 1 1 1 
0 1 0 0 0 0 1 0 0 0 0 0 0 0 0 0 0 0 0 0 0 1 0 0 0 1 0 1 1 0 1 1 0 0 1 0 0 1 0 1 0 0 1 0 0 0 0 1 1 0 0 1 1 1 0 1 1 0 1 0 0 0 0 1 0 0 0 0 0 1 1 1 1 0 0 0 1 1 0 0 0 0 1 0 0 0 1 0 0 0 0 0 0 0 0 0 1 1 0 0 1 0 1 1 0 0 1 0 1 1 1 0 1 0 0 0 0 0 0 0 0 0 0 0 0 1 0 1 0 1 0 0 1 0 0 0 0 0 0 1 0 1 0 1 0 0 0 0 0 0 
1 1 1 1 1 0 1 1 1 1 0 1 1 0 1 1 1 1 1 1 1 1 1 1 0 1 1 1 0 1 1 0 0 1 1 1 1 0 1 0 1 1 1 1 1 1 1 0 0 1 1 0 1 0 1 1 1 1 1 0 1 0 0 0 1 1 1 1 1 0 1 1 0 0 1 1 0 1 1 1 0 1 1 1 0 0 0 1 1 1 1 1 1 1 0 1 0 1 1 1 1 1 0 0 1 1 0 1 0 1 0 1 0 1 1 1 1 1 1 0 1 0 1 1 1 1 1 0 1 0 1 1 0 1 1 1 1 1 0 0 0 0 1 0 1 1 1 1 1 1 
0 0 0 0 0 0 0 0 0 0 0 0 0 0 0 0 0 0 0 0 0 0 0 0 0 1 0 1 0 0 1 1 0 0 0 0 0 1 0 1 0 0 1 0 0 0 0 0 1 0 0 0 0 1 0 1 0 0 1 0 0 0 0 1 0 0 0 0 0 1 0 1 0 0 0 0 1 0 0 0 0 0 1 0 1 0 0 0 0 0 0 0 0 0 0 0 1 1 0 0 0 0 1 1 0 0 1 0 1 1 1 0 1 0 0 0 0 0 0 0 0 0 0 0 0 0 0 1 0 1 0 0 1 0 0 0 0 0 0 1 0 1 0 1 0 0 0 0 0 0 
1 1 1 1 1 1 1 1 1 1 0 0 1 0 1 1 1 1 1 1 1 0 0 0 0 1 1 1 1 1 0 0 1 0 1 1 0 0 1 0 0 0 0 1 1 1 0 0 0 1 0 0 1 0 1 0 1 1 1 0 1 0 0 0 1 1 1 0 0 0 0 1 0 0 1 1 0 1 1 1 0 1 1 1 0 1 0 0 1 1 1 1 0 0 1 1 0 0 1 0 1 1 0 0 1 1 0 1 0 0 0 0 0 1 1 1 0 1 1 1 1 1 1 1 1 1 0 0 0 0 0 0 0 1 1 1 1 1 0 0 0 0 1 0 0 1 1 0 1 1 
1 0 0 1 1 0 0 1 1 1 0 0 0 0 1 0 1 1 0 1 0 0 0 1 0 0 1 0 0 0 0 0 0 0 0 1 1 0 1 0 1 0 0 1 1 1 0 0 0 1 0 0 0 0 1 0 0 1 0 0 0 0 0 0 1 0 1 0 1 0 0 0 0 0 1 0 0 0 1 1 0 1 0 1 0 1 0 1 0 1 1 1 0 0 0 0 0 0 0 1 0 0 0 0 1 0 0 1 0 0 0 1 0 1 0 1 1 1 0 0 1 0 1 1 0 0 0 0 1 0 1 0 0 1 1 1 1 0 1 0 0 0 1 0 0 1 0 0 1 0 
1 1 1 1 1 1 1 1 1 1 0 0 1 0 1 1 1 1 1 1 1 0 0 0 0 1 1 1 1 1 0 0 1 0 1 1 0 0 1 0 0 0 0 1 1 1 0 0 0 1 0 0 1 0 1 0 1 1 0 0 1 0 0 0 1 1 1 0 0 0 0 1 0 0 1 1 0 1 1 1 0 1 1 1 0 1 0 1 1 0 1 1 0 0 1 1 0 0 1 0 1 1 0 0 1 0 0 1 0 0 0 0 0 1 1 1 0 1 0 1 1 1 1 1 1 0 0 0 0 0 0 0 0 1 0 1 1 1 0 0 0 0 1 0 0 1 1 0 1 1 
1 0 0 1 1 0 0 1 1 1 0 0 0 0 1 0 1 1 0 1 0 0 0 1 0 0 1 0 0 1 0 0 0 0 0 1 0 0 1 0 1 0 0 1 1 1 0 0 0 1 0 0 0 0 1 0 0 1 0 0 0 0 0 0 1 0 1 0 1 0 0 0 0 0 1 0 0 0 1 1 0 1 0 1 0 1 0 1 1 1 0 1 0 0 0 0 0 0 0 1 0 0 0 0 1 0 0 1 0 0 0 1 0 1 0 1 1 1 0 0 1 0 1 1 0 0 0 0 1 0 1 0 0 1 1 1 1 0 1 0 0 0 1 0 0 1 0 0 1 0 
1 0 0 1 1 0 0 1 0 1 0 0 0 0 1 0 0 1 0 1 0 0 0 1 0 0 1 0 0 0 0 0 0 0 0 1 1 0 1 0 1 0 0 1 1 1 0 0 0 1 1 0 0 0 1 0 0 1 0 0 0 0 0 0 1 0 0 0 1 0 0 0 0 0 0 0 0 0 0 1 0 1 0 1 0 1 0 1 1 1 1 0 1 0 0 0 0 0 0 1 0 0 0 0 1 0 0 1 0 0 0 1 0 1 0 1 1 1 0 0 0 0 1 0 0 0 0 0 1 0 1 0 0 1 1 1 1 0 1 0 0 0 1 0 0 1 0 0 1 0 
1 1 0 0 0 0 0 1 0 0 1 1 1 1 0 0 1 1 0 1 0 1 1 1 1 0 0 1 0 0 1 0 0 1 0 1 1 0 1 0 0 1 1 1 0 1 1 1 0 0 1 1 0 0 0 1 0 0 0 1 0 1 1 0 1 1 0 1 1 0 1 0 0 1 0 0 0 0 0 1 1 0 1 1 0 1 0 0 0 0 0 1 0 1 0 0 0 1 1 1 0 0 0 1 0 1 0 1 0 0 1 1 0 1 0 1 1 1 1 0 0 0 1 0 0 1 1 0 1 0 1 1 1 0 1 1 0 0 0 0 1 1 1 0 1 0 0 1 0 1 
1 1 0 0 0 0 0 1 0 0 1 1 1 1 0 0 1 1 0 1 0 1 1 1 1 0 0 1 0 0 1 0 0 1 0 1 1 0 1 0 0 1 1 1 0 1 1 1 1 0 1 1 0 0 0 1 0 0 0 1 0 1 1 0 1 1 0 1 1 0 1 0 0 1 0 0 0 0 0 1 1 0 1 1 0 1 0 0 0 0 0 0 1 0 0 0 0 1 1 1 0 0 0 1 0 1 0 1 0 0 1 1 0 1 0 0 1 1 1 0 0 0 1 0 0 1 1 0 1 0 1 1 1 0 1 1 0 0 0 0 1 1 1 0 1 0 0 1 0 1 
0 0 1 1 0 1 1 0 1 0 0 0 0 0 1 1 0 0 1 0 1 0 0 0 0 0 0 0 1 1 0 0 1 0 1 0 0 0 0 0 0 0 0 0 1 0 0 0 0 0 0 0 1 0 1 0 1 0 0 0 1 0 0 0 0 0 1 0 0 0 0 0 1 0 1 1 0 1 1 0 0 0 0 0 0 0 0 1 0 1 0 0 0 0 0 1 0 0 0 0 0 1 0 0 1 0 0 0 0 0 0 0 0 0 1 0 0 0 0 1 1 1 0 1 1 0 0 0 0 0 0 0 0 1 0 0 0 1 0 0 0 0 0 0 0 0 1 0 0 0 
0 0 1 1 0 1 1 0 1 1 0 0 0 0 1 1 1 0 1 1 1 0 0 0 0 0 1 0 1 1 0 0 1 0 1 0 0 0 0 0 0 0 0 0 1 0 0 0 0 1 0 0 1 0 1 0 1 0 0 0 1 0 0 0 1 0 1 0 0 0 0 0 1 0 1 1 0 1 1 0 0 0 0 0 0 1 0 1 0 1 0 0 0 0 1 0 0 0 0 0 1 1 0 0 1 0 0 0 0 0 0 0 0 0 1 1 0 1 0 1 1 1 0 1 1 0 0 0 0 0 0 0 0 1 0 1 0 1 0 0 0 0 0 0 0 1 1 0 1 1 
0 1 0 0 0 0 1 0 0 0 0 0 1 0 0 0 1 0 1 0 0 1 0 0 0 1 0 1 1 0 1 1 0 0 1 0 0 1 0 1 0 0 1 0 0 0 0 0 1 0 0 0 1 1 0 1 1 0 1 0 0 0 0 1 0 0 0 0 0 1 1 1 1 0 1 1 1 1 0 0 0 0 1 0 1 0 1 0 0 0 0 0 0 0 0 0 0 1 1 0 1 0 1 1 0 0 1 0 1 1 1 0 1 0 0 0 0 0 0 1 0 0 0 0 0 1 0 1 0 1 0 0 1 0 0 0 0 0 0 1 0 1 0 1 0 0 0 0 0 1 
0 1 0 0 0 0 1 0 1 0 1 1 1 0 1 0 1 0 1 1 1 1 1 1 1 1 0 1 0 0 1 1 0 1 1 1 1 1 1 1 0 1 1 0 0 0 1 1 1 0 1 1 1 1 0 1 1 0 1 1 0 1 1 1 0 1 1 1 0 1 1 1 0 1 1 0 1 1 0 1 0 0 1 1 1 1 1 0 0 0 0 0 1 1 0 0 1 0 1 0 1 0 1 1 0 1 1 0 1 1 1 1 1 1 0 0 0 1 1 0 1 0 0 0 0 1 1 1 0 1 1 1 1 1 1 1 0 0 0 1 1 1 0 1 1 0 0 1 0 1 
1 1 1 1 0 0 1 1 1 1 0 1 1 0 1 0 1 1 1 1 1 1 1 1 0 1 0 1 1 1 1 1 0 1 1 1 1 0 1 1 0 1 1 1 1 0 1 1 1 1 1 1 1 1 1 1 1 0 1 1 1 0 1 1 1 1 1 1 0 1 1 1 1 0 1 1 1 1 0 1 0 0 1 1 0 1 0 1 0 1 0 0 1 1 0 0 1 1 0 1 1 1 1 1 1 1 0 1 1 1 1 1 1 1 1 1 1 1 1 1 1 0 1 1 0 1 1 1 1 0 1 1 1 1 1 1 0 1 0 0 1 1 1 1 1 1 1 1 1 1 
1 1 0 0 1 0 0 1 0 1 1 1 1 1 1 0 1 1 0 1 0 1 1 1 1 0 1 0 0 0 0 0 0 1 0 1 1 0 1 0 1 1 0 1 1 1 1 1 0 0 1 0 0 0 1 0 0 1 0 1 0 1 1 0 1 1 0 1 1 0 1 0 0 1 0 0 0 0 0 1 1 1 0 1 0 1 0 0 1 0 1 1 1 1 0 0 0 0 1 0 0 0 0 0 0 1 0 1 0 0 0 1 0 1 0 1 1 1 1 0 0 0 1 0 0 1 1 0 1 0 1 1 0 0 1 1 1 0 1 0 0 0 1 0 1 1 0 1 1 0 
0 1 1 1 0 1 1 0 1 0 0 1 1 0 1 1 1 0 1 1 1 1 1 1 0 1 0 1 1 1 1 1 1 1 1 1 0 1 1 1 0 0 1 0 1 0 1 1 1 0 0 0 1 0 1 1 1 0 1 0 1 0 0 1 1 1 1 1 0 1 1 1 1 0 1 1 1 1 1 1 0 0 1 1 1 1 0 1 0 1 0 0 0 0 0 1 1 1 1 0 0 1 0 1 1 1 1 1 1 1 1 0 1 1 1 1 0 1 1 1 1 1 0 1 1 1 1 1 0 0 0 1 1 1 1 1 0 1 0 1 0 1 0 1 0 0 1 1 1 1 
0 0 1 1 0 1 1 0 1 0 0 0 0 0 1 1 1 0 1 0 1 0 0 0 0 1 0 1 1 1 0 0 1 0 1 0 0 0 0 1 0 0 0 0 1 0 0 0 0 0 0 0 1 0 1 0 1 0 1 0 1 0 0 0 0 0 1 0 0 0 0 1 1 0 1 1 0 1 1 0 0 0 1 0 0 1 0 1 0 1 0 0 0 0 1 1 0 0 1 0 1 0 0 0 1 0 0 0 0 1 0 0 0 0 1 1 0 1 0 1 1 1 0 1 1 0 0 0 0 0 0 0 0 1 0 0 0 1 0 0 0 0 0 0 0 0 1 0 0 1 
0 1 0 0 0 0 0 0 0 0 1 1 1 0 0 0 0 0 0 0 0 1 1 1 0 1 0 1 0 0 1 1 0 1 0 0 0 1 0 1 0 1 1 0 0 0 1 1 1 0 0 1 0 1 0 1 0 0 1 1 0 1 1 1 0 1 0 1 0 1 1 1 0 0 0 0 1 0 0 1 0 0 1 0 1 0 1 0 0 0 0 0 0 0 0 0 1 1 1 0 0 0 0 1 0 1 1 0 1 1 1 0 1 0 0 0 0 0 1 0 0 0 0 0 0 1 1 1 0 1 0 1 1 0 0 0 0 0 0 1 1 1 0 1 1 0 0 1 0 0 
0 1 0 0 0 0 0 0 0 0 1 1 1 1 0 0 1 0 0 0 0 1 1 1 1 1 0 1 0 0 1 1 0 1 1 0 1 1 1 0 0 1 1 0 0 0 1 1 1 0 1 1 0 1 0 1 1 0 1 1 0 1 1 1 0 1 0 1 0 1 1 1 0 1 1 0 1 0 0 1 1 0 1 0 1 0 1 0 0 0 0 0 1 1 0 0 1 1 1 0 1 0 1 0 0 1 1 0 1 1 1 1 1 0 0 0 0 0 1 0 0 0 0 0 0 1 1 1 0 1 0 1 1 0 1 0 0 0 0 0 1 1 0 1 1 0 0 1 0 1 
1 1 1 1 1 1 1 1 1 1 0 0 1 0 1 1 1 1 1 1 1 0 0 1 0 0 1 1 0 1 0 0 1 0 1 1 0 0 1 0 1 0 0 1 1 1 1 0 0 1 0 0 1 0 1 0 1 1 0 0 1 0 0 0 1 1 1 0 1 0 0 1 0 0 1 1 0 0 1 1 0 1 1 1 0 1 0 1 1 1 1 1 0 0 1 1 0 0 1 0 1 1 0 0 0 1 0 1 0 0 0 1 0 1 1 1 1 1 1 0 1 1 1 1 1 1 0 0 1 0 0 0 0 1 1 1 1 1 1 0 0 0 1 0 0 1 1 0 1 1 
1 1 0 0 0 0 1 1 1 0 1 1 1 1 1 0 1 1 1 1 0 1 1 1 1 1 0 1 0 0 1 1 0 1 1 1 1 0 1 0 0 1 1 1 1 1 1 1 1 0 1 1 0 1 1 1 1 0 1 1 0 1 1 1 1 1 1 1 1 1 1 1 0 1 1 0 1 0 0 1 1 0 1 1 0 1 0 1 0 0 0 0 1 1 0 0 0 1 1 1 1 0 1 1 1 0 0 1 1 1 1 1 0 1 0 1 1 1 1 0 1 0 1 0 0 1 1 0 1 0 1 1 1 1 1 1 0 0 0 0 1 1 1 0 1 0 0 1 1 1 
0 1 0 0 0 0 1 0 0 0 0 0 0 0 0 0 0 0 0 0 0 1 0 0 0 1 0 1 1 0 1 1 0 0 1 0 0 1 0 1 0 0 1 0 0 0 0 0 1 0 0 0 1 1 0 1 1 0 1 0 0 0 0 1 0 0 0 0 0 1 1 1 1 0 0 0 1 1 0 0 0 0 1 0 1 0 1 0 0 0 0 0 0 0 0 0 1 1 0 0 1 0 1 1 0 0 0 0 1 1 1 0 1 0 0 0 0 0 0 0 0 0 0 0 0 1 0 1 0 1 0 0 1 0 0 0 0 0 0 1 0 1 0 1 0 0 0 0 0 0 
1 1 0 1 1 0 0 1 1 1 0 1 1 1 1 0 1 1 0 1 1 1 1 1 0 0 1 1 0 0 0 0 0 1 1 1 1 0 1 0 1 1 0 1 1 1 1 0 0 1 1 0 0 0 1 0 0 1 0 0 0 0 0 0 1 1 1 1 1 0 1 0 0 1 1 0 0 0 1 1 1 1 1 1 0 1 0 1 1 1 1 1 1 1 0 0 0 0 1 1 1 0 0 0 1 1 0 0 0 0 0 1 0 1 0 1 1 1 1 0 1 0 1 1 0 1 1 0 1 0 1 1 0 1 1 1 1 0 1 0 0 0 1 0 1 1 0 1 1 1 
0 1 0 0 0 0 1 0 0 0 0 1 1 0 0 0 1 0 1 0 1 1 0 0 0 1 0 1 1 0 1 1 0 0 1 0 0 1 0 1 0 0 1 0 0 0 0 1 1 0 0 1 1 1 0 1 1 0 1 0 0 0 0 1 0 1 0 1 0 1 1 1 1 0 1 1 1 1 0 0 0 0 1 0 1 0 1 0 0 0 0 0 0 0 0 0 1 1 1 0 1 0 1 1 0 1 1 0 0 1 1 0 1 0 0 0 0 0 1 1 0 0 0 0 0 1 1 1 0 1 0 0 1 0 0 0 0 0 0 1 0 1 0 1 0 0 0 0 0 1 
0 1 0 0 0 0 1 0 1 0 0 1 1 0 1 0 1 0 1 0 1 1 1 1 0 1 0 1 1 0 1 1 0 1 1 0 0 1 0 1 0 0 1 0 0 0 1 1 1 0 0 1 1 1 0 1 1 0 1 0 1 0 1 1 0 1 1 1 0 1 1 1 1 0 1 1 1 1 0 1 0 0 1 0 1 1 1 0 0 0 0 0 0 0 0 0 1 1 1 0 1 1 1 1 0 1 1 0 1 0 1 0 1 0 0 0 0 1 1 1 1 0 0 0 0 1 1 1 0 1 0 1 1 1 0 1 0 0 0 1 1 1 0 1 0 0 0 0 0 1 
0 1 0 0 0 0 0 0 0 0 1 1 1 1 0 0 1 0 0 0 0 1 1 1 1 1 0 1 0 0 1 1 0 1 0 0 1 1 0 0 0 1 1 0 0 0 1 1 1 0 1 1 0 1 0 1 0 0 1 1 0 1 1 1 0 1 0 1 0 1 1 1 0 1 0 0 1 0 0 1 0 0 1 0 1 0 1 0 0 0 0 0 1 1 0 0 1 1 1 0 1 0 1 1 0 1 1 0 1 1 0 0 1 0 0 0 0 0 1 0 0 0 0 0 0 1 1 1 0 1 0 1 1 0 0 0 0 0 0 0 1 1 0 1 1 0 0 1 0 1 
1 1 0 0 1 0 0 1 0 1 1 1 1 1 1 0 1 1 0 1 0 1 1 1 1 0 1 1 0 0 1 0 0 1 0 1 1 0 1 0 1 1 1 1 1 1 1 1 0 0 1 1 0 0 1 1 0 1 0 1 0 1 1 0 1 1 1 1 1 0 1 0 0 1 1 0 0 0 0 1 1 1 1 1 0 1 0 0 1 0 1 1 1 1 0 0 0 1 1 1 0 0 0 1 1 1 0 1 0 0 0 0 0 1 0 1 1 1 1 0 1 0 1 0 0 1 1 0 1 0 1 1 1 1 1 1 1 0 0 0 1 0 1 0 1 1 0 1 1 1 
0 1 0 0 0 0 1 0 0 0 0 0 0 0 0 0 0 0 1 0 0 1 0 0 0 1 0 1 1 0 1 1 0 0 1 0 0 1 0 1 0 0 1 0 0 0 0 0 1 0 0 0 1 1 0 1 1 0 1 0 0 0 0 1 0 0 0 0 0 1 1 1 1 0 0 1 1 1 0 0 0 0 1 0 1 0 1 0 0 0 0 0 0 0 0 0 1 1 1 0 1 0 1 1 0 0 1 0 1 1 1 0 0 0 0 0 0 0 0 1 0 0 0 0 0 1 0 1 0 1 0 0 1 0 0 0 0 0 0 1 0 1 0 1 0 0 0 0 0 1 
1 1 1 1 1 0 0 1 1 1 0 1 1 1 1 0 1 1 1 1 1 1 1 1 1 0 1 1 0 0 1 0 0 1 1 1 1 0 1 0 1 1 1 1 1 1 1 1 0 1 1 0 0 0 1 1 1 1 1 1 0 0 1 0 1 1 1 1 1 0 1 1 0 1 1 0 0 0 1 1 1 1 1 1 0 1 0 1 1 1 1 1 1 1 0 0 0 1 1 1 1 0 0 0 1 1 0 1 0 0 0 1 0 0 0 1 1 1 1 0 1 0 1 1 0 1 1 0 1 0 1 1 0 1 1 1 1 0 1 0 0 0 1 0 1 1 0 1 1 1 
0 0 1 1 0 1 1 0 1 1 0 0 0 0 1 1 1 0 1 1 1 0 0 0 0 1 1 0 1 1 0 0 1 0 1 0 0 0 0 0 0 0 0 0 1 0 0 0 0 1 0 0 1 0 1 0 1 0 0 0 1 0 0 0 1 0 1 0 0 0 0 0 1 0 1 1 0 1 1 0 0 0 0 0 0 1 0 1 0 1 0 0 0 0 1 1 0 0 1 0 1 1 0 0 1 0 0 0 0 0 0 0 0 0 0 1 0 1 0 1 1 1 0 1 1 0 0 0 0 0 0 0 0 1 0 1 0 1 0 0 0 0 0 0 0 0 1 0 1 1 
1 1 1 1 1 0 1 1 1 1 0 1 1 0 1 1 1 1 1 1 1 1 0 1 0 0 1 1 0 1 0 0 0 1 1 1 1 0 1 0 1 0 1 1 1 1 1 0 0 1 0 0 1 0 1 0 1 1 0 0 0 0 0 0 1 1 1 1 1 0 1 1 0 0 1 1 0 0 1 1 0 1 1 1 0 1 0 1 1 1 1 1 1 0 0 1 0 0 1 1 1 1 0 0 1 1 0 1 0 0 0 1 0 1 1 0 1 1 1 0 1 0 1 1 1 1 1 0 1 0 1 1 0 1 1 1 1 1 1 0 0 0 1 0 0 1 1 1 1 1 
1 1 0 1 1 0 0 1 0 1 0 1 1 1 1 0 1 1 0 1 0 1 1 1 1 0 1 0 0 0 0 0 0 1 0 1 1 0 1 0 1 1 0 1 1 1 1 0 0 1 1 0 0 0 1 0 0 1 0 1 0 0 1 0 1 1 0 1 1 0 1 0 0 1 1 0 0 0 0 1 1 1 0 1 0 1 0 0 1 0 1 1 1 1 0 0 0 0 1 1 0 0 0 0 1 1 0 1 0 0 0 1 0 1 0 1 0 1 1 0 1 0 1 0 0 1 1 0 1 0 1 1 0 1 1 1 1 0 1 0 0 0 1 0 1 1 0 1 1 0 
1 1 1 1 1 0 1 1 1 1 0 1 1 0 1 1 1 1 1 1 1 1 1 1 0 1 1 1 0 1 1 0 0 1 1 1 1 0 1 0 1 1 1 1 1 1 1 0 0 1 1 0 1 0 1 1 1 1 1 0 1 0 0 0 1 1 1 1 1 0 1 1 0 0 1 1 0 1 1 1 0 1 1 1 0 1 0 1 1 1 1 1 1 1 0 1 0 1 1 1 1 1 0 0 1 1 0 1 0 1 0 1 0 1 1 1 1 0 1 0 1 0 1 1 1 1 1 0 1 0 1 1 0 1 1 1 1 1 0 0 0 0 1 0 1 1 1 1 1 1 
1 1 0 0 0 0 1 1 1 1 1 1 1 1 1 0 1 1 1 1 1 1 1 1 1 1 0 1 0 0 1 1 0 1 1 1 1 0 1 0 0 1 1 1 1 1 1 1 1 0 1 1 1 1 1 1 1 0 1 1 0 1 1 1 1 1 1 1 1 1 1 1 0 1 1 0 1 0 0 1 1 0 1 1 0 1 0 1 0 0 0 0 1 1 0 0 0 1 1 1 1 0 1 1 1 1 0 1 1 1 1 1 0 1 0 1 1 1 0 0 1 0 1 0 0 1 1 0 1 0 1 1 1 1 1 1 0 0 0 0 1 1 1 0 1 0 0 1 1 1 
0 0 1 0 0 1 1 0 1 0 0 0 0 0 1 1 1 0 1 0 1 0 0 0 0 1 0 1 1 1 0 0 1 0 1 0 0 0 0 1 0 0 0 0 0 0 0 0 0 0 0 0 1 0 0 0 1 0 1 0 1 0 0 0 0 0 1 0 0 0 0 1 1 0 1 1 0 1 1 0 0 0 0 0 0 0 0 1 0 1 0 0 0 0 1 1 1 0 1 0 1 1 0 0 0 0 0 0 1 1 0 0 1 0 1 0 0 0 0 0 1 1 0 1 1 0 0 0 0 0 0 0 0 1 0 0 0 1 0 1 0 0 0 1 0 0 1 0 0 1 
1 1 1 1 1 1 1 1 1 1 0 1 1 0 1 1 1 1 1 1 1 1 0 1 0 1 1 1 1 1 1 0 1 1 1 1 1 0 1 0 0 0 1 1 1 1 1 0 0 1 0 0 1 0 1 1 1 1 1 0 1 0 0 1 1 1 1 1 0 1 1 1 1 0 1 1 0 1 1 1 0 1 1 1 0 1 0 1 1 1 1 0 0 0 1 1 0 1 1 0 1 1 0 0 1 1 0 1 0 1 0 1 0 1 1 1 1 1 1 1 0 1 1 1 1 1 1 0 1 0 1 1 0 1 1 1 1 1 0 0 0 0 1 0 0 1 1 1 1 1 
0 0 1 1 0 1 1 0 1 0 0 0 0 0 1 1 0 0 1 0 1 0 0 0 0 0 0 0 1 1 0 0 1 0 1 0 0 0 0 0 0 0 0 0 1 0 0 0 0 0 0 0 1 0 1 0 1 0 0 0 1 0 0 0 0 0 1 0 0 0 0 0 1 0 1 1 0 1 1 0 0 0 0 0 0 0 0 1 0 1 0 0 0 0 1 1 0 0 0 0 1 1 0 0 1 0 0 0 0 0 0 0 0 0 1 0 0 0 0 1 1 0 0 1 1 0 0 0 0 0 0 0 0 1 0 0 0 1 0 0 0 0 0 0 0 0 1 0 0 1 
1 1 0 1 1 0 0 1 1 1 0 1 1 1 1 0 1 1 0 1 0 1 1 1 1 0 1 0 0 0 0 0 0 1 0 1 1 0 1 0 1 1 0 1 1 1 1 0 0 1 1 0 0 0 1 0 0 1 0 1 0 0 1 0 1 1 1 1 1 0 1 0 0 1 1 0 0 0 0 1 1 1 0 1 0 1 0 1 1 1 1 1 1 1 0 0 0 0 1 1 0 0 0 0 1 1 0 1 0 0 0 1 0 1 0 1 1 1 1 0 1 0 0 0 0 1 1 0 1 0 1 1 0 1 1 1 1 0 1 0 0 0 1 0 1 1 0 1 1 1 
0 0 1 1 1 1 1 0 1 1 0 0 0 0 1 1 1 1 1 1 1 0 0 0 0 0 1 0 1 1 0 0 1 0 1 0 0 0 1 0 0 0 0 0 1 0 0 0 0 1 0 0 1 0 1 0 1 1 0 0 1 0 0 0 1 0 1 0 0 0 0 0 0 0 1 1 0 1 1 0 0 1 0 0 0 1 0 1 1 1 1 0 0 0 1 1 0 0 1 0 1 1 0 0 1 0 0 1 0 0 0 0 0 1 1 1 0 1 0 1 1 1 0 0 1 0 0 0 0 0 0 0 0 1 0 1 1 1 0 0 0 0 0 0 0 1 1 0 1 1 
0 0 1 1 0 1 1 0 1 1 0 0 0 0 1 1 1 0 1 1 1 0 0 0 0 0 1 0 1 1 0 0 1 0 1 0 0 0 0 0 0 0 0 0 1 0 0 0 0 1 0 0 1 0 1 0 1 0 0 0 1 0 0 0 0 0 1 0 0 0 0 0 1 0 1 1 0 1 1 0 0 0 0 0 0 1 0 1 0 1 0 0 0 0 1 1 0 0 0 0 1 1 0 0 1 0 0 0 0 0 0 0 0 0 1 1 0 1 0 1 1 1 0 1 0 0 0 0 0 0 0 0 0 1 0 1 0 1 0 0 0 0 0 0 0 0 1 0 1 1 
1 1 0 0 0 0 1 1 1 0 1 1 1 1 1 0 1 1 1 1 1 1 1 1 1 1 0 1 0 0 1 1 0 1 1 1 1 1 1 1 0 1 1 0 1 0 1 1 1 0 1 1 1 1 1 1 1 0 1 1 0 1 1 1 1 1 1 1 0 1 1 1 0 1 1 0 1 1 0 1 1 0 1 1 1 1 0 1 0 0 0 0 1 1 0 0 1 1 1 1 1 0 1 1 1 1 1 1 1 1 1 1 1 1 0 1 1 1 1 0 1 0 1 0 0 0 1 1 0 1 1 1 1 1 1 1 0 0 0 1 1 1 1 1 1 0 0 1 0 1 
1 1 0 0 0 0 0 1 1 0 1 1 1 1 1 0 1 1 0 1 0 1 1 1 1 1 0 1 0 0 1 1 0 1 1 1 1 0 1 0 0 1 1 1 1 1 1 1 1 0 1 1 0 1 1 1 1 0 1 1 0 1 1 1 1 1 1 1 1 1 1 1 0 1 1 0 1 0 0 1 1 0 1 1 0 1 0 0 0 0 0 0 1 1 0 0 0 1 1 1 1 0 1 1 0 1 0 1 1 1 1 1 0 1 0 1 1 1 1 0 1 0 1 0 0 1 0 0 1 0 1 1 1 1 1 1 0 0 0 0 1 1 1 0 1 0 0 1 1 1 
0 1 0 0 0 0 1 0 0 0 0 0 0 0 0 0 0 0 0 0 0 1 0 0 0 1 0 1 1 0 1 1 0 0 1 0 0 1 0 1 0 0 1 0 0 0 0 0 1 0 0 0 1 1 0 1 1 0 1 0 0 0 0 1 0 0 0 0 0 1 1 1 1 0 0 0 1 1 0 0 0 0 1 0 1 0 1 0 0 0 0 0 0 0 0 0 1 1 1 0 1 0 1 1 0 0 1 0 1 1 1 0 1 0 0 0 0 0 0 0 0 0 0 0 0 1 0 0 0 1 0 0 1 0 0 0 0 0 0 1 0 1 0 1 0 0 0 0 0 1 
1 0 0 1 1 0 0 1 0 1 0 1 1 1 1 0 1 1 0 1 0 0 1 1 1 0 1 0 0 0 0 0 0 1 0 1 1 0 1 0 1 1 0 1 1 1 1 0 0 1 1 0 0 0 1 0 0 1 0 1 0 0 0 0 1 1 0 1 1 0 1 0 0 1 0 0 0 0 0 1 1 1 0 1 0 1 0 0 1 0 1 1 1 1 0 0 0 0 1 1 0 0 0 0 1 1 0 1 0 0 0 1 0 1 0 1 1 1 1 0 1 0 1 0 0 0 1 0 0 0 1 1 0 1 1 1 1 0 1 0 0 0 1 0 1 1 0 1 1 0 
0 0 0 0 0 0 0 0 0 0 0 0 0 0 0 0 0 0 0 0 0 1 0 0 0 1 0 1 0 0 1 1 0 0 0 0 0 1 0 1 0 0 1 0 0 0 0 0 1 0 0 0 0 1 0 1 1 0 1 0 0 0 0 1 0 0 0 0 0 1 0 1 0 0 0 0 1 1 0 0 0 0 1 0 1 0 1 0 0 0 0 0 0 0 0 0 1 1 0 0 0 0 1 1 0 0 1 0 1 1 1 0 1 0 0 0 0 0 0 0 0 0 0 0 0 1 0 1 0 0 0 0 1 0 0 0 0 0 0 1 0 1 0 1 0 0 0 0 0 0 
1 1 0 0 1 0 0 1 0 1 1 1 1 1 1 0 1 1 0 1 0 1 1 1 1 0 1 0 0 0 0 0 0 1 0 1 1 0 1 0 1 1 0 1 1 1 1 1 0 0 1 1 0 0 1 1 0 1 0 1 0 1 1 0 1 1 0 1 1 0 1 0 0 1 1 0 0 0 0 1 1 1 1 1 0 1 0 0 1 0 1 1 1 1 0 0 0 1 1 1 0 0 0 0 0 1 0 1 0 0 0 1 0 1 0 1 1 1 1 0 1 0 1 0 0 1 1 0 1 0 0 1 0 0 1 1 1 0 0 0 1 0 1 0 1 1 0 1 1 1 
1 1 0 0 0 0 0 1 0 0 1 1 1 1 1 0 1 1 0 1 0 1 1 1 1 0 0 1 0 0 1 1 0 1 1 1 1 0 1 0 0 1 1 1 1 1 1 1 1 0 1 1 0 1 1 1 0 0 1 1 0 1 1 1 1 1 1 1 1 1 1 1 0 1 1 0 0 0 0 1 1 0 1 1 0 1 0 0 0 0 0 0 1 1 0 0 0 1 1 1 1 0 1 1 0 1 0 1 0 1 1 1 0 1 0 1 1 1 1 0 1 0 1 0 0 1 1 0 1 0 1 0 1 1 1 1 0 0 0 0 1 1 1 0 1 0 0 1 1 1 
0 1 0 0 0 0 0 0 0 0 1 1 1 1 0 0 1 0 0 0 0 1 1 1 1 1 0 1 0 0 1 1 0 1 1 0 1 1 0 0 0 1 1 0 0 0 1 1 1 0 1 1 0 1 0 1 0 0 1 1 0 1 1 1 0 1 0 1 0 1 1 1 0 1 0 0 1 0 0 1 1 0 1 0 1 0 1 0 0 0 0 0 1 1 0 0 1 1 1 0 1 0 1 1 0 1 1 0 1 1 1 1 1 0 0 0 0 0 1 0 0 0 0 0 0 1 1 1 0 1 0 1 0 0 1 0 0 0 0 0 1 1 0 1 1 0 0 1 0 1 
1 1 1 1 1 1 1 1 1 1 0 1 1 0 1 1 1 1 1 1 1 1 0 1 0 1 1 1 1 1 1 0 1 0 1 1 0 0 1 0 1 0 1 1 1 1 1 0 0 1 0 0 1 0 1 0 1 1 1 0 1 0 0 0 1 1 1 1 0 0 1 1 1 0 1 1 0 1 1 1 0 1 1 1 0 1 0 1 1 1 1 1 0 0 1 1 0 1 1 0 1 1 0 0 1 1 0 1 0 1 0 1 0 1 1 1 1 1 1 1 1 1 1 1 1 1 1 0 1 0 0 1 0 0 1 1 1 1 0 0 0 0 1 0 0 1 1 0 1 1 
1 1 0 1 1 0 0 1 1 1 1 1 1 1 1 0 1 1 0 1 0 1 1 1 1 0 1 1 0 0 1 0 0 1 1 1 1 0 1 0 1 1 1 1 1 1 1 1 0 1 1 1 0 0 1 1 0 1 0 1 0 1 1 0 1 1 1 1 1 0 1 1 0 1 1 0 0 0 0 1 1 1 1 1 0 1 0 1 1 0 1 1 1 1 0 0 0 1 1 1 1 0 0 1 1 1 0 1 0 0 0 1 0 1 0 1 1 1 1 0 1 0 1 0 0 1 1 0 1 0 1 1 1 1 0 1 1 0 0 0 1 1 1 0 1 1 0 1 1 1 
1 1 1 1 1 0 1 1 1 1 0 1 1 0 1 0 1 1 1 1 1 1 1 1 0 1 1 1 0 1 1 0 0 1 1 1 1 0 1 0 1 1 1 1 1 1 1 0 0 1 1 0 1 0 1 1 1 1 1 1 0 0 1 0 1 1 1 1 1 0 1 1 0 1 1 1 0 0 1 1 1 1 1 1 0 1 0 1 1 1 1 1 1 1 0 1 0 1 1 1 1 0 0 0 1 1 0 1 0 1 0 1 0 1 1 1 1 1 1 0 1 0 1 1 1 1 1 0 1 0 1 1 0 1 1 0 1 0 0 0 0 0 1 0 1 1 0 1 1 1 
1 0 0 1 1 0 0 1 1 1 0 0 1 0 1 0 1 1 0 1 0 0 0 1 0 0 1 0 0 0 0 0 0 0 0 1 1 0 1 0 1 0 0 1 1 1 0 0 0 1 0 0 0 0 1 0 0 1 0 0 0 0 0 0 1 0 1 0 1 0 0 0 0 0 1 0 0 0 1 1 0 1 0 1 0 1 0 1 1 1 1 1 0 0 0 0 0 0 0 1 0 0 0 0 1 0 0 1 0 0 0 1 0 1 0 1 1 1 0 0 1 0 1 1 0 0 0 0 1 0 1 0 0 1 1 1 0 0 1 0 0 0 1 0 0 1 0 0 1 0 
0 0 1 1 0 1 1 0 1 0 0 0 0 0 1 1 1 0 1 0 1 0 0 0 0 1 0 1 1 1 0 0 1 0 1 0 0 0 0 1 0 0 0 0 1 0 0 0 0 0 0 0 1 0 1 0 1 0 1 0 1 0 0 0 0 0 1 0 0 0 0 1 1 0 1 1 0 1 1 0 0 0 0 0 0 1 0 1 0 1 0 0 0 0 1 1 0 0 1 0 1 1 0 0 1 0 0 0 0 0 0 0 0 0 1 1 0 1 0 1 1 1 0 1 1 0 0 0 0 0 0 0 0 1 0 0 0 0 0 0 0 0 0 0 0 0 1 0 0 1 
1 0 0 1 1 0 0 1 0 1 0 0 0 0 0 0 0 1 0 1 0 0 0 0 0 0 1 0 0 0 0 0 0 0 0 1 0 0 1 0 1 0 0 1 1 1 0 0 0 1 0 0 0 0 1 0 0 1 0 0 0 0 0 0 1 0 0 0 1 0 0 0 0 0 0 0 0 0 0 0 0 1 0 1 0 0 0 0 1 0 1 1 0 0 0 0 0 0 0 1 0 0 0 0 1 0 0 1 0 0 0 0 0 1 0 1 1 0 0 0 0 0 1 0 0 0 0 0 1 0 0 0 0 0 0 0 1 0 0 0 0 0 1 0 0 1 0 0 1 0 
0 1 0 0 0 0 1 0 0 0 0 0 0 0 0 0 0 0 1 0 0 0 0 0 0 1 0 1 1 0 1 1 0 0 1 0 0 1 0 1 0 0 1 0 0 0 0 0 1 0 0 0 1 1 0 1 1 0 1 0 0 0 0 1 0 0 0 0 0 1 0 1 1 0 0 1 1 1 0 0 0 0 1 0 1 0 1 0 0 0 0 0 0 0 0 0 1 1 0 0 1 0 1 0 0 0 1 0 1 1 0 0 1 0 0 0 0 0 0 1 0 0 0 0 0 1 0 1 0 1 0 0 0 0 0 0 0 0 0 0 0 1 0 1 0 0 0 0 0 1 
0 1 0 0 0 0 0 0 0 0 1 1 1 1 0 0 0 0 0 0 0 1 1 1 1 0 0 1 0 0 1 1 0 1 0 0 1 0 0 0 0 1 1 0 0 0 1 1 1 0 1 1 0 1 0 1 0 0 0 1 0 1 1 1 0 1 0 1 0 1 1 1 0 1 0 0 1 0 0 1 1 0 1 0 0 0 0 0 0 0 0 0 1 1 0 0 0 1 1 0 0 0 1 1 0 1 0 0 0 1 1 1 0 0 0 0 0 0 1 0 0 0 0 0 0 1 1 0 0 0 1 1 1 0 1 0 0 0 0 0 0 1 0 0 1 0 0 1 0 0 
0 1 0 0 0 0 1 0 0 0 1 1 1 0 0 0 1 0 0 0 0 1 1 1 0 1 0 1 0 0 1 1 0 1 1 0 1 1 0 1 0 1 1 0 0 0 1 1 1 0 1 1 0 1 0 1 1 0 1 1 0 1 1 1 0 1 0 1 0 1 1 1 0 0 1 0 1 0 0 1 0 0 1 0 1 0 1 0 0 0 0 0 1 1 0 0 1 1 1 0 1 0 1 1 0 1 1 0 1 1 1 0 1 0 0 0 0 0 1 0 0 0 0 0 0 1 1 1 0 1 0 1 1 0 1 0 0 0 0 1 1 0 0 1 1 0 0 1 0 1 
1 1 0 1 1 0 0 1 0 1 0 1 1 1 1 0 1 1 0 1 0 0 1 1 1 0 1 0 0 0 0 0 0 1 0 1 1 0 1 0 1 1 0 1 1 1 1 0 0 1 1 0 0 0 1 0 0 1 0 1 0 0 0 0 1 1 1 1 1 0 1 0 0 1 1 0 0 0 0 1 1 1 0 1 0 1 0 1 1 1 1 1 1 1 0 0 0 0 1 1 0 0 0 0 1 1 0 1 0 0 0 1 0 1 0 1 1 1 1 0 1 0 1 0 0 1 1 0 1 0 1 1 0 1 1 1 1 0 1 0 0 0 0 0 1 1 0 1 1 1 
0 1 0 0 0 0 1 0 0 0 0 0 1 0 0 0 0 0 1 0 0 1 0 0 0 1 0 1 1 0 1 1 0 0 1 0 0 1 0 1 0 0 1 0 0 0 0 0 1 0 0 0 1 1 0 1 1 0 1 0 0 0 0 1 0 0 0 0 0 1 1 1 1 0 0 1 1 1 0 0 0 0 1 0 1 0 1 0 0 0 0 0 0 0 0 0 1 1 1 0 1 0 1 1 0 0 1 0 1 1 1 0 1 0 0 0 0 0 0 1 0 0 0 0 0 1 0 1 0 1 0 0 1 0 0 0 0 0 0 1 0 1 0 0 0 0 0 0 0 1 
1 1 0 0 0 0 0 1 0 0 1 1 1 1 0 0 1 1 0 1 0 1 1 1 1 0 0 1 0 0 1 1 0 1 0 1 1 0 1 0 0 1 1 1 0 0 1 1 1 0 1 1 0 1 0 1 0 0 0 1 0 1 1 0 1 1 0 1 1 1 1 1 0 1 0 0 0 0 0 1 1 0 1 1 0 1 0 0 0 0 0 0 1 1 0 0 0 1 1 1 0 0 1 1 0 1 0 1 0 0 1 1 0 1 0 0 1 1 1 0 0 0 1 0 0 1 1 0 1 0 1 1 1 0 1 1 0 0 0 0 1 1 1 0 0 0 0 1 0 1 
1 0 1 1 1 0 0 1 1 1 0 0 1 0 1 0 1 1 0 1 1 0 0 1 0 0 1 0 0 1 0 0 0 0 0 1 0 0 1 0 1 0 0 1 1 1 0 0 0 1 0 0 0 0 1 0 0 1 0 0 0 0 0 0 1 0 1 0 1 0 0 0 0 0 1 0 0 0 1 1 0 1 0 1 0 1 0 1 1 1 1 1 0 0 0 1 0 0 1 1 0 0 0 0 1 0 0 1 0 0 0 1 0 1 0 1 1 1 0 0 1 0 1 1 0 0 0 0 1 0 1 0 0 1 1 1 1 0 1 0 0 0 1 0 0 0 0 0 1 1 
0 0 1 1 0 1 1 0 1 0 0 0 0 0 1 1 1 0 1 0 1 0 0 0 0 1 0 0 1 1 0 0 1 0 1 0 0 0 0 1 0 0 0 0 1 0 0 0 0 1 0 0 1 0 1 0 1 0 1 0 1 0 0 0 0 0 1 0 0 0 0 1 1 0 1 1 0 1 1 0 0 0 0 0 0 1 0 1 0 1 0 0 0 0 1 1 0 0 1 0 1 1 0 0 1 0 0 0 0 0 0 0 0 0 1 1 0 1 0 1 1 1 0 1 1 0 0 0 0 0 0 0 0 1 0 0 0 1 0 0 0 0 0 0 0 0 0 0 0 1 
1 1 0 0 0 0 0 1 0 0 1 1 1 1 1 0 1 1 0 1 0 1 1 1 1 0 0 1 0 0 1 1 0 1 1 1 1 0 1 0 0 1 1 1 0 1 1 1 1 0 1 1 0 1 1 1 0 0 1 1 0 1 1 1 1 1 1 1 1 1 1 1 0 1 1 0 0 0 0 1 1 0 1 1 0 1 0 0 0 0 0 0 1 1 0 0 0 1 1 1 1 0 1 1 0 1 0 1 0 0 1 1 0 1 0 1 1 1 1 0 1 0 1 0 0 1 1 0 1 0 1 1 1 0 1 1 0 0 0 0 1 1 1 0 1 0 0 0 0 1 
1 1 1 1 1 0 0 1 1 1 0 1 1 0 1 0 1 1 1 1 1 0 0 1 0 0 1 0 0 1 0 0 0 0 1 1 1 0 1 0 1 0 0 1 1 1 1 0 0 1 0 0 0 0 1 0 0 1 0 0 0 0 0 0 1 1 1 0 1 0 0 0 0 0 1 0 0 0 1 1 0 1 0 1 0 1 0 1 1 1 1 1 0 0 0 1 0 0 1 1 1 0 0 0 1 1 0 1 0 0 0 1 0 1 1 1 1 1 1 0 1 0 1 1 1 0 1 0 1 0 1 1 0 1 1 1 1 0 1 0 0 0 1 0 0 1 0 0 0 1 
1 1 1 1 0 1 1 1 1 1 0 1 1 0 1 1 1 1 1 1 1 1 1 1 0 1 1 1 1 1 1 1 1 1 1 1 1 0 1 1 0 1 1 0 1 0 1 1 1 1 0 0 1 0 1 1 1 0 1 0 1 0 1 1 1 1 1 1 0 1 1 1 1 0 1 1 0 1 1 1 0 0 1 1 0 1 0 1 0 1 0 0 1 1 0 1 1 1 1 0 1 1 0 1 1 1 0 1 1 1 1 1 1 1 1 1 0 1 1 1 1 1 1 1 1 1 1 1 0 0 1 1 1 1 1 1 0 1 0 1 0 1 1 1 1 1 1 1 1 0 
