150 50 0.499955
1 45 59
2 20 11
3 4 54
4 39 17
5 45 70
6 84 39
7 14 64
8 97 35
9 26 60
10 70 62
11 4 61
12 25 79
13 3 20
14 6 30
15 86 60
16 42 90
17 9 77
18 62 18
19 27 6
20 48 55
21 57 15
22 49 15
23 3 7
24 71 72
25 30 45
26 72 47
27 89 41
28 4 75
29 24 17
30 91 21
31 38 12
32 75 22
33 69 59
34 29 35
35 92 87
36 10 75
37 68 74
38 56 55
39 23 69
40 92 53
41 65 93
42 58 79
43 3 65
44 83 30
45 50 16
46 15 68
47 100 19
48 79 79
49 54 45
50 93 79
51 73 29
52 85 3
53 4 19
54 42 15
55 94 47
56 61 4
57 52 74
58 53 45
59 38 86
60 33 29
61 51 1
62 50 84
63 62 45
64 15 98
65 38 62
66 29 45
67 12 3
68 18 55
69 43 46
70 79 96
71 36 74
72 70 77
73 60 74
74 53 13
75 51 60
76 11 19
77 45 75
78 70 28
79 7 93
80 3 46
81 50 23
82 54 37
83 80 50
84 81 5
85 12 2
86 50 13
87 66 21
88 66 19
89 39 67
90 61 95
91 96 11
92 36 8
93 66 32
94 98 100
95 86 100
96 86 51
97 31 97
98 59 76
99 16 46
100 69 27
101 82 88
102 75 34
103 27 22
104 70 87
105 10 57
106 48 94
107 66 46
108 32 29
109 14 24
110 17 17
111 42 64
112 2 3
113 1 77
114 89 58
115 71 3
116 56 47
117 93 20
118 28 25
119 35 34
120 2 54
121 54 59
122 7 66
123 91 73
124 24 66
125 86 16
126 2 15
127 63 31
128 82 8
129 10 79
130 16 9
131 41 58
132 53 78
133 54 87
134 78 20
135 58 53
136 11 38
137 30 60
138 52 30
139 20 74
140 75 57
141 64 79
142 59 28
143 78 100
144 39 1
145 51 14
146 45 69
147 8 35
148 73 63
149 2 20
150 32 65
0 0 1 1 1 1 1 0 1 1 1 1 0 1 1 1 1 1 0 1 1 1 0 1 1 1 1 1 1 0 1 1 1 1 0 1 1 1 1 1 1 1 1 1 1 1 0 1 1 0 1 0 0 1 0 0 1 1 1 1 0 1 1 1 1 1 0 1 1 0 1 1 1 1 1 0 1 1 0 1 1 1 1 0 0 1 1 1 1 1 0 0 1 0 0 1 1 1 1 1 1 1 1 1 1 1 1 1 1 0 1 0 1 1 0 1 0 1 1 1 1 1 1 1 0 0 1 0 1 0 1 1 1 0 1 1 1 1 1 1 1 1 0 0 1 1 1 1 0 1 
0 0 1 1 0 0 0 0 1 0 0 0 1 1 0 0 0 1 1 0 1 1 1 0 1 0 0 0 1 0 1 0 0 1 0 0 0 0 0 0 0 0 0 0 1 0 0 0 1 0 0 0 1 1 0 1 0 1 0 1 1 0 0 0 0 1 1 1 1 0 0 0 0 1 0 1 0 0 0 1 1 1 0 0 1 1 1 1 0 0 0 1 0 0 0 0 0 0 1 0 0 0 1 0 1 0 0 1 1 1 0 1 0 0 0 0 0 1 1 1 0 0 0 0 0 1 1 0 0 1 0 0 0 0 0 1 0 1 0 0 0 1 0 1 1 0 1 0 1 0 
1 1 0 0 1 0 1 0 1 0 1 1 1 1 0 0 1 0 0 1 0 0 1 0 1 0 0 1 1 0 0 0 0 1 0 1 0 0 1 0 0 0 1 0 0 1 0 0 0 0 0 0 1 0 0 0 0 1 1 1 0 0 0 1 1 1 0 1 1 0 1 0 0 0 1 1 1 0 1 1 0 0 0 0 0 0 0 0 1 0 0 0 0 0 0 0 0 0 1 0 0 0 1 0 1 0 0 1 1 1 1 0 1 0 0 0 0 1 1 1 0 1 0 1 0 1 0 0 1 1 1 0 0 0 0 1 1 0 1 0 0 0 0 0 0 1 1 0 1 1 
1 1 0 0 0 0 0 0 1 0 0 0 1 1 0 0 0 1 1 1 1 1 1 0 1 1 0 0 1 0 1 1 0 1 0 0 0 1 0 0 0 0 0 1 1 0 0 0 1 0 1 1 1 1 0 1 0 1 0 1 1 0 1 0 1 1 1 1 1 0 0 0 0 1 1 1 0 1 0 1 1 1 0 1 1 1 1 1 1 0 0 1 1 0 0 0 0 0 1 1 0 1 1 0 1 0 1 1 1 1 1 1 0 0 1 1 0 1 1 0 1 0 0 0 1 1 1 1 0 1 1 0 0 1 1 1 1 1 0 0 0 1 0 1 1 0 1 0 1 1 
1 0 1 0 0 1 1 0 1 1 1 1 0 0 1 1 1 0 0 1 0 0 0 1 1 1 0 1 0 0 0 0 1 1 1 1 1 1 1 1 1 1 1 0 0 1 0 1 1 1 1 0 0 0 0 0 1 1 1 1 0 1 1 1 1 1 0 1 1 1 1 1 1 0 1 0 1 1 1 1 1 1 1 0 0 0 0 0 1 1 0 0 1 0 0 1 1 1 1 1 1 1 0 1 1 1 1 1 0 0 1 0 1 1 0 1 0 1 1 1 1 1 1 1 0 0 1 0 1 0 1 1 1 0 1 1 1 1 1 1 1 1 1 0 0 1 0 1 0 1 
1 0 0 0 1 0 0 1 0 1 0 0 0 0 1 0 0 1 0 1 1 1 0 1 0 1 1 0 0 1 0 1 1 0 1 0 1 1 0 1 0 1 0 1 1 0 1 1 1 1 1 1 0 1 1 1 1 1 0 0 0 0 1 0 0 0 0 0 1 0 0 1 1 1 1 0 0 1 0 0 1 1 1 1 0 1 1 1 0 0 1 0 1 0 0 1 0 1 0 1 1 1 0 1 0 0 1 0 0 0 1 0 0 1 1 1 1 0 1 0 1 0 1 0 1 0 1 1 0 0 1 1 0 1 1 0 0 1 0 1 1 1 0 0 1 1 0 1 0 0 
1 0 1 0 1 0 0 0 1 0 1 1 1 1 0 1 1 0 0 1 0 0 0 0 1 0 0 1 1 0 0 0 0 1 0 1 0 1 1 0 0 1 1 0 0 1 0 0 1 0 0 0 1 0 0 0 1 1 1 1 0 1 0 1 1 1 0 1 1 0 1 0 1 0 1 1 1 0 1 1 0 1 0 0 0 0 0 0 1 0 0 0 0 0 0 0 1 1 1 0 0 0 1 0 1 1 0 1 1 1 1 0 1 0 0 1 0 1 1 1 1 1 0 1 0 0 0 0 1 0 1 1 1 0 1 1 1 0 1 0 0 0 0 0 0 1 1 0 1 1 
0 0 0 0 0 1 0 0 0 1 0 0 0 0 1 0 0 1 0 0 1 0 0 1 0 1 1 0 0 1 0 1 1 0 0 0 1 1 0 1 0 0 0 1 0 0 1 1 1 1 1 1 0 0 1 1 0 1 0 0 0 0 1 0 0 0 0 0 0 0 0 1 0 1 0 0 0 1 0 0 1 1 1 1 0 0 1 1 0 0 1 0 1 0 0 1 0 0 0 1 0 1 0 0 0 0 1 0 0 0 0 0 0 1 1 1 1 0 0 0 1 0 1 0 1 0 1 1 0 0 0 0 0 1 1 0 0 1 0 1 0 1 0 0 0 0 0 1 0 0 
1 1 1 1 1 0 1 0 0 1 1 1 1 1 0 1 1 0 0 1 0 0 0 1 1 1 0 1 1 0 1 0 1 1 0 1 1 1 1 0 0 1 1 0 0 1 0 0 1 0 0 0 1 1 0 0 1 1 1 1 0 1 1 1 1 1 0 1 1 0 1 1 1 0 1 1 1 0 1 1 1 1 0 0 0 0 0 0 1 1 0 0 1 0 0 0 1 1 1 0 0 0 1 0 1 1 1 1 1 1 1 0 1 0 0 1 0 1 1 1 1 1 0 1 0 0 1 0 1 0 1 1 1 0 1 1 1 1 1 1 1 1 0 0 0 1 1 1 1 1 
1 0 0 0 1 1 0 1 1 0 0 1 0 0 1 1 0 1 0 1 1 0 0 1 1 1 1 0 0 1 0 1 1 1 1 0 1 1 1 1 1 1 0 1 0 0 0 1 1 1 1 0 0 0 1 0 1 1 1 1 0 1 1 0 1 1 0 0 1 1 1 1 1 0 1 0 1 1 0 0 1 1 1 0 0 0 1 1 1 1 0 0 1 1 1 1 0 1 0 1 1 1 0 1 0 1 1 0 0 0 1 0 0 1 0 1 1 0 1 0 1 0 1 1 1 0 1 0 0 0 1 1 1 1 1 0 1 1 0 1 1 1 1 0 0 1 0 1 0 1 
1 0 1 0 1 0 1 0 1 0 0 1 1 1 0 1 1 0 0 1 0 0 0 0 1 0 0 1 1 0 0 0 0 1 0 1 0 0 1 0 0 0 1 0 0 1 0 0 0 0 0 0 1 0 0 0 1 0 1 1 0 0 0 1 1 1 0 1 1 0 1 0 0 0 1 1 1 0 1 1 0 0 0 0 0 0 0 0 1 0 0 0 0 0 0 0 1 0 1 0 0 0 1 0 1 0 0 1 1 1 1 0 1 0 0 0 0 1 1 1 0 1 0 1 0 1 0 0 1 0 1 0 0 0 0 1 1 0 1 0 0 0 0 0 0 1 1 0 1 1 
1 0 1 0 1 0 1 0 1 1 1 0 0 0 0 1 1 0 0 1 0 0 0 1 1 0 0 1 0 0 0 0 1 1 0 1 1 1 1 0 1 1 1 0 0 1 0 0 1 0 0 0 0 0 0 0 1 1 1 0 0 1 0 1 1 1 0 1 1 0 1 1 1 0 1 0 1 0 1 1 0 0 0 0 0 0 0 0 1 1 0 0 0 0 0 0 1 1 1 0 0 0 0 1 1 1 0 0 0 0 1 0 1 0 0 1 0 0 1 1 1 1 0 1 0 0 0 0 1 0 1 1 1 0 1 1 1 0 1 0 1 0 0 0 0 1 1 0 0 1 
0 1 1 1 0 0 1 0 1 0 1 0 0 1 0 0 0 0 1 0 0 1 1 0 1 0 0 0 1 0 1 0 0 1 0 0 0 0 0 0 0 0 1 0 1 1 0 0 0 0 0 0 1 1 0 0 0 0 0 1 0 0 0 0 0 1 1 1 1 0 0 0 0 0 0 1 0 0 0 1 1 0 0 0 1 1 0 0 0 0 0 1 0 0 0 0 0 0 1 0 0 0 1 0 1 0 0 1 1 1 0 1 0 0 0 0 0 1 1 1 0 1 0 0 0 1 0 0 0 1 0 0 0 0 0 1 1 0 0 0 0 0 0 1 1 0 1 0 1 0 
1 1 1 1 0 0 1 0 1 0 1 0 1 0 0 0 1 0 1 1 0 1 1 0 1 0 0 1 1 0 1 0 0 1 0 1 0 0 1 0 0 0 1 0 1 1 0 0 0 0 0 0 1 1 0 0 0 1 0 1 0 0 0 0 1 1 1 1 1 0 0 0 0 1 0 1 0 0 0 1 1 1 0 0 1 1 0 0 1 0 0 1 0 0 0 0 0 0 1 0 0 0 1 0 1 0 0 1 1 1 1 1 1 0 0 0 0 1 1 1 0 1 0 1 0 1 0 0 1 1 1 0 0 0 0 1 1 1 1 0 0 0 0 1 1 0 1 0 1 1 
1 0 0 0 1 1 0 1 0 1 0 0 0 0 0 0 0 1 0 1 0 0 0 1 0 1 1 0 0 1 0 1 1 0 1 0 1 1 0 1 1 1 0 1 0 0 1 1 1 1 1 0 0 0 1 0 1 1 0 0 0 1 1 0 1 0 0 0 1 1 0 1 1 0 1 0 1 1 0 0 0 1 1 0 0 0 1 1 1 1 0 0 1 1 1 1 0 1 0 1 1 1 0 1 0 0 1 0 0 0 1 0 0 1 0 1 1 0 0 0 1 0 1 0 1 0 1 0 0 0 1 1 1 1 1 0 0 1 0 1 1 1 1 0 0 1 0 1 0 0 
1 0 0 0 1 0 1 0 1 1 1 1 0 0 0 0 1 0 0 1 0 0 0 1 1 0 0 1 0 0 0 0 1 0 0 1 1 1 1 0 1 1 1 0 0 1 0 1 1 0 0 0 0 0 0 0 1 1 1 0 0 1 1 1 1 1 0 1 1 1 1 1 1 0 1 0 1 0 1 0 0 0 0 0 0 0 0 0 1 1 0 0 0 0 1 0 1 1 0 0 1 0 0 1 1 1 0 0 0 0 1 0 1 0 0 1 0 0 0 0 1 1 0 1 0 0 0 0 1 0 1 1 1 0 1 0 1 0 1 1 1 0 1 0 0 1 0 1 0 1 
1 0 1 0 1 0 1 0 1 0 1 1 0 1 0 1 0 0 0 1 0 0 0 0 1 0 0 1 0 0 0 0 0 1 0 1 0 0 1 0 0 1 1 0 0 1 0 0 0 0 0 0 0 0 0 0 1 0 1 0 0 1 0 1 1 1 0 1 1 0 1 0 0 0 1 0 1 0 1 1 0 0 0 0 0 0 0 0 1 0 0 0 0 0 0 0 1 0 1 0 0 0 0 0 1 1 0 0 0 0 1 0 1 0 0 0 0 0 0 1 1 1 0 1 0 0 0 0 1 0 1 1 1 0 0 1 1 0 1 0 0 0 0 0 0 1 1 0 0 1 
1 1 0 1 0 1 0 1 0 1 0 0 0 0 1 0 0 0 1 1 1 1 0 0 1 1 1 0 1 1 1 1 1 1 0 0 0 1 0 1 0 0 0 1 1 0 1 0 1 0 1 1 0 1 1 1 0 1 0 1 1 0 1 0 0 1 0 0 1 0 0 0 0 1 1 0 0 1 0 0 1 1 1 1 0 1 1 1 0 0 1 1 1 0 0 1 0 0 0 1 0 1 1 0 0 0 1 1 1 1 0 0 0 1 1 1 1 1 1 0 1 0 0 0 1 0 1 1 0 1 1 0 0 1 1 0 0 1 0 1 0 1 0 1 1 0 0 1 0 0 
0 1 0 1 0 0 0 0 0 0 0 0 1 1 0 0 0 1 0 0 1 1 1 0 1 0 0 0 1 0 1 0 0 1 0 0 0 0 0 0 0 0 0 0 1 0 0 0 1 0 0 0 1 1 0 1 0 1 0 1 1 0 0 0 0 1 1 1 1 0 0 0 0 1 0 1 0 1 0 1 1 1 0 0 1 1 1 1 0 0 0 1 1 0 0 0 0 0 1 1 0 0 1 0 0 0 0 1 1 1 0 1 0 0 1 0 0 1 1 0 0 0 0 0 0 1 1 0 0 1 0 0 0 0 0 1 0 1 0 0 0 1 0 1 1 0 1 0 1 0 
1 0 1 1 1 1 1 0 1 1 1 1 0 1 1 1 1 1 0 0 1 1 0 1 1 1 1 1 1 0 1 1 1 1 0 1 1 1 1 1 1 1 1 1 1 1 0 1 1 0 1 0 0 1 1 0 1 1 1 1 0 1 1 0 1 1 0 1 1 0 1 1 1 1 1 0 1 1 0 1 1 1 1 0 0 1 1 1 1 1 0 1 1 0 0 1 1 1 1 1 1 1 1 1 1 1 1 1 1 1 1 0 0 1 0 1 0 1 1 1 1 1 1 1 0 0 1 0 1 0 1 1 1 1 1 1 1 1 1 1 1 1 0 0 1 1 1 1 0 1 
1 1 0 1 0 1 0 1 0 1 0 0 0 0 0 0 0 1 1 1 0 1 0 0 1 1 1 0 1 1 1 1 1 1 0 0 0 1 0 0 0 0 0 1 1 0 1 0 1 0 1 1 0 1 1 1 0 1 0 1 1 0 1 0 0 1 1 0 1 0 0 0 0 1 1 1 0 1 0 0 1 1 1 1 1 1 1 1 0 0 1 1 1 0 0 1 0 0 0 1 0 1 1 0 0 0 1 1 1 1 0 0 0 0 1 1 1 1 1 0 1 0 0 0 1 0 1 1 0 1 1 0 0 1 1 0 0 1 0 1 0 1 0 1 1 0 0 0 0 0 
1 1 0 1 0 1 0 0 0 0 0 0 1 1 0 0 0 1 1 1 1 0 1 0 1 1 1 0 1 1 1 1 1 1 0 0 0 1 0 0 0 0 0 1 1 0 0 0 1 0 1 1 1 1 0 1 0 1 0 1 1 0 1 0 1 1 1 0 1 0 0 0 0 1 1 1 0 1 0 0 1 1 1 1 1 1 1 1 0 0 1 1 1 0 0 0 0 0 1 1 0 1 1 0 0 0 1 1 1 1 1 1 0 0 1 1 1 1 1 0 1 0 0 0 1 1 1 1 0 1 1 0 0 1 1 1 1 1 0 1 0 1 0 1 1 0 1 0 1 0 
0 1 1 1 0 0 0 0 0 0 0 0 1 1 0 0 0 0 1 0 0 1 0 0 1 0 0 0 1 0 1 0 0 1 0 0 0 0 0 0 0 0 0 0 1 0 0 0 0 0 0 0 1 1 0 0 0 0 0 1 1 0 0 0 0 1 1 0 0 0 0 0 0 0 0 1 0 0 0 1 1 0 0 0 1 1 0 0 0 0 0 1 0 0 0 0 0 0 1 0 0 0 1 0 0 0 0 1 1 1 0 1 0 0 0 0 0 1 1 1 0 0 0 0 0 1 0 0 0 1 0 0 0 0 0 1 0 0 0 0 0 0 0 1 1 0 1 0 1 0 
1 0 0 0 1 1 0 1 1 1 0 1 0 0 1 1 0 0 0 1 0 0 0 0 1 1 1 0 0 0 0 0 1 0 1 0 1 1 1 1 1 1 0 1 0 0 0 1 1 1 1 0 0 0 1 0 1 1 1 0 0 1 1 0 1 1 0 0 1 1 1 1 1 0 1 0 1 1 0 0 0 1 1 0 0 0 0 0 1 1 0 0 1 1 1 1 1 1 0 1 1 1 0 1 0 1 1 0 0 0 1 0 0 1 0 1 0 0 0 0 1 0 1 1 0 0 1 0 0 0 1 1 1 0 1 0 1 1 0 1 1 1 1 0 0 1 0 1 0 1 
1 1 1 1 1 0 1 0 1 1 1 1 1 1 0 1 1 1 1 1 1 1 1 1 0 1 0 1 1 0 1 0 1 1 0 1 1 1 1 0 0 1 1 0 1 1 0 0 1 0 1 0 1 1 0 0 1 1 1 1 1 1 1 0 1 1 1 1 1 0 1 0 1 1 1 1 1 1 0 1 1 1 0 0 1 1 1 1 1 0 0 1 1 0 0 0 0 1 1 1 0 1 1 0 1 0 1 1 1 1 1 0 1 0 0 1 0 1 1 1 1 1 0 1 0 1 1 0 1 1 1 1 1 0 1 1 1 1 1 1 1 1 0 1 1 1 1 1 1 1 
1 0 0 1 1 1 0 1 1 1 0 0 0 0 1 0 0 1 0 1 1 1 0 1 1 0 1 0 0 1 1 1 1 1 1 0 1 1 0 1 1 1 0 1 1 0 1 1 1 1 1 1 0 1 1 1 1 1 0 1 0 1 1 0 1 1 0 0 1 1 1 1 1 1 1 0 1 1 0 0 1 1 1 1 0 1 1 1 1 1 1 0 1 0 0 1 0 1 0 1 1 1 0 1 0 0 1 1 0 0 1 0 0 1 1 1 1 1 1 0 1 0 1 0 1 0 1 1 0 0 1 1 1 1 1 0 1 1 0 1 1 1 0 0 1 1 0 1 0 1 
1 0 0 0 0 1 0 1 0 1 0 0 0 0 1 0 0 1 0 1 1 1 0 1 0 1 0 0 0 1 0 1 1 0 1 0 1 1 0 1 0 1 0 1 1 0 1 1 1 1 1 1 0 0 1 1 1 1 0 0 0 0 1 0 0 0 0 0 1 0 0 1 1 1 1 0 0 1 0 0 1 1 1 1 0 1 1 1 0 0 1 0 1 0 0 1 0 1 0 1 1 1 0 1 0 0 1 0 0 0 0 0 0 1 1 1 1 0 0 0 1 0 1 0 1 0 1 1 0 0 0 0 0 1 1 0 0 1 0 1 1 1 0 0 1 0 0 1 0 0 
1 0 1 0 1 0 1 0 1 0 1 1 0 1 0 1 1 0 0 1 0 0 0 0 1 0 0 0 0 0 0 0 0 1 0 1 0 0 1 0 0 0 1 0 0 1 0 0 0 0 0 0 0 0 0 0 1 0 1 0 0 1 0 1 1 1 0 1 1 0 1 0 0 0 1 0 1 0 1 1 0 0 0 0 0 0 0 0 1 0 0 0 0 0 0 0 1 0 1 0 0 0 0 0 1 1 0 0 0 0 1 0 1 0 0 0 0 0 0 1 0 1 0 1 0 0 0 0 1 0 1 1 0 0 0 1 1 0 1 0 0 0 0 0 0 1 1 0 0 1 
1 1 1 1 0 0 1 0 1 0 1 0 1 1 0 0 0 1 1 1 1 1 1 0 1 0 0 0 0 0 1 0 0 1 0 0 0 1 0 0 0 0 0 0 1 0 0 0 1 0 0 0 1 1 0 1 0 1 0 1 1 0 1 0 1 1 1 1 1 0 0 0 0 1 0 1 0 1 0 1 1 1 0 0 1 1 1 1 0 0 0 1 1 0 0 0 0 0 1 1 0 0 1 0 1 0 0 1 1 1 0 1 0 0 1 1 0 1 1 1 0 0 0 1 0 1 1 0 0 1 1 0 0 0 1 1 1 1 0 0 0 1 0 1 1 0 1 0 1 1 
0 0 0 0 0 1 0 1 0 1 0 0 0 0 1 0 0 1 0 0 1 1 0 0 0 1 1 0 0 0 0 1 1 0 0 0 0 1 0 1 0 0 0 1 1 0 1 0 1 0 1 1 0 1 1 1 0 1 0 0 1 0 1 0 0 0 0 0 0 0 0 0 0 1 0 0 0 1 0 0 1 1 1 1 0 1 1 1 0 0 1 0 1 0 0 1 0 0 0 1 0 1 0 0 0 0 1 0 0 0 0 0 0 1 1 1 1 0 0 0 0 0 0 0 1 0 1 1 0 0 0 0 0 1 1 0 0 1 0 1 0 1 0 0 1 0 0 1 0 0 
1 1 0 1 0 0 0 0 1 0 0 0 1 1 0 0 0 1 1 1 1 1 1 0 1 1 0 0 1 0 0 1 0 1 0 0 0 1 0 0 0 0 0 1 1 0 0 0 1 0 1 1 1 1 0 1 0 1 0 1 1 0 1 0 1 1 1 1 1 0 0 0 0 1 1 1 0 1 0 1 1 1 0 1 1 1 1 1 0 0 0 1 1 0 0 0 0 0 1 1 0 1 1 0 0 0 1 1 1 1 0 1 0 0 1 1 0 1 1 0 1 0 0 0 1 1 1 1 0 1 1 0 0 1 1 1 1 1 0 0 0 1 0 1 1 0 1 0 1 0 
1 0 0 1 0 1 0 1 0 1 0 0 0 0 1 0 0 1 0 1 1 1 0 0 0 1 1 0 0 1 1 0 1 1 0 0 0 1 0 1 0 0 0 1 1 0 1 0 1 0 1 1 0 1 1 1 0 1 0 1 1 0 1 0 0 0 0 0 1 0 0 0 0 1 1 0 0 1 0 0 1 1 1 1 0 1 1 1 0 0 1 1 1 0 0 1 0 0 0 1 0 1 1 0 0 0 1 1 0 0 0 0 0 1 1 1 1 1 1 0 1 0 0 0 1 0 1 1 0 0 1 0 0 1 1 0 0 1 0 1 0 1 0 1 1 0 0 1 0 0 
1 0 0 0 1 1 0 1 1 1 0 1 0 0 1 1 0 1 0 1 1 1 0 1 1 1 1 0 0 1 0 1 0 1 1 0 1 1 1 1 1 1 0 1 1 0 0 1 1 1 1 0 0 0 1 0 1 1 1 1 0 1 1 0 1 1 0 0 1 1 1 1 1 1 1 0 1 1 0 0 1 1 1 0 0 1 1 1 1 1 0 0 1 0 1 1 0 1 0 1 1 1 0 1 0 1 1 1 0 0 1 0 0 1 0 1 1 0 1 0 1 0 1 1 1 0 1 0 0 0 1 1 1 1 1 0 1 1 0 1 1 1 1 0 1 1 0 1 0 1 
1 1 1 1 1 0 1 0 1 1 1 1 1 1 0 0 1 1 1 1 1 1 1 0 1 1 0 1 1 0 1 1 1 0 0 1 0 1 1 0 0 0 1 0 1 1 0 0 1 0 1 0 1 1 0 1 1 1 0 1 1 0 1 0 1 1 1 1 1 0 1 0 1 1 1 1 1 1 0 1 1 1 0 0 1 1 1 1 1 0 0 1 1 0 0 0 0 0 1 1 0 1 1 0 1 0 1 1 1 1 1 1 0 0 0 1 0 1 1 1 1 1 0 1 0 1 1 0 1 1 1 1 0 0 1 1 1 1 1 0 0 1 0 1 1 1 1 0 1 1 
0 0 0 0 1 1 0 0 0 1 0 0 0 0 1 0 0 0 0 0 0 0 0 1 0 1 1 0 0 0 0 0 1 0 0 0 1 1 0 1 1 1 0 0 0 0 0 1 0 1 0 0 0 0 1 0 1 0 0 0 0 1 0 0 0 0 0 0 0 1 0 1 1 0 1 0 1 0 0 0 0 0 1 0 0 0 0 0 0 1 0 0 0 1 1 1 0 1 0 0 1 0 0 1 0 1 1 0 0 0 0 0 0 1 0 0 0 0 0 0 1 0 1 0 0 0 0 0 0 0 0 1 1 0 1 0 0 0 0 1 1 0 1 0 0 0 0 1 0 0 
1 0 1 0 1 0 1 0 1 0 1 1 0 1 0 1 1 0 0 1 0 0 0 0 1 0 0 1 0 0 0 0 0 1 0 0 0 0 1 0 0 1 1 0 0 1 0 0 0 0 0 0 0 0 0 0 1 0 1 0 0 1 0 1 1 1 0 1 1 0 1 0 0 0 1 0 1 0 1 1 0 0 0 0 0 0 0 0 1 0 0 0 0 0 0 0 1 1 1 0 0 0 0 0 1 1 0 0 0 0 1 0 1 0 0 0 0 0 1 1 1 1 0 1 0 0 0 0 1 0 1 1 1 0 0 1 1 0 1 0 0 0 0 0 0 1 1 0 0 1 
1 0 0 0 1 1 0 1 1 1 0 1 0 0 1 1 0 0 0 1 0 0 0 1 1 1 1 0 0 0 0 0 1 0 1 0 0 1 1 1 1 1 0 1 0 0 0 1 1 1 1 0 0 0 1 0 1 1 1 0 0 1 1 0 1 1 0 0 1 1 1 1 1 0 1 0 1 1 0 0 0 1 1 0 0 0 0 0 1 1 0 0 1 1 1 1 1 1 0 1 1 1 0 1 0 1 1 0 0 0 1 0 0 1 0 1 0 0 0 0 1 0 1 1 0 0 1 0 0 0 1 1 1 0 1 0 1 1 1 1 1 1 1 0 0 1 0 1 0 1 
1 0 0 1 1 1 1 1 1 1 0 1 0 0 1 1 0 1 0 1 1 1 0 1 1 1 1 0 1 1 1 1 1 1 1 0 1 0 1 1 1 1 0 1 1 1 0 1 1 1 1 0 0 1 1 0 1 1 1 1 0 1 1 0 1 1 0 1 1 1 1 1 1 1 1 0 1 1 0 0 1 1 1 0 0 1 1 1 1 1 0 0 1 0 0 1 1 1 1 1 1 1 1 1 1 1 1 1 0 0 1 0 0 1 0 1 0 1 1 0 1 0 1 1 1 0 1 0 0 0 1 1 1 1 1 1 1 1 1 1 1 1 0 0 1 1 0 1 0 1 
1 0 1 0 1 0 1 0 1 1 1 1 0 1 0 1 1 0 0 1 0 0 0 1 1 0 0 1 0 0 0 0 1 1 0 1 1 1 0 0 1 1 1 0 0 1 0 0 1 0 0 0 0 0 0 0 1 1 1 1 0 1 1 1 1 1 0 1 1 0 1 1 1 0 1 0 1 0 1 1 0 1 0 0 0 0 0 0 1 1 0 0 0 0 0 0 1 1 1 0 0 0 1 0 1 1 1 1 1 0 1 0 1 0 0 1 0 1 1 1 1 1 0 1 0 0 0 0 1 0 1 1 1 0 1 1 1 1 1 0 1 0 0 0 0 1 1 0 0 1 
1 0 0 0 1 1 0 1 0 1 0 0 0 0 1 0 0 1 0 1 0 0 0 1 0 1 1 0 0 1 0 1 1 0 1 0 1 1 0 0 1 1 0 1 0 0 1 1 1 1 1 0 0 0 1 0 1 1 0 0 0 0 1 0 0 0 0 0 1 1 0 1 1 0 1 0 0 1 0 0 0 1 1 1 0 0 1 1 0 0 1 0 1 1 1 1 0 1 0 1 1 1 0 1 0 0 1 0 0 0 0 0 0 1 0 1 1 0 0 0 1 0 1 0 1 0 1 1 0 0 0 1 0 1 1 0 0 1 0 1 1 1 1 0 0 1 0 1 0 0 
1 0 0 0 1 0 0 0 0 1 0 1 0 0 1 1 0 0 0 1 0 0 0 1 0 1 0 0 0 0 0 0 1 0 1 0 1 1 1 1 0 1 0 0 0 0 0 1 1 1 0 0 0 0 0 0 1 1 1 0 0 1 1 0 1 0 0 0 0 1 1 1 1 0 1 0 1 0 0 0 0 0 1 0 0 0 0 0 1 1 0 0 0 1 1 1 1 1 0 0 1 0 0 1 0 1 1 0 0 0 1 0 0 1 0 1 0 0 0 0 1 0 1 1 0 0 0 0 0 0 1 1 1 0 1 0 1 0 1 1 1 0 1 0 0 1 0 1 0 1 
1 0 0 0 1 1 1 0 1 1 0 1 0 0 1 1 1 0 0 1 0 0 0 1 1 1 1 0 0 0 0 0 1 0 1 1 1 1 1 1 1 0 0 0 0 1 0 1 1 1 0 0 0 0 1 0 1 1 1 0 0 1 1 1 1 1 0 1 1 1 1 1 1 0 1 0 1 0 0 0 0 1 1 0 0 0 0 0 1 1 0 0 1 1 1 1 1 1 0 0 1 1 0 1 0 1 1 0 0 0 1 0 0 1 0 1 0 0 0 0 1 0 1 1 0 0 1 0 1 0 1 1 1 0 1 0 1 1 1 1 1 0 1 0 0 1 0 1 0 1 
1 0 1 0 1 0 1 0 1 0 1 1 1 1 0 1 1 0 0 1 0 0 0 0 1 0 0 1 0 0 0 0 0 1 0 1 0 0 1 0 0 0 0 0 0 1 0 0 0 0 0 0 1 0 0 0 1 0 1 1 0 0 0 1 1 1 0 1 1 0 1 0 0 0 1 1 1 0 1 1 0 0 0 0 0 0 0 0 1 0 0 0 0 0 0 0 1 0 1 0 0 0 1 0 1 0 0 1 1 1 1 0 1 0 0 0 0 1 1 1 0 1 0 1 0 0 0 0 1 0 1 0 0 0 0 1 1 0 1 0 0 0 0 0 0 1 1 0 1 1 
1 0 0 1 0 1 0 1 0 1 0 0 0 0 1 0 0 1 0 1 1 1 0 1 0 1 1 0 0 1 1 1 1 0 0 0 1 1 0 1 0 0 0 0 1 0 1 1 1 0 1 1 0 1 1 1 0 1 0 0 1 0 1 0 0 0 0 0 1 0 0 1 1 1 1 0 0 1 0 0 1 1 1 1 0 1 1 1 0 0 1 0 1 0 0 1 0 0 0 1 0 1 0 0 0 0 1 0 0 0 0 0 0 1 1 1 1 0 1 0 1 0 1 0 1 0 1 1 0 0 0 0 0 1 1 0 0 1 0 1 0 1 0 0 1 0 0 1 0 0 
1 1 0 1 0 1 0 0 0 0 0 0 1 1 0 0 0 1 1 1 1 1 1 0 1 1 1 0 1 1 1 1 1 1 0 0 0 1 0 0 0 0 0 1 0 0 0 0 1 0 1 1 1 1 0 1 0 1 0 1 1 0 1 0 1 1 1 0 1 0 0 0 0 1 1 1 0 1 0 0 1 1 1 1 1 1 1 1 0 0 1 1 1 0 0 0 0 0 1 1 0 1 1 0 0 0 1 1 1 1 1 1 0 0 1 1 1 1 1 0 1 0 0 0 1 1 1 1 0 1 1 0 0 1 1 1 1 1 0 1 0 1 0 1 1 0 1 0 1 0 
1 0 1 0 1 0 1 0 1 0 1 1 1 1 0 1 1 0 0 1 0 0 0 0 1 0 0 1 0 0 0 0 0 1 0 1 0 1 1 0 0 1 1 0 0 0 0 0 1 0 0 0 0 0 0 0 1 1 1 1 0 1 0 1 1 1 0 1 1 0 1 0 1 0 1 1 1 0 1 1 0 1 0 0 0 0 0 0 1 0 0 0 0 0 0 0 1 1 1 0 0 0 1 0 1 1 0 1 1 0 1 0 1 0 0 1 0 1 1 1 1 1 0 1 0 0 0 0 1 0 1 1 1 0 1 1 1 0 1 0 0 0 0 0 0 1 1 0 1 1 
0 0 0 0 0 1 0 1 0 0 0 0 0 0 1 0 0 1 0 0 1 0 0 0 0 1 1 0 0 1 0 1 0 0 0 0 0 0 0 1 0 0 0 1 0 0 0 0 0 0 1 1 0 0 1 1 0 0 0 0 0 0 1 0 0 0 0 0 0 0 0 0 0 1 0 0 0 1 0 0 0 1 1 1 0 0 1 1 0 0 1 0 1 0 0 1 0 0 0 1 0 1 0 0 0 0 1 0 0 0 0 0 0 1 1 0 1 0 0 0 0 0 0 0 1 0 1 1 0 0 0 0 0 1 0 0 0 1 0 1 0 1 0 0 1 0 0 0 0 0 
1 0 0 0 1 1 0 1 0 1 0 0 0 0 1 1 0 0 0 1 0 0 0 1 0 1 1 0 0 0 0 0 1 0 1 0 1 1 0 1 1 1 0 1 0 0 0 0 1 1 0 0 0 0 1 0 1 1 1 0 0 1 1 0 1 0 0 0 1 1 1 1 1 0 1 0 1 0 0 0 0 1 1 0 0 0 0 0 1 1 0 0 1 1 1 1 0 1 0 0 1 1 0 1 0 1 1 0 0 0 1 0 0 1 0 1 0 0 0 0 1 0 1 0 0 0 0 0 0 0 1 1 1 0 1 0 0 0 0 1 1 0 1 0 0 1 0 1 0 1 
1 1 0 1 1 1 1 1 1 1 0 1 0 0 1 1 0 1 1 1 1 1 0 1 1 1 1 0 1 1 1 1 1 1 0 0 1 1 1 1 1 1 0 1 1 1 0 1 0 0 1 0 0 1 1 1 1 1 1 1 1 1 1 0 1 1 0 1 1 0 1 1 1 1 1 0 1 1 0 0 1 1 1 1 0 1 1 1 1 0 0 1 1 0 0 1 0 1 1 1 0 1 1 1 1 1 1 1 1 1 1 0 0 1 1 1 1 1 1 0 1 0 1 1 1 0 1 1 0 0 1 1 1 1 1 1 1 1 1 1 1 1 0 1 1 1 1 1 0 1 
0 0 0 0 1 1 0 1 0 1 0 0 0 0 1 0 0 0 0 0 0 0 0 1 0 1 1 0 0 0 0 0 1 0 1 0 1 1 0 1 1 1 0 0 0 0 0 1 0 0 0 0 0 0 1 0 1 0 0 0 0 1 1 0 0 0 0 0 0 1 0 1 1 0 1 0 1 0 0 0 0 0 1 0 0 0 0 0 0 1 0 0 0 1 1 1 0 1 0 0 1 1 0 1 0 1 1 0 0 0 0 0 0 1 0 1 0 0 0 0 1 0 1 0 0 0 0 0 0 0 0 1 1 0 1 0 0 0 0 1 1 0 1 0 0 1 0 1 0 0 
1 0 0 1 1 1 0 1 0 1 0 0 0 0 1 0 0 1 0 1 1 1 0 1 1 1 1 0 0 1 1 1 1 1 0 0 1 1 0 1 0 0 0 1 1 0 1 0 1 0 0 1 0 1 1 1 1 1 0 1 1 0 1 0 1 1 0 0 1 0 0 1 1 1 1 0 0 1 0 0 1 1 1 1 0 1 1 1 0 0 1 1 1 0 0 1 0 1 0 1 0 1 1 0 0 0 1 1 0 0 1 0 0 1 1 1 1 1 1 0 1 0 1 0 1 0 1 1 0 0 1 0 0 1 1 0 0 1 0 1 0 1 0 1 1 1 0 1 0 0 
0 0 0 1 0 1 0 1 0 0 0 0 0 0 0 0 0 1 0 0 1 1 0 0 0 1 1 0 0 1 1 1 0 0 0 0 0 0 0 0 0 0 0 1 1 0 1 0 0 0 1 0 0 1 1 1 0 0 0 0 1 0 1 0 0 0 0 0 0 0 0 0 0 1 0 0 0 1 0 0 1 1 1 1 0 1 1 1 0 0 1 1 1 0 0 1 0 0 0 1 0 1 0 0 0 0 1 0 0 0 0 0 0 0 1 0 1 0 0 0 0 0 0 0 1 0 1 1 0 0 0 0 0 1 0 0 0 1 0 0 0 1 0 1 1 0 0 0 0 0 
0 1 1 1 0 0 1 0 1 0 1 0 1 1 0 0 0 0 1 0 0 1 1 0 1 0 0 0 1 0 1 0 0 1 0 0 0 0 0 0 0 0 1 0 1 0 0 0 0 0 0 0 0 1 0 0 0 0 0 1 0 0 0 0 0 1 1 1 1 0 0 0 0 1 0 1 0 0 0 1 1 0 0 0 1 1 0 0 0 0 0 1 0 0 0 0 0 0 1 0 0 0 1 0 1 0 0 1 1 1 0 1 0 0 0 0 0 1 1 1 0 1 0 0 0 1 0 0 0 1 0 0 0 0 0 1 1 1 0 0 0 0 0 1 1 0 1 0 1 0 
1 1 0 1 0 1 0 0 1 0 0 0 1 1 0 0 0 1 1 1 1 1 1 0 1 1 0 0 1 1 1 1 0 1 0 0 0 1 0 0 0 0 0 1 1 0 0 0 1 0 1 1 1 0 0 1 0 1 0 1 1 0 1 0 1 1 1 1 1 0 0 0 0 1 1 1 0 1 0 1 1 1 0 1 1 1 1 1 0 0 0 1 1 0 0 0 0 0 1 1 0 1 1 0 0 0 1 1 1 1 1 1 0 0 1 1 0 1 1 0 1 0 0 0 1 1 1 1 0 1 1 0 0 1 1 1 1 1 0 0 0 1 0 1 1 0 1 0 1 0 
0 0 0 0 0 1 0 1 0 1 0 0 0 0 1 0 0 1 0 1 1 0 0 1 0 1 1 0 0 1 0 1 1 0 1 0 1 1 0 1 0 1 0 1 0 0 1 1 1 1 1 1 0 0 0 0 1 1 0 0 0 0 1 0 0 0 0 0 0 0 0 1 1 0 1 0 0 1 0 0 0 1 1 1 0 0 1 1 0 0 1 0 1 0 0 1 0 1 0 1 1 1 0 1 0 0 1 0 0 0 0 0 0 1 1 1 1 0 0 0 1 0 1 0 1 0 1 1 0 0 0 0 0 1 1 0 0 1 0 1 1 1 0 0 0 0 0 1 0 0 
0 1 0 1 0 1 0 1 0 0 0 0 0 0 0 0 0 1 1 0 1 1 0 0 0 1 1 0 1 1 1 1 0 1 0 0 0 0 0 0 0 0 0 1 1 0 1 0 1 0 1 1 0 1 0 0 0 1 0 1 1 0 1 0 0 0 1 0 1 0 0 0 0 1 0 0 0 1 0 0 1 1 1 1 1 1 1 1 0 0 1 1 1 0 0 0 0 0 0 1 0 1 1 0 0 0 1 1 0 1 0 0 0 0 1 1 1 1 1 0 0 0 0 0 1 0 1 1 0 1 0 0 0 1 1 0 0 1 0 0 0 1 0 1 1 0 0 0 0 0 
1 0 0 0 1 1 1 0 1 1 1 1 0 0 1 1 1 0 0 1 0 0 0 1 1 1 1 1 0 0 0 0 1 1 1 1 1 1 1 1 1 1 1 0 0 1 0 1 1 1 1 0 0 0 1 0 0 1 1 1 0 1 1 1 1 1 0 1 1 1 1 1 1 0 1 0 1 1 1 0 0 1 1 0 0 0 0 0 1 1 0 0 1 0 1 1 1 1 1 1 1 1 0 1 1 1 1 1 0 0 1 0 0 1 0 1 0 0 1 0 1 1 1 1 0 0 1 0 1 0 1 1 1 0 1 0 1 1 1 1 1 1 1 0 0 1 0 1 0 1 
1 1 1 1 1 1 1 1 1 1 0 1 0 1 1 1 0 1 1 1 1 1 0 1 1 1 1 0 1 1 1 1 1 1 0 0 1 1 1 1 1 1 0 1 1 1 0 1 1 0 1 0 0 1 1 1 1 0 1 1 1 1 1 0 1 1 0 1 1 0 1 1 1 1 1 1 1 1 0 0 1 1 1 1 0 1 1 1 1 0 0 1 1 0 0 1 0 1 1 1 0 1 1 1 1 1 1 1 1 1 1 0 0 1 1 1 1 1 1 0 1 0 1 1 1 0 1 1 0 0 1 1 1 1 1 1 1 1 1 1 1 1 0 1 1 1 1 1 0 1 
1 0 1 0 1 0 1 0 1 1 1 1 0 0 0 1 1 0 0 1 0 0 0 1 1 0 0 1 0 0 0 0 1 0 0 1 1 1 1 0 1 1 1 0 0 1 0 1 1 0 0 0 0 0 0 0 1 1 0 0 0 1 1 1 1 1 0 1 1 1 1 1 1 0 1 0 1 0 1 0 0 0 0 0 0 0 0 0 1 1 0 0 0 0 1 0 1 1 1 0 1 0 0 1 1 1 1 0 0 0 1 0 1 0 0 1 0 0 0 1 1 1 0 1 0 0 0 0 1 0 1 1 1 0 1 0 1 0 1 1 1 0 1 0 0 1 0 1 0 1 
1 1 1 1 1 0 1 0 1 1 1 0 1 1 0 0 0 1 1 1 1 1 1 0 1 1 0 0 1 0 1 1 1 1 0 0 0 1 1 0 0 0 1 0 1 1 0 0 1 0 1 0 1 1 0 1 1 1 0 0 1 0 1 0 1 1 1 1 1 0 1 0 0 1 1 1 1 1 0 1 1 1 0 0 1 1 1 1 1 0 0 1 1 0 0 0 0 0 1 1 0 1 1 0 1 0 1 1 1 1 1 1 0 0 1 1 0 1 1 1 1 1 0 1 0 1 1 0 0 1 1 0 0 1 1 1 1 1 1 0 0 1 0 1 1 1 1 0 1 1 
0 1 0 1 0 0 0 0 0 0 0 0 0 0 0 0 0 1 1 0 1 1 1 0 1 0 0 0 1 1 1 1 0 1 0 0 0 0 0 0 0 0 0 1 1 0 0 0 1 0 1 1 0 1 0 1 0 1 0 1 0 0 1 0 0 1 1 0 1 0 0 0 0 1 0 1 0 1 0 0 1 1 0 1 1 1 1 1 0 0 1 1 1 0 0 0 0 0 0 1 0 1 1 0 0 0 1 1 1 1 0 1 0 0 1 1 1 1 1 0 0 0 0 0 1 0 1 1 0 1 0 0 0 1 0 0 0 1 0 0 0 1 0 1 1 0 0 0 0 0 
1 0 0 0 1 0 1 0 1 1 0 1 0 0 1 1 1 0 0 1 0 0 0 1 1 1 0 1 0 0 0 0 1 0 1 1 1 1 1 0 1 1 0 0 0 1 0 1 1 1 0 0 0 0 0 0 1 1 1 0 0 0 1 1 1 1 0 1 1 1 1 1 1 0 1 0 1 0 1 0 0 1 1 0 0 0 0 0 1 1 0 0 0 0 1 1 1 1 0 0 1 0 0 1 1 1 1 0 0 0 1 0 1 1 0 1 0 0 0 0 1 1 1 1 0 0 0 0 1 0 1 1 1 0 1 0 1 0 1 1 1 0 1 0 0 1 0 1 0 1 
1 0 0 1 1 1 0 1 1 1 0 0 0 0 1 1 0 1 0 1 1 1 0 1 1 1 1 0 1 1 1 1 1 1 0 0 1 1 1 1 1 1 0 1 1 0 1 1 1 1 1 1 0 1 1 1 1 1 1 1 1 1 0 0 1 1 0 1 1 0 1 1 1 1 1 0 1 1 0 0 1 1 1 1 0 1 1 1 1 0 1 1 1 0 0 1 0 1 1 1 1 1 1 1 0 0 1 1 0 0 1 0 0 1 1 1 1 1 1 0 1 0 1 1 1 0 1 1 0 0 1 1 1 1 1 0 1 1 0 1 1 1 0 1 1 1 0 1 0 1 
1 0 1 0 1 0 1 0 1 0 1 1 0 0 0 1 1 0 0 0 0 0 0 0 0 0 0 1 0 0 0 0 0 0 0 1 0 0 1 0 0 1 1 0 0 1 0 0 0 0 0 0 0 0 0 0 1 0 1 0 0 1 0 0 1 0 0 1 0 0 1 0 0 0 0 0 1 0 1 0 0 0 0 0 0 0 0 0 1 1 0 0 0 0 0 0 1 1 0 0 0 0 0 0 1 1 0 0 0 0 1 0 1 0 0 0 0 0 0 1 0 1 0 1 0 0 0 0 1 0 1 1 1 0 0 0 1 0 1 0 0 0 0 0 0 1 0 0 0 1 
1 0 1 1 1 0 1 0 1 1 1 1 0 1 1 1 1 0 0 1 0 1 0 1 1 1 0 1 1 0 1 0 1 1 0 1 1 1 1 0 1 1 1 0 1 1 0 1 1 0 1 0 0 1 0 0 1 1 1 1 0 1 1 1 0 1 0 1 1 0 1 1 1 0 1 0 1 1 1 1 1 1 1 0 0 0 1 0 1 1 0 0 1 0 0 1 1 1 1 1 0 1 1 1 1 1 1 1 1 1 1 0 1 0 0 1 0 1 1 1 1 1 0 1 0 0 1 0 1 0 1 1 1 0 1 1 1 1 1 1 1 1 0 0 1 1 1 1 0 1 
1 1 1 1 1 0 1 0 1 1 1 1 1 1 0 1 1 1 1 1 1 1 1 1 1 1 0 1 1 0 1 0 1 1 0 1 1 1 1 0 0 1 1 0 1 1 0 0 1 0 1 0 1 1 0 0 1 1 1 1 1 1 1 0 1 0 1 1 1 0 1 0 1 1 1 1 1 1 0 1 1 1 0 0 1 1 1 1 1 0 0 1 1 0 0 0 0 1 1 1 0 1 1 0 1 0 1 1 1 1 1 1 1 0 0 1 0 1 1 1 1 1 0 1 0 1 1 0 1 1 1 1 1 0 1 1 1 1 1 1 1 1 0 1 1 1 1 1 1 1 
0 1 0 1 0 0 0 0 0 0 0 0 1 1 0 0 0 0 1 0 1 1 1 0 1 0 0 0 1 0 1 0 0 1 0 0 0 0 0 0 0 0 0 0 1 0 0 0 0 0 0 0 1 1 0 1 0 0 0 1 1 0 0 0 0 1 0 0 0 0 0 0 0 1 0 1 0 0 0 1 1 0 0 0 1 1 0 0 0 0 0 1 0 0 0 0 0 0 1 0 0 0 1 0 0 0 0 1 1 1 0 1 0 0 0 0 0 1 1 0 0 0 0 0 0 1 0 0 0 1 0 0 0 0 0 1 0 1 0 0 0 0 0 1 1 0 1 0 1 0 
1 1 1 1 1 0 1 0 1 0 1 1 1 1 0 1 1 0 1 1 0 0 0 0 1 0 0 1 1 0 1 0 0 1 0 1 0 1 1 0 0 1 1 0 0 1 0 0 1 0 0 0 1 1 0 0 1 1 1 1 0 1 1 1 1 1 0 0 1 0 1 0 1 0 1 1 1 0 1 1 1 1 0 0 0 0 0 0 1 0 0 0 0 0 0 0 1 1 1 0 0 0 1 0 1 1 1 1 1 1 1 0 1 0 0 1 0 1 1 1 1 1 0 1 0 1 0 0 1 1 1 1 1 0 1 1 1 1 1 0 0 1 0 0 0 1 1 0 1 1 
1 1 1 1 1 1 1 0 1 1 1 1 1 1 1 1 1 1 1 1 1 1 0 1 1 1 1 1 1 0 1 1 1 1 0 1 1 1 1 1 0 1 1 1 1 1 0 1 1 0 1 0 1 1 0 1 1 1 1 1 1 1 1 0 1 1 0 1 0 0 1 1 1 1 1 1 1 1 0 1 1 1 1 0 0 1 1 1 1 0 0 1 1 0 0 1 0 1 1 1 0 1 1 1 1 1 1 1 1 1 1 0 0 1 0 1 0 1 1 1 1 1 0 1 0 0 1 0 1 1 1 1 1 1 1 1 1 1 1 1 1 1 0 1 1 1 1 1 1 1 
0 0 0 0 1 0 0 0 0 1 0 0 0 0 1 1 0 0 0 0 0 0 0 1 0 1 0 0 0 0 0 0 1 0 1 0 1 1 0 1 1 1 0 0 0 0 0 1 0 1 0 0 0 0 0 0 1 0 1 0 0 1 0 0 0 0 0 0 0 0 1 1 1 0 1 0 1 0 0 0 0 0 1 0 0 0 0 0 1 1 0 0 0 1 1 1 1 1 0 0 1 0 0 1 0 1 0 0 0 0 1 0 0 1 0 0 0 0 0 0 1 0 1 0 0 0 0 0 0 0 0 1 1 0 1 0 0 0 0 1 1 0 1 0 0 1 0 1 0 0 
1 0 1 0 1 0 1 0 1 1 1 1 0 0 0 1 1 0 0 1 0 0 0 1 1 1 0 1 0 0 0 0 1 1 0 1 1 1 1 0 1 1 1 0 0 1 0 1 1 0 0 0 0 0 0 0 1 1 1 1 0 1 1 1 1 1 0 1 1 1 0 1 1 0 1 0 1 0 1 1 0 1 0 0 0 0 0 0 1 1 0 0 0 0 0 0 1 1 1 0 1 0 0 1 1 1 1 1 0 0 1 0 1 0 0 1 0 1 1 1 1 1 0 1 0 0 0 0 1 0 1 1 1 0 1 1 1 1 1 1 1 0 1 0 0 1 1 1 0 1 
1 0 0 0 1 1 0 1 1 1 0 1 0 0 1 1 0 0 0 1 0 0 0 1 0 1 1 0 0 0 0 0 1 0 1 0 1 1 1 1 1 1 0 1 0 0 0 1 1 1 1 0 0 0 1 0 1 1 1 0 0 1 1 0 1 0 0 0 1 1 1 0 1 0 1 0 1 1 0 0 0 1 1 0 0 0 0 0 1 1 0 0 1 1 1 1 1 1 0 0 1 1 0 1 0 1 1 0 0 0 1 0 0 1 0 1 0 0 0 0 1 0 1 1 0 0 1 0 0 0 1 1 1 0 1 0 1 0 0 1 1 0 1 0 0 1 0 1 0 1 
1 0 0 0 1 1 1 0 1 1 0 1 0 0 1 1 0 0 0 1 0 0 0 1 1 1 1 0 0 0 0 0 1 1 1 0 1 1 1 1 1 1 0 1 0 1 0 1 1 1 1 0 0 0 1 0 1 1 1 0 0 1 1 0 1 1 0 1 1 1 1 1 0 0 1 0 1 1 0 0 0 1 1 0 0 0 0 0 1 1 0 0 1 1 1 1 1 1 0 1 1 1 0 1 0 1 1 0 0 0 1 0 0 1 0 1 0 0 1 0 1 0 1 1 0 0 1 0 0 0 1 1 1 0 1 0 1 1 1 1 1 1 1 0 0 1 0 1 0 1 
1 1 0 1 0 1 0 1 0 0 0 0 0 1 0 0 0 1 1 1 1 1 0 0 1 1 1 0 1 1 1 1 1 1 0 0 0 1 0 0 0 0 0 1 1 0 1 0 1 0 1 1 1 1 0 1 0 1 0 1 1 0 1 0 0 1 1 0 1 0 0 0 0 0 1 1 0 1 0 0 1 1 1 1 1 1 1 1 0 0 1 1 1 0 0 0 0 0 1 1 0 1 1 0 0 0 1 1 1 1 0 0 0 0 1 1 1 1 1 0 1 0 0 0 1 0 1 1 0 1 1 0 0 1 1 1 0 1 0 1 0 1 0 1 1 0 0 0 0 0 
1 0 1 1 1 1 1 0 1 1 1 1 0 0 1 1 1 1 0 1 1 1 0 1 1 1 1 1 0 0 1 1 1 1 1 1 1 1 1 1 1 1 1 1 1 1 0 1 1 1 1 0 0 1 1 0 1 1 1 1 0 1 1 0 1 1 0 1 1 1 1 1 1 1 0 0 1 1 0 1 1 1 1 0 0 1 1 1 1 1 0 0 1 0 0 1 1 1 1 1 1 1 1 1 1 1 1 1 0 0 1 0 0 1 0 1 0 1 1 1 1 1 1 1 0 0 1 0 1 0 1 1 1 1 1 1 1 1 1 1 1 1 1 0 1 1 1 1 0 1 
0 1 1 1 0 0 1 0 1 0 1 0 1 1 0 0 0 0 1 0 1 1 1 0 1 0 0 0 1 0 1 0 0 1 0 0 0 0 0 0 0 0 1 0 1 1 0 0 0 0 0 0 1 1 0 0 0 1 0 1 1 0 0 0 0 1 1 1 1 0 0 0 0 1 0 0 0 0 0 1 1 1 0 0 1 1 0 0 0 0 0 1 0 0 0 0 0 0 1 0 0 0 1 0 1 0 0 1 1 1 0 1 0 0 0 0 0 1 1 1 0 1 0 1 0 1 0 0 0 1 1 0 0 0 0 1 1 1 0 0 0 1 0 1 1 0 1 0 1 0 
1 0 1 0 1 0 1 0 1 1 1 1 0 0 1 1 1 0 0 1 0 0 0 1 1 1 0 1 0 0 0 0 1 1 1 1 1 1 1 0 1 1 1 0 0 1 0 1 1 1 0 0 0 0 0 0 1 1 1 1 0 1 1 1 1 1 0 1 1 1 1 1 1 0 1 0 0 0 1 0 0 1 1 0 0 0 0 0 1 1 0 0 1 0 1 1 1 1 1 0 1 0 0 1 1 1 1 1 0 0 1 0 1 1 0 1 0 0 1 1 1 1 1 1 0 0 1 0 1 0 1 1 1 0 1 0 1 1 1 1 1 1 1 0 0 1 0 1 0 1 
1 0 0 1 1 1 0 1 0 1 0 0 0 0 1 0 0 1 1 1 1 1 0 1 1 1 1 0 1 1 1 1 1 1 0 0 1 1 0 1 0 0 0 1 1 0 1 0 1 0 1 1 0 1 1 1 1 1 0 1 1 0 1 0 1 1 0 0 1 0 0 1 1 1 1 0 0 0 0 0 1 1 1 1 0 1 1 1 1 0 1 1 1 0 0 1 0 1 0 1 0 1 1 0 0 0 1 1 0 0 1 0 0 1 1 1 1 1 1 0 1 0 1 0 1 0 1 1 0 0 1 0 0 1 1 0 0 1 0 1 0 1 0 1 1 1 0 1 0 0 
0 0 1 0 1 0 1 0 1 0 1 1 0 0 0 1 1 0 0 0 0 0 0 0 0 0 0 1 0 0 0 0 0 0 0 1 0 0 1 0 0 0 1 0 0 1 0 0 0 0 0 0 0 0 0 0 1 0 1 0 0 1 0 1 1 0 0 1 0 0 1 0 0 0 0 0 1 0 0 1 0 0 0 0 0 0 0 0 1 0 0 0 0 0 0 0 1 0 1 0 0 0 0 0 1 1 0 0 0 0 1 0 1 0 0 0 0 0 0 1 0 1 0 1 0 0 0 0 1 0 1 1 1 0 0 0 1 0 1 0 0 0 0 0 0 1 0 0 0 1 
1 1 1 1 1 0 1 0 1 0 1 1 1 1 0 0 1 0 1 1 0 0 1 0 1 0 0 1 1 0 1 0 0 1 0 1 0 0 1 0 0 0 1 0 0 1 0 0 0 0 0 0 1 1 0 0 0 0 0 1 0 0 0 0 1 1 1 1 1 0 1 0 0 0 1 1 0 0 1 0 0 0 0 0 1 0 0 0 1 0 0 0 0 0 0 0 0 0 1 0 0 0 1 0 1 0 0 1 1 1 1 1 1 0 0 0 0 1 1 1 0 1 0 1 0 1 0 0 1 1 1 0 0 0 0 1 1 0 1 0 0 0 0 0 0 1 1 0 1 1 
1 1 0 1 1 1 0 1 1 1 0 0 1 1 0 0 0 1 1 1 1 1 1 0 1 1 1 0 1 1 1 1 1 1 0 0 0 1 0 0 0 0 0 1 1 0 0 0 1 0 1 1 1 1 0 1 0 1 0 1 1 0 1 0 1 1 1 1 1 0 0 0 0 1 1 1 0 1 0 0 0 1 1 1 1 1 1 1 1 0 1 1 1 0 0 1 0 0 1 1 0 1 1 0 0 0 1 1 1 1 1 0 0 0 1 1 1 1 1 0 1 0 0 0 1 1 1 1 0 1 1 0 0 1 1 1 1 1 0 1 0 1 0 1 1 1 1 1 1 1 
1 1 0 1 1 1 1 1 1 1 0 0 0 1 1 0 0 1 1 1 1 1 0 1 1 1 1 0 1 1 1 1 1 1 0 0 1 1 1 1 0 1 0 1 1 1 1 1 1 0 1 1 0 1 1 1 1 1 0 1 1 1 1 0 1 1 0 1 1 0 1 1 1 1 1 1 1 1 0 0 1 0 1 1 0 1 1 1 1 0 1 1 1 0 0 1 0 1 1 1 0 1 1 0 1 0 1 1 1 1 1 0 0 1 1 1 1 1 1 0 1 0 0 1 1 0 1 1 0 1 1 1 1 1 1 1 1 1 0 1 1 1 0 1 1 1 1 1 0 1 
1 0 0 0 1 1 0 1 0 1 0 0 0 0 1 0 0 1 0 1 1 1 0 1 0 1 1 0 0 1 0 1 1 0 1 0 1 1 0 1 1 1 0 1 1 0 1 1 1 1 1 1 0 0 1 1 1 1 0 0 0 1 1 0 1 0 0 0 1 1 0 1 1 1 1 0 1 1 0 0 1 1 0 1 0 1 1 1 1 1 1 0 1 0 0 1 0 1 0 1 1 1 0 1 0 0 1 0 0 0 1 0 0 1 1 1 1 0 1 0 1 0 1 0 1 0 1 1 0 0 1 1 1 1 1 0 0 1 0 1 1 1 0 0 1 1 0 1 0 0 
0 0 0 1 0 1 0 1 0 0 0 0 0 0 0 0 0 1 0 0 1 1 0 0 0 1 1 0 0 1 1 1 0 0 0 0 0 0 0 1 0 0 0 1 1 0 1 0 1 0 1 1 0 1 1 1 0 1 0 0 1 0 1 0 0 0 0 0 0 0 0 0 0 1 0 0 0 1 0 0 1 1 1 0 0 1 1 1 0 0 1 1 1 0 0 1 0 0 0 1 0 1 0 0 0 0 1 0 0 0 0 0 0 0 1 1 1 0 0 0 0 0 0 0 1 0 1 1 0 0 0 0 0 1 0 0 0 1 0 0 0 1 0 1 1 0 0 0 0 0 
0 1 0 1 0 0 0 0 0 0 0 0 1 1 0 0 0 0 1 0 1 1 1 0 1 0 0 0 1 0 1 0 0 1 0 0 0 0 0 0 0 0 0 0 1 0 0 0 0 0 0 0 1 1 0 1 0 0 0 1 1 0 0 0 0 1 1 0 0 0 0 0 0 1 0 1 0 0 0 1 1 0 0 0 0 1 0 0 0 0 0 1 0 0 0 0 0 0 1 0 0 0 1 0 0 0 0 1 1 1 0 1 0 0 0 0 0 1 1 0 0 0 0 0 0 1 0 0 0 1 0 0 0 0 0 1 0 1 0 0 0 0 0 1 1 0 1 0 1 0 
1 1 0 1 0 1 0 0 0 0 0 0 1 1 0 0 0 1 1 1 1 1 1 0 1 1 1 0 1 1 1 1 1 1 0 0 0 1 0 0 0 0 0 1 1 0 0 0 1 0 1 1 1 1 0 1 0 1 0 1 1 0 1 0 0 1 1 0 1 0 0 0 0 1 1 1 0 1 0 0 1 1 1 1 1 0 1 1 0 0 1 1 1 0 0 0 0 0 1 1 0 1 1 0 0 0 1 1 1 1 0 1 0 0 1 1 1 1 1 0 1 0 0 0 1 1 1 1 0 1 1 0 0 1 1 1 0 1 0 0 0 1 0 1 1 0 1 0 1 0 
1 1 0 1 0 1 0 1 0 1 0 0 0 0 1 0 0 1 1 1 1 1 0 0 1 1 1 0 1 1 1 1 1 1 0 0 0 1 0 1 0 0 0 1 1 0 1 0 1 0 1 1 0 1 1 1 0 1 0 1 1 0 1 0 1 1 0 0 1 0 0 0 0 1 1 0 0 1 0 0 1 1 1 1 0 1 0 1 0 0 1 1 1 0 0 1 0 0 0 1 0 1 1 0 0 0 1 1 0 1 1 0 0 1 1 1 1 1 1 0 1 0 0 0 1 0 1 1 0 0 1 0 0 1 1 0 0 1 0 1 0 1 0 1 1 0 0 1 0 0 
1 1 0 1 0 1 0 1 0 1 0 0 0 0 1 0 0 1 1 1 1 1 0 0 1 1 1 0 1 1 1 1 1 1 0 0 0 1 0 1 0 0 0 1 1 0 1 0 1 0 1 1 0 1 1 1 0 1 0 1 1 0 1 0 0 1 0 0 1 0 0 0 0 1 1 0 0 1 0 0 1 1 1 1 0 1 1 0 0 0 1 1 1 0 0 1 0 0 0 1 0 1 1 0 0 0 1 1 0 1 0 0 0 1 1 1 1 1 1 0 1 0 0 0 1 0 1 1 0 0 1 0 0 1 1 0 0 1 0 1 0 1 0 1 1 0 0 1 0 0 
1 0 1 1 1 0 1 0 1 1 1 1 0 1 1 1 1 0 0 1 0 0 0 1 1 1 0 1 0 0 0 0 1 1 0 1 1 1 1 0 1 1 1 0 0 1 0 1 1 0 0 0 0 0 0 0 1 1 1 1 0 1 1 1 1 1 0 1 1 1 1 1 1 0 1 0 1 1 1 1 1 1 1 0 0 0 0 0 0 1 0 0 1 0 0 1 1 1 1 1 1 1 1 1 1 1 1 1 1 0 1 0 1 0 0 1 0 1 1 1 1 1 0 1 0 0 1 0 1 0 1 1 1 0 1 1 1 1 1 1 1 1 0 0 0 1 1 1 0 1 
1 0 0 0 1 0 0 0 1 1 0 1 0 0 1 1 0 0 0 1 0 0 0 1 0 1 0 0 0 0 0 0 1 0 1 0 1 1 1 0 1 1 0 0 0 0 0 1 0 1 0 0 0 0 0 0 1 0 1 0 0 1 0 1 1 0 0 0 0 1 1 1 1 0 1 0 1 0 0 0 0 0 1 0 0 0 0 0 1 0 0 0 0 1 1 0 1 1 0 0 1 0 0 1 0 1 1 0 0 0 1 0 0 1 0 1 0 0 0 0 1 0 1 1 0 0 0 0 0 0 1 1 1 0 1 0 1 0 1 1 1 0 1 0 0 1 0 1 0 1 
0 0 0 0 0 1 0 1 0 0 0 0 0 0 0 0 0 1 0 0 1 1 0 0 0 1 1 0 0 1 0 1 0 0 0 0 0 0 0 1 0 0 0 1 1 0 1 0 0 0 1 1 0 0 1 1 0 0 0 0 1 0 1 0 0 0 0 0 0 0 0 0 0 1 0 0 0 1 0 0 1 1 1 1 0 1 1 1 0 0 0 0 1 0 0 1 0 0 0 1 0 1 0 0 0 0 1 0 0 0 0 0 0 1 1 0 1 0 0 0 0 0 0 0 1 0 1 1 0 0 0 0 0 1 0 0 0 1 0 0 0 1 0 0 1 0 0 0 0 0 
0 1 0 1 0 0 0 0 0 0 0 0 1 1 0 0 0 1 1 1 1 1 1 0 1 0 0 0 1 0 1 1 0 1 0 0 0 0 0 0 0 0 0 0 1 0 0 0 1 0 1 1 1 1 0 1 0 1 0 1 1 0 1 0 0 1 1 0 1 0 0 0 0 1 0 1 0 1 0 0 1 1 0 1 1 1 1 1 0 0 0 0 1 0 0 0 0 0 1 1 0 1 1 0 0 0 1 1 1 1 0 1 0 0 1 1 0 1 1 0 0 0 0 0 0 1 1 1 0 1 0 0 0 1 0 1 0 1 0 0 0 1 0 1 1 0 1 0 1 0 
1 0 0 1 1 1 0 1 1 1 0 0 0 0 1 0 0 1 1 1 1 1 0 1 1 1 1 0 1 1 1 1 1 1 0 0 1 1 0 1 0 1 0 1 1 0 1 1 1 0 1 1 0 1 1 1 1 1 0 1 1 0 1 0 1 1 0 0 1 0 0 1 1 1 1 0 1 1 0 0 1 1 1 1 0 1 1 1 1 0 1 1 0 0 0 1 0 1 0 1 0 1 1 0 0 0 1 1 0 0 1 0 0 1 1 1 1 1 1 0 1 0 1 0 1 0 1 1 0 0 1 1 0 1 1 0 1 1 0 1 1 1 0 1 1 1 0 1 0 1 
0 0 0 0 0 0 0 0 0 1 0 0 0 0 1 0 0 0 0 0 0 0 0 1 0 0 0 0 0 0 0 0 0 0 1 0 1 0 0 1 1 1 0 0 0 0 0 1 0 1 0 0 0 0 0 0 0 0 0 0 0 0 0 0 0 0 0 0 0 1 0 1 1 0 0 0 0 0 0 0 0 0 0 0 0 0 0 0 0 1 0 0 0 0 1 0 0 1 0 0 1 0 0 1 0 0 0 0 0 0 0 0 0 1 0 0 0 0 0 0 0 0 1 0 0 0 0 0 0 0 0 0 1 0 0 0 0 0 0 1 1 0 1 0 0 0 0 1 0 0 
0 0 0 0 0 0 0 0 0 1 0 0 0 0 1 1 0 0 0 0 0 0 0 1 0 0 0 0 0 0 0 0 1 0 1 0 1 0 0 1 1 1 0 0 0 0 0 1 0 1 0 0 0 0 0 0 1 0 1 0 0 1 0 0 0 0 0 0 0 1 0 1 1 0 0 0 1 0 0 0 0 0 0 0 0 0 0 0 0 1 0 0 0 1 0 1 0 1 0 0 1 0 0 1 0 1 0 0 0 0 0 0 0 1 0 0 0 0 0 0 0 0 1 0 0 0 0 0 0 0 0 1 1 0 0 0 0 0 0 1 1 0 1 0 0 0 0 1 0 0 
1 0 0 0 1 1 0 1 0 1 0 0 0 0 1 0 0 1 0 1 1 0 0 1 0 1 1 0 0 1 0 1 1 0 1 0 1 1 0 1 1 1 0 1 0 0 1 1 1 1 1 1 0 0 1 0 1 1 0 0 0 1 1 0 1 0 0 0 1 1 0 1 1 0 1 0 1 1 0 0 1 1 1 1 0 0 1 1 1 0 1 0 1 0 1 0 0 1 0 1 1 1 0 1 0 0 1 0 0 0 1 0 0 1 0 1 1 0 0 0 1 0 1 0 1 0 1 1 0 0 1 1 1 1 1 0 0 1 0 1 1 1 1 0 0 1 0 1 0 0 
1 0 0 0 1 0 1 0 1 0 1 1 0 0 0 1 1 0 0 1 0 0 0 1 0 0 0 1 0 0 0 0 0 0 0 1 1 1 1 0 1 1 1 0 0 1 0 0 0 0 0 0 0 0 0 0 1 0 1 0 0 1 0 1 1 0 0 1 0 1 1 1 1 0 1 0 1 0 1 0 0 0 0 0 0 0 0 0 1 1 0 0 0 0 0 0 0 1 0 0 0 0 0 1 1 1 0 0 0 0 1 0 1 0 0 0 0 0 0 0 1 1 0 1 0 0 0 0 1 0 1 1 1 0 0 0 1 0 1 0 1 0 1 0 0 1 0 0 0 1 
1 0 0 0 1 1 1 0 1 1 0 1 0 0 1 1 0 0 0 1 0 0 0 1 1 1 1 0 0 0 0 0 1 0 1 1 1 1 1 1 1 1 0 0 0 1 0 1 1 1 1 0 0 0 1 0 1 1 1 0 0 1 1 1 1 1 0 1 1 1 1 1 1 0 1 0 1 1 0 0 0 1 1 0 0 0 0 0 1 1 0 0 1 1 1 1 1 0 0 0 1 1 0 1 0 1 1 0 0 0 1 0 0 1 0 1 0 0 1 0 1 0 1 1 0 0 1 0 1 0 1 1 1 0 1 0 1 1 1 1 1 1 1 0 0 1 0 1 0 1 
1 1 1 1 1 0 1 0 1 0 1 1 1 1 0 0 1 0 1 1 0 1 1 0 1 0 0 1 1 0 1 0 0 1 0 1 0 1 1 0 0 0 1 0 1 1 0 0 1 0 0 0 1 1 0 0 1 1 1 1 0 0 1 0 1 1 1 1 1 0 1 0 0 1 1 1 1 0 1 1 1 1 0 0 1 1 0 0 1 0 0 1 0 0 0 0 0 0 0 0 0 0 1 0 1 0 1 1 1 1 1 1 1 0 0 1 0 1 1 1 1 1 0 1 0 1 1 0 1 1 1 1 0 0 1 1 1 1 1 0 0 1 0 0 1 1 1 0 1 1 
1 0 0 1 1 1 0 1 0 1 0 0 0 0 1 0 0 1 1 1 1 1 0 1 1 1 1 0 1 1 1 1 1 1 0 0 1 1 0 1 0 0 0 1 1 0 1 0 1 0 1 1 0 1 1 1 1 1 0 1 1 0 1 0 1 1 0 0 1 0 0 0 1 1 1 0 0 1 0 0 1 1 1 1 0 1 1 1 1 0 1 1 1 0 0 1 0 0 0 0 0 1 1 0 0 0 1 1 0 0 1 0 0 1 1 1 1 1 1 0 1 0 0 0 1 0 1 1 0 0 1 0 0 1 1 0 0 1 0 1 0 1 0 1 1 1 0 1 0 0 
1 0 0 0 1 1 0 0 0 1 0 0 0 0 1 1 0 0 0 1 0 0 0 1 0 1 1 0 0 0 0 0 1 0 1 0 1 1 0 1 1 1 0 0 0 0 0 1 0 1 0 0 0 0 1 0 1 0 1 0 0 1 1 0 0 0 0 0 0 1 1 1 1 0 1 0 1 0 0 0 0 0 1 0 0 0 0 0 1 1 0 0 0 1 1 1 0 1 0 0 0 0 0 1 0 1 1 0 0 0 1 0 0 1 0 1 0 0 0 0 1 0 1 0 0 0 0 0 0 0 0 1 1 0 1 0 0 0 0 1 1 0 1 0 0 1 0 1 0 0 
1 0 0 1 1 1 0 1 0 1 0 0 0 0 1 0 0 1 0 1 1 1 0 1 1 1 1 0 0 1 1 1 1 1 0 0 1 1 0 1 0 1 0 1 1 0 1 1 1 1 1 1 0 1 1 1 1 1 0 1 1 0 1 0 1 1 0 0 1 0 0 1 1 1 1 0 0 1 0 0 1 1 1 1 0 1 1 1 1 0 1 1 1 0 0 1 0 1 0 1 0 0 1 0 0 0 1 1 0 0 1 0 0 1 1 1 1 1 1 0 1 0 1 0 1 0 1 1 0 0 1 1 0 1 1 0 0 1 0 1 1 1 0 1 1 1 0 1 0 0 
1 1 1 1 0 0 1 0 1 0 1 0 1 1 0 0 0 1 1 1 1 1 1 0 1 0 0 0 1 0 1 1 0 1 0 0 0 1 1 0 0 0 1 0 1 1 0 0 1 0 1 0 1 1 0 1 0 1 0 1 1 0 1 0 1 1 1 1 1 0 0 0 0 1 1 1 0 1 0 1 1 1 0 0 1 1 1 1 1 0 0 1 1 0 0 0 0 0 1 1 0 1 0 0 1 0 1 1 1 1 1 1 0 0 1 1 0 1 1 1 1 1 0 1 0 1 1 0 0 1 1 0 0 0 1 1 1 1 0 0 0 1 0 1 1 0 1 0 1 1 
1 0 0 0 1 1 0 0 0 1 0 1 0 0 1 1 0 0 0 1 0 0 0 1 0 1 1 0 0 0 0 0 1 0 1 0 1 1 0 1 1 1 0 0 0 0 0 1 1 1 0 0 0 0 1 0 1 1 1 0 0 1 1 0 1 0 0 0 1 1 1 1 1 0 1 0 1 0 0 0 0 0 1 0 0 0 0 0 1 1 0 0 0 1 1 1 1 1 0 0 1 0 0 0 0 1 1 0 0 0 1 0 0 1 0 1 0 0 0 0 1 0 1 0 0 0 0 0 0 0 1 1 1 0 1 0 1 0 0 1 1 0 1 0 0 1 0 1 0 1 
1 1 1 1 1 0 1 0 1 0 1 1 1 1 0 1 1 0 0 1 0 0 0 0 1 0 0 1 1 0 0 0 0 1 0 1 0 1 1 0 0 0 1 0 0 1 0 0 1 0 0 0 1 0 0 0 1 1 1 1 0 1 0 1 1 1 0 1 1 0 1 0 0 0 1 1 1 0 1 1 0 1 0 0 0 0 0 0 1 0 0 0 0 0 0 0 1 0 1 0 0 0 1 0 0 0 0 1 1 1 1 0 1 0 0 1 0 1 1 1 1 1 0 1 0 1 0 0 1 1 1 1 0 0 1 1 1 1 1 0 0 0 0 0 0 1 1 0 1 1 
1 0 0 0 1 0 1 0 1 1 0 1 0 0 0 1 1 0 0 1 0 0 0 1 0 0 0 1 0 0 0 0 1 0 1 1 1 1 1 0 1 1 0 0 0 1 0 1 1 1 0 0 0 0 0 0 1 1 1 0 0 1 0 1 1 0 0 1 1 1 1 1 1 0 1 0 1 0 1 0 0 0 0 0 0 0 0 0 1 1 0 0 0 0 1 0 1 1 0 0 1 0 0 1 0 0 0 0 0 0 1 0 1 0 0 1 0 0 0 0 1 1 1 1 0 0 0 0 1 0 1 1 1 0 1 0 1 0 1 1 1 0 1 0 0 1 0 1 0 1 
1 0 0 1 1 1 0 1 1 1 0 0 0 0 1 0 0 1 0 1 1 1 0 1 1 1 1 0 0 1 1 1 1 1 1 0 1 1 1 1 1 1 0 1 1 0 1 1 1 1 1 1 0 1 1 1 1 1 1 1 1 1 1 0 1 1 0 1 1 0 1 1 1 1 1 0 1 1 0 0 1 1 1 1 0 1 1 1 1 1 1 1 1 0 0 1 0 1 1 1 1 1 1 1 0 0 0 1 0 0 1 0 0 1 1 1 1 1 1 0 1 0 1 1 1 0 1 1 0 0 1 1 1 1 1 0 1 1 0 1 1 1 0 0 1 1 0 1 0 1 
1 1 1 1 1 0 1 0 1 0 1 0 1 1 0 0 0 1 1 1 1 1 1 0 1 1 0 0 1 0 1 1 1 1 0 0 0 1 1 0 0 0 1 0 1 1 0 0 1 0 1 0 1 1 0 1 1 1 0 1 1 0 1 0 1 1 1 1 1 0 1 0 0 1 1 1 1 1 0 1 1 1 0 0 1 1 1 1 1 0 0 1 1 0 0 0 0 0 1 1 0 1 1 0 1 0 1 0 1 1 1 1 0 0 1 1 0 1 1 1 1 1 0 1 0 1 1 0 0 1 1 0 0 1 1 1 1 1 1 0 0 1 0 1 1 1 1 0 1 1 
1 1 1 1 0 0 1 0 1 0 1 0 1 1 0 0 0 1 1 1 1 1 1 0 1 0 0 0 1 0 1 0 0 1 0 0 0 0 1 0 0 0 1 0 1 1 0 0 1 0 0 0 1 1 0 0 0 1 0 1 1 0 0 0 1 1 1 1 1 0 0 0 0 1 0 1 0 0 0 1 1 1 0 0 1 1 0 0 1 0 0 1 0 0 0 0 0 0 1 0 0 0 1 0 1 0 0 1 0 1 1 1 0 0 0 1 0 1 1 1 0 1 0 1 0 1 1 0 0 1 1 0 0 0 0 1 1 1 0 0 0 1 0 1 1 0 1 0 1 1 
0 1 1 1 0 0 1 0 1 0 1 0 1 1 0 0 0 1 1 1 1 1 1 0 1 0 0 0 1 0 1 0 0 1 0 0 0 0 0 0 0 0 1 0 1 0 0 0 1 0 0 0 1 1 0 1 0 1 0 1 1 0 0 0 1 1 1 1 1 0 0 0 0 1 0 1 0 0 0 1 1 1 0 0 1 1 1 1 0 0 0 1 0 0 0 0 0 0 1 0 0 0 1 0 1 0 0 1 1 0 0 1 0 0 0 1 0 1 1 1 0 0 0 1 0 1 1 0 0 1 1 0 0 0 0 1 1 1 0 0 0 1 0 1 1 0 1 0 1 0 
1 0 1 1 1 1 1 0 1 1 1 1 0 1 1 1 1 0 0 1 0 1 0 1 1 1 0 1 0 0 0 0 1 1 0 1 1 1 1 0 1 1 1 0 1 1 0 1 1 0 1 0 0 1 0 0 1 1 1 1 0 1 1 1 1 1 0 1 1 1 1 1 1 0 1 0 1 1 1 1 1 1 1 0 0 0 1 0 1 1 0 0 1 0 0 1 1 1 1 1 1 1 1 1 1 1 1 1 1 0 0 0 1 1 0 1 0 1 1 1 1 1 1 1 0 0 1 0 1 0 1 1 1 0 1 1 1 1 1 1 1 1 0 0 0 1 1 1 0 1 
0 1 0 1 0 0 0 0 0 0 0 0 1 1 0 0 0 0 1 0 0 1 1 0 0 0 0 0 1 0 1 0 0 1 0 0 0 0 0 0 0 0 0 0 1 0 0 0 0 0 0 0 1 1 0 0 0 0 0 1 1 0 0 0 0 1 1 0 0 0 0 0 0 0 0 1 0 0 0 1 0 0 0 0 1 1 0 0 0 0 0 1 0 0 0 0 0 0 1 0 0 0 1 0 0 0 0 1 1 1 0 0 0 0 0 0 0 1 1 0 0 0 0 0 0 1 0 0 0 1 0 0 0 0 0 1 0 0 0 0 0 0 0 1 0 0 1 0 1 0 
1 0 1 0 1 0 1 0 1 0 1 1 0 1 0 1 1 0 0 0 0 0 0 0 1 0 0 1 0 0 0 0 0 0 0 1 0 0 1 0 0 0 1 0 0 1 0 0 0 0 0 0 0 0 0 0 0 0 1 0 0 1 0 1 1 1 0 1 0 0 1 0 0 0 0 0 1 0 1 1 0 0 0 0 0 0 0 0 1 0 0 0 0 0 0 0 1 0 1 0 0 0 0 0 1 1 0 0 0 0 1 0 0 0 0 0 0 0 0 1 0 1 0 1 0 0 0 0 1 0 1 0 0 0 0 1 1 0 1 0 0 0 0 0 0 1 1 0 0 1 
1 0 0 0 1 1 0 1 0 1 0 0 0 0 1 0 0 1 0 1 0 0 0 1 0 1 1 0 0 1 0 1 1 0 1 0 1 1 0 1 1 1 0 1 0 0 1 1 1 1 1 0 0 0 1 0 1 1 0 0 0 1 1 0 0 0 0 0 1 1 0 1 1 0 1 0 1 1 0 0 0 1 1 0 0 0 1 1 0 1 1 0 1 1 1 1 0 1 0 1 1 1 0 1 0 0 1 0 0 0 1 0 0 0 0 1 1 0 0 0 1 0 1 0 1 0 1 0 0 0 1 1 1 1 1 0 0 1 0 1 1 1 1 0 0 1 0 1 0 0 
0 0 0 1 0 1 0 1 0 0 0 0 0 0 0 0 0 1 1 0 1 1 0 0 0 1 1 0 1 1 1 1 0 0 0 0 0 0 0 0 0 0 0 1 1 0 1 0 1 0 1 1 0 1 1 1 0 1 0 1 1 0 1 0 0 0 0 0 0 0 0 0 0 1 0 0 0 1 0 0 1 1 1 1 0 1 1 1 0 0 1 1 1 0 0 0 0 0 0 1 0 1 1 0 0 0 1 1 0 0 0 0 0 0 0 1 1 1 1 0 0 0 0 0 1 0 1 1 0 0 0 0 0 1 0 0 0 1 0 0 0 1 0 1 1 0 0 0 0 0 
1 0 0 1 1 1 1 1 1 1 0 1 0 0 1 1 0 1 0 1 1 1 0 1 1 1 1 0 1 1 1 1 1 1 0 0 1 1 1 1 1 1 0 1 1 1 0 1 1 1 1 0 0 1 1 1 1 1 1 1 1 1 1 0 1 1 0 1 1 0 1 1 1 1 1 0 1 1 0 0 1 1 1 1 0 1 1 1 1 1 0 1 1 0 0 1 0 1 1 1 1 1 1 1 1 1 1 1 1 1 1 0 0 1 1 0 1 1 1 0 1 0 1 1 1 0 1 1 0 0 1 1 1 1 1 1 1 1 1 1 1 1 0 1 1 1 1 1 0 1 
0 0 0 0 0 1 0 1 0 1 0 0 0 0 1 0 0 1 0 0 1 1 0 0 0 1 1 0 0 1 0 1 1 0 0 0 0 0 0 1 0 0 0 1 1 0 1 0 1 0 1 1 0 0 1 1 0 1 0 0 1 0 1 0 0 0 0 0 0 0 0 0 0 1 0 0 0 1 0 0 1 1 1 1 0 1 1 1 0 0 1 0 1 0 0 1 0 0 0 1 0 1 0 0 0 0 1 0 0 0 0 0 0 1 1 1 0 0 0 0 0 0 0 0 1 0 1 1 0 0 0 0 0 1 1 0 0 1 0 1 0 1 0 0 1 0 0 1 0 0 
1 1 1 1 1 0 1 0 1 0 1 0 1 1 0 0 0 1 1 1 1 1 1 0 1 1 0 0 1 0 1 1 0 1 0 0 0 1 1 0 0 0 1 0 1 1 0 0 1 0 1 0 1 1 0 1 0 1 0 1 1 0 1 0 1 1 1 1 1 0 1 0 0 1 1 1 0 1 0 1 1 1 0 0 1 1 1 1 1 0 0 1 1 0 0 0 0 0 1 1 0 1 1 0 1 0 1 1 1 1 1 1 0 0 1 1 0 0 1 1 1 1 0 1 0 1 1 0 0 1 1 0 0 0 1 1 1 1 1 0 0 1 0 1 1 1 1 0 1 1 
1 1 1 1 1 1 1 0 1 1 1 1 1 1 0 0 0 1 1 1 1 1 1 0 1 1 0 0 1 0 1 1 1 1 0 1 0 1 1 0 0 0 1 1 1 1 0 0 1 0 1 0 1 1 0 1 1 1 0 1 1 0 1 0 1 1 1 1 1 0 1 0 1 1 1 1 1 1 0 1 1 1 1 0 1 1 1 1 1 0 0 1 1 0 0 0 0 1 1 1 0 1 1 0 1 0 1 1 1 1 1 1 0 0 1 1 0 1 0 1 1 1 0 1 0 1 1 0 0 1 1 1 0 1 1 1 1 1 1 1 0 1 0 1 1 1 1 1 1 1 
1 1 1 0 1 0 1 0 1 0 1 1 1 1 0 0 1 0 0 1 0 0 1 0 1 0 0 1 1 0 0 0 0 1 0 1 0 0 1 0 0 0 1 0 0 1 0 0 0 0 0 0 1 0 0 0 0 0 1 1 0 0 0 1 1 1 0 1 1 0 1 0 0 0 1 1 1 0 1 1 0 0 0 0 0 0 0 0 1 0 0 0 0 0 0 0 0 0 1 0 0 0 1 0 1 0 0 1 1 1 1 0 1 0 0 0 0 1 1 0 0 1 0 1 0 1 0 0 1 1 1 0 0 0 0 1 1 0 1 0 0 0 0 0 0 1 1 0 1 1 
1 0 0 1 1 1 1 1 1 1 0 1 0 0 1 1 1 1 0 1 1 1 0 1 1 1 1 0 0 0 1 1 1 1 1 1 1 1 1 1 1 1 0 1 1 1 0 1 1 1 1 0 0 1 1 0 1 1 1 1 0 1 1 0 1 1 0 1 1 1 1 1 1 1 1 0 1 1 0 0 1 1 1 0 0 1 1 1 1 1 0 0 1 0 0 1 1 1 1 1 1 1 1 1 1 1 1 1 0 0 1 0 0 1 0 1 0 1 1 0 0 1 1 1 0 0 1 0 1 0 1 1 1 1 1 1 1 1 1 1 1 1 1 0 1 1 0 1 0 1 
1 0 1 0 1 0 1 0 1 0 1 1 1 1 0 1 1 0 0 1 0 0 0 0 1 0 0 1 0 0 0 0 0 1 0 1 0 0 1 0 0 0 1 0 0 1 0 0 0 0 0 0 1 0 0 0 1 0 1 1 0 1 0 1 1 1 0 1 1 0 1 0 0 0 1 1 1 0 1 1 0 0 0 0 0 0 0 0 1 0 0 0 0 0 0 0 1 0 1 0 0 0 1 0 1 1 0 1 1 0 1 0 1 0 0 0 0 1 1 1 1 0 0 1 0 0 0 0 1 0 1 1 0 0 0 1 1 0 1 0 0 0 0 0 0 1 1 0 1 1 
1 0 0 0 1 1 0 1 0 1 0 0 0 0 1 0 0 0 0 1 0 0 0 1 0 1 1 0 0 0 0 0 1 0 1 0 1 1 0 1 1 1 0 1 0 0 0 1 1 1 1 0 0 0 1 0 1 1 0 0 0 1 1 0 0 0 0 0 0 1 0 1 1 0 1 0 1 1 0 0 0 0 1 0 0 0 0 0 0 1 0 0 1 1 1 1 0 1 0 0 1 1 0 1 0 1 1 0 0 0 1 0 0 1 0 1 0 0 0 0 1 0 0 0 0 0 0 0 0 0 0 1 1 0 1 0 0 0 0 1 1 0 1 0 0 1 0 1 0 0 
1 0 1 0 1 0 1 0 1 1 1 1 0 1 0 1 1 0 0 1 0 0 0 1 1 0 0 1 1 0 0 0 1 1 0 1 1 1 1 0 1 1 1 0 0 1 0 0 1 0 0 0 0 0 0 0 1 1 1 1 0 1 1 1 1 1 0 1 1 0 1 1 1 0 1 1 1 0 1 1 0 1 0 0 0 0 0 0 1 1 0 0 0 0 0 0 1 1 1 0 0 0 1 0 1 1 1 1 1 1 1 0 1 0 0 1 0 1 1 1 1 1 0 0 0 0 0 0 1 0 1 1 1 0 1 1 1 1 1 0 1 0 0 0 0 1 1 1 0 1 
0 0 0 1 0 1 0 1 0 1 0 0 0 0 1 0 0 1 0 0 1 1 0 0 0 1 1 0 0 1 1 1 1 0 0 0 0 1 0 1 0 0 0 1 1 0 1 0 1 0 1 1 0 1 1 1 0 1 0 0 1 0 1 0 0 0 0 0 0 0 0 0 0 1 0 0 0 1 0 0 1 1 1 1 0 1 1 1 0 0 1 0 1 0 0 1 0 0 0 1 0 1 0 0 0 0 1 0 0 0 0 0 0 1 1 1 1 0 0 0 0 0 0 0 0 0 1 1 0 0 0 0 0 1 1 0 0 1 0 1 0 1 0 1 1 0 0 1 0 0 
0 1 1 1 0 0 0 0 0 0 1 0 1 1 0 0 0 0 1 0 0 1 1 0 1 0 0 0 1 0 1 0 0 1 0 0 0 0 0 0 0 0 0 0 1 0 0 0 0 0 0 0 1 1 0 0 0 0 0 1 0 0 0 0 0 1 1 1 0 0 0 0 0 0 0 1 0 0 0 1 1 0 0 0 1 1 0 0 0 0 0 1 0 0 0 0 0 0 1 0 0 0 1 0 1 0 0 1 1 1 0 1 0 0 0 0 0 1 1 1 0 0 0 0 0 0 0 0 0 1 0 0 0 0 0 1 0 0 0 0 0 0 0 1 1 0 1 0 1 0 
1 1 0 1 1 1 0 1 1 1 0 0 0 0 1 0 0 1 1 1 1 1 0 1 1 1 1 0 1 1 1 1 1 1 0 0 1 1 0 1 0 1 0 1 1 0 1 0 1 0 1 1 0 1 1 1 1 1 0 1 1 0 1 0 1 1 0 0 1 0 0 1 1 1 1 0 1 1 0 0 1 1 1 1 0 1 1 1 1 0 1 1 1 0 0 1 0 1 1 1 0 1 1 0 0 0 1 1 1 1 1 0 0 1 1 1 1 1 1 0 1 0 0 0 1 0 0 1 0 0 1 1 0 1 1 0 1 1 0 1 1 1 0 1 1 1 0 1 0 1 
0 0 0 1 0 1 0 1 0 0 0 0 0 0 0 0 0 1 0 0 1 1 0 0 0 1 1 0 0 1 1 1 0 0 0 0 0 0 0 1 0 0 0 1 1 0 1 0 1 0 1 1 0 1 1 1 0 1 0 0 1 0 1 0 0 0 0 0 0 0 0 0 0 1 0 0 0 1 0 0 1 1 1 1 0 1 1 1 0 0 1 1 1 0 0 1 0 0 0 1 0 1 0 0 0 0 1 0 0 0 0 0 0 0 1 1 1 0 0 0 0 0 0 0 1 0 1 0 0 0 0 0 0 1 0 0 0 1 0 1 0 1 0 1 1 0 0 0 0 0 
1 0 1 0 1 0 1 0 1 0 1 1 0 1 0 1 1 0 0 1 0 0 0 0 1 0 0 1 0 0 0 0 0 1 0 1 0 0 1 0 0 1 1 0 0 1 0 0 0 0 0 0 0 0 0 0 1 0 1 0 0 1 0 1 1 1 0 1 1 0 1 0 0 0 1 0 1 0 1 1 0 0 0 0 0 0 0 0 1 0 0 0 0 0 0 0 1 1 1 0 0 0 0 0 1 1 0 0 0 0 1 0 1 0 0 0 0 0 0 1 1 1 0 1 0 0 0 0 0 0 1 1 1 0 0 1 1 0 1 0 0 0 0 0 0 1 1 0 0 1 
0 1 1 1 0 0 0 0 0 0 0 0 1 1 0 0 0 1 1 0 1 1 1 0 1 0 0 0 1 0 1 0 0 1 0 0 0 0 0 0 0 0 0 0 1 0 0 0 0 0 0 0 1 1 0 1 0 0 0 1 1 0 0 0 0 1 1 1 1 0 0 0 0 1 0 1 0 0 0 1 1 1 0 0 1 1 0 0 0 0 0 1 0 0 0 0 0 0 1 0 0 0 1 0 1 0 0 1 1 1 0 1 0 0 0 0 0 1 1 1 0 0 0 0 0 1 0 0 0 0 0 0 0 0 0 1 0 1 0 0 0 1 0 1 1 0 1 0 1 0 
1 0 1 1 1 1 1 0 1 1 1 1 0 1 1 1 1 1 0 1 1 1 0 1 1 1 0 1 1 0 1 1 1 1 0 1 1 1 1 0 1 1 1 0 1 1 0 1 1 0 1 0 0 1 0 0 1 1 1 1 0 1 1 1 1 1 0 1 1 0 1 1 1 1 1 1 1 1 1 1 1 1 1 0 0 1 1 1 1 1 0 0 1 0 0 1 1 1 1 1 0 1 1 1 1 1 1 1 1 1 1 0 1 1 0 1 0 1 1 1 1 1 0 1 0 0 1 0 1 0 0 1 1 0 1 1 1 1 1 1 1 1 0 0 1 1 1 1 0 1 
1 0 0 0 1 1 1 0 1 1 0 1 0 0 1 1 1 0 0 1 0 0 0 1 1 1 0 1 0 0 0 0 1 1 1 1 1 1 1 1 1 1 0 0 0 1 0 1 1 1 0 0 0 0 0 0 1 1 1 0 0 1 1 1 1 1 0 1 1 1 1 1 1 0 1 0 1 0 1 0 0 1 1 0 0 0 0 0 1 1 0 0 1 0 1 1 1 1 1 0 1 1 0 1 1 1 1 0 0 0 1 0 0 1 0 1 0 0 1 0 1 1 1 1 0 0 1 0 1 0 1 0 1 0 1 0 1 1 1 1 1 0 1 0 0 1 0 1 0 1 
1 0 0 0 1 0 1 0 1 1 0 1 0 0 1 1 1 0 0 1 0 0 0 1 1 1 0 0 0 0 0 0 1 0 1 1 1 1 1 0 1 1 0 0 0 1 0 1 1 1 0 0 0 0 0 0 1 1 1 0 0 1 1 1 1 1 0 1 1 1 1 1 1 0 1 0 1 0 1 0 0 1 1 0 0 0 0 0 1 1 0 0 0 1 1 1 1 1 0 0 1 0 0 1 0 1 1 0 0 0 1 0 0 1 0 1 0 0 0 0 1 0 1 1 0 0 0 0 1 0 1 1 0 0 1 0 1 0 1 1 1 0 1 0 0 1 0 1 0 1 
0 0 0 1 0 1 0 1 0 1 0 0 0 0 1 0 0 1 0 1 1 1 0 0 0 1 1 0 0 1 1 1 1 0 0 0 0 1 0 1 0 0 0 1 1 0 1 0 1 0 1 1 0 1 1 1 0 1 0 1 1 0 1 0 0 0 0 0 1 0 0 0 0 1 1 0 0 1 0 0 1 1 1 1 0 1 1 1 0 0 1 1 1 0 0 1 0 0 0 1 0 1 0 0 0 0 1 1 0 0 0 0 0 1 1 1 1 0 1 0 1 0 0 0 1 0 1 1 0 0 0 0 0 0 1 0 0 1 0 1 0 1 0 1 1 0 0 1 0 0 
1 0 0 1 1 1 1 1 1 1 0 1 0 0 1 1 0 1 0 1 1 1 0 1 1 1 1 0 1 1 1 1 1 1 1 0 1 1 1 1 1 1 0 1 1 1 0 1 1 1 1 0 0 1 1 1 1 1 1 1 0 1 1 0 1 1 0 1 1 1 1 1 1 1 1 0 1 1 0 0 1 1 1 0 0 1 1 1 1 1 0 0 1 0 0 1 0 1 1 1 1 1 1 1 1 1 1 1 0 0 1 0 0 1 0 1 1 1 1 0 1 0 1 1 1 0 1 0 0 0 1 1 1 1 0 1 1 1 1 1 1 1 0 0 1 1 0 1 0 1 
1 1 1 1 1 0 1 0 1 0 1 1 1 1 0 0 1 0 1 1 0 1 1 0 1 0 0 1 1 0 1 0 0 1 0 1 0 1 1 0 0 0 1 0 1 1 0 0 1 0 0 0 1 1 0 0 0 1 0 1 0 0 0 0 1 1 1 1 1 0 1 0 0 1 1 1 0 0 0 1 1 1 0 0 1 1 0 0 1 0 0 1 0 0 0 0 0 0 1 0 0 0 1 0 1 0 0 1 1 1 1 1 1 0 0 1 0 1 1 1 1 1 0 1 0 1 0 0 1 1 1 0 0 0 1 0 1 1 1 0 0 1 0 1 1 1 1 0 1 1 
1 0 1 1 1 0 1 0 1 1 1 1 1 1 0 1 1 0 0 1 0 1 0 1 1 1 0 1 1 0 1 0 1 1 0 1 1 1 1 0 1 1 1 0 1 1 0 0 1 0 0 0 1 1 0 0 1 1 1 1 0 1 1 1 1 1 0 1 1 0 1 1 1 0 1 1 1 0 1 1 1 1 0 0 0 0 0 0 1 1 0 0 1 0 0 0 1 1 1 0 0 0 1 1 1 1 1 1 1 1 1 0 1 0 0 1 0 1 1 1 1 1 0 1 0 0 1 0 1 0 1 1 1 0 1 1 0 1 1 1 1 1 0 0 0 1 1 1 1 1 
1 1 0 1 1 1 0 1 1 1 0 0 0 1 1 0 0 1 1 1 1 1 0 1 1 1 1 0 1 1 1 1 1 1 0 0 1 1 1 1 0 1 0 1 1 0 1 0 1 0 1 1 1 1 1 1 1 1 0 1 1 0 1 0 1 1 1 1 1 0 1 0 1 1 1 1 1 1 0 0 1 1 1 1 1 1 1 1 1 0 1 1 1 0 0 1 0 1 1 1 0 1 1 0 1 0 1 1 1 1 1 0 0 1 1 1 1 1 1 0 1 0 0 1 1 0 1 1 0 1 1 1 0 1 1 1 1 0 0 1 0 1 0 1 1 1 1 1 0 1 
1 0 1 0 1 0 1 0 1 0 1 1 0 1 0 1 1 0 0 1 0 0 0 0 1 0 0 1 0 0 0 0 0 1 0 1 1 1 1 0 1 1 1 0 0 1 0 0 1 0 0 0 0 0 0 0 1 1 1 1 0 1 0 1 1 1 0 1 1 0 1 0 1 0 1 0 1 0 1 1 0 0 0 0 0 0 0 0 1 1 0 0 0 0 0 0 1 1 1 0 0 0 0 0 1 1 0 1 0 0 1 0 1 0 0 1 0 1 1 1 1 1 0 1 0 0 0 0 1 0 1 1 1 0 1 1 1 0 0 0 1 0 0 0 0 1 1 0 0 1 
1 0 0 0 1 1 0 1 1 1 0 0 0 0 1 1 0 1 0 1 1 1 0 1 1 1 1 0 0 1 0 1 1 0 1 0 1 1 0 1 1 1 0 1 1 0 1 1 1 1 1 0 0 0 1 0 1 1 1 0 0 1 1 0 1 1 0 0 1 1 1 1 1 1 1 0 1 1 0 0 1 1 1 0 0 0 1 1 1 1 0 0 1 1 1 1 0 1 0 1 1 1 0 1 0 1 1 0 0 0 1 0 0 1 0 1 1 0 1 0 1 0 1 0 1 0 1 1 0 0 1 1 1 1 1 0 1 1 0 0 1 1 1 0 1 1 0 1 0 1 
1 0 0 0 1 1 0 0 1 1 0 1 0 0 1 1 0 0 0 1 0 0 0 1 1 1 1 0 0 0 0 0 1 0 1 0 1 1 1 1 1 1 0 0 0 0 0 1 1 1 0 0 0 0 1 0 1 1 1 0 0 1 1 0 1 1 0 0 1 1 1 1 1 0 1 0 1 0 0 0 0 1 1 0 0 0 0 0 1 1 0 0 1 1 1 1 1 1 0 0 1 1 0 1 0 1 1 0 0 0 1 0 0 1 0 1 0 0 0 0 1 0 1 1 0 0 1 0 0 0 1 1 1 0 1 0 1 0 1 1 0 0 1 0 0 1 0 1 0 1 
1 1 0 1 1 1 0 1 1 1 0 0 0 0 1 0 0 1 1 1 1 1 0 1 1 1 1 0 1 1 1 1 1 1 0 0 1 1 0 1 0 0 0 1 1 0 1 0 1 0 1 1 0 1 1 1 1 1 0 1 1 0 1 0 1 1 0 1 1 0 0 0 1 1 1 1 1 1 0 0 1 1 1 1 0 1 1 1 1 0 1 1 1 0 0 1 0 1 1 1 0 1 1 0 0 0 1 1 1 1 1 0 0 1 1 1 1 1 1 0 1 0 0 0 1 0 1 1 0 1 1 0 0 1 1 1 1 1 0 1 0 0 0 1 1 1 0 1 0 1 
0 0 0 0 1 0 0 0 0 1 0 0 0 0 1 1 0 0 0 0 0 0 0 1 0 0 0 0 0 0 0 0 1 0 1 0 1 0 0 1 1 1 0 0 0 0 0 1 0 1 0 0 0 0 0 0 1 0 1 0 0 1 0 0 0 0 0 0 0 1 1 1 1 0 1 0 1 0 0 0 0 0 0 0 0 0 0 0 0 1 0 0 0 1 1 1 1 1 0 0 1 0 0 1 0 1 0 0 0 0 0 0 0 1 0 0 0 0 0 0 1 0 1 0 0 0 0 0 0 0 0 1 1 0 0 0 0 0 0 1 1 0 0 0 0 1 0 1 0 0 
0 1 0 1 0 0 0 0 0 0 0 0 1 1 0 0 0 1 1 0 1 1 1 0 1 0 0 0 1 0 1 1 0 1 0 0 0 0 0 0 0 0 0 0 1 0 0 0 1 0 1 1 1 1 0 1 0 1 0 1 1 0 1 0 0 1 1 0 1 0 0 0 0 1 0 1 0 1 0 0 1 1 0 1 1 1 1 1 0 0 0 1 1 0 0 0 0 0 0 1 0 1 1 0 0 0 0 1 1 1 0 1 0 0 1 1 0 1 1 0 0 0 0 0 1 1 1 1 0 1 0 0 0 1 0 1 0 1 0 0 0 1 0 0 1 0 1 0 1 0 
1 1 0 1 0 1 0 0 0 0 0 0 1 1 0 0 0 1 1 1 1 1 1 0 1 1 1 0 1 1 1 1 1 1 0 0 0 1 0 0 0 0 0 1 1 0 1 0 1 0 1 1 1 1 0 1 0 1 0 1 1 0 1 0 1 1 1 0 1 0 0 0 0 1 1 1 0 1 0 0 1 1 1 1 1 1 1 1 0 0 1 1 1 0 0 0 0 0 1 1 0 1 1 0 0 0 1 1 1 1 0 0 0 0 1 1 1 1 1 0 1 0 0 0 1 1 1 1 0 1 1 0 0 1 1 1 0 1 0 1 0 1 0 1 0 0 1 0 1 0 
1 0 1 0 1 1 1 0 1 1 1 1 0 0 1 1 1 0 0 1 0 0 0 1 1 1 0 1 0 0 0 0 1 1 0 1 1 1 1 1 1 1 1 0 0 1 0 1 1 1 1 0 0 0 0 0 1 1 1 1 0 1 1 1 1 1 0 1 1 1 1 1 1 0 1 0 1 1 1 1 1 1 1 0 0 0 0 0 1 1 0 0 1 0 0 1 1 1 1 1 1 1 0 1 1 1 1 1 0 0 1 0 1 1 0 1 0 1 1 1 1 1 1 1 0 0 1 0 1 0 1 1 1 0 1 1 1 1 1 1 1 1 1 0 0 0 0 1 0 1 
1 1 1 1 0 0 1 0 1 0 1 1 1 1 0 0 1 0 1 1 0 1 1 0 1 0 0 1 1 0 1 0 0 1 0 1 0 0 1 0 0 0 1 0 1 1 0 0 1 0 0 0 1 1 0 0 0 1 0 1 0 0 0 0 1 1 1 1 1 0 1 0 0 0 1 1 0 0 0 1 1 1 0 0 1 1 0 0 1 0 0 1 0 0 0 0 0 0 1 0 0 0 1 0 1 0 0 1 1 1 1 1 1 0 0 1 0 1 1 1 0 1 0 1 0 1 0 0 1 1 1 0 0 0 0 1 1 1 1 0 0 0 0 1 1 0 0 0 1 1 
1 0 0 0 1 1 0 1 1 1 0 0 0 0 1 1 0 1 0 1 0 0 0 1 1 1 1 0 0 1 0 1 1 0 1 0 1 1 0 1 1 1 0 1 0 0 0 1 1 1 1 0 0 0 1 0 1 1 1 0 0 1 1 0 1 1 0 0 1 1 1 1 1 0 1 0 1 1 0 0 1 1 1 0 0 0 1 1 1 1 0 0 1 1 1 1 0 1 0 1 1 1 0 1 0 1 1 0 0 0 1 0 0 1 0 1 1 0 1 0 1 0 1 1 1 0 1 0 0 0 1 1 1 1 1 0 1 1 0 1 1 1 1 0 0 1 0 0 0 1 
0 1 1 1 0 0 1 0 1 0 1 0 1 1 0 0 0 0 1 0 0 1 1 0 1 0 0 0 1 0 1 0 0 1 0 0 0 0 0 0 0 0 1 0 1 1 0 0 0 0 0 0 1 1 0 0 0 0 0 1 0 0 0 0 0 1 1 1 1 0 0 0 0 0 0 1 0 0 0 1 1 0 0 0 1 1 0 0 0 0 0 1 0 0 0 0 0 0 1 0 0 0 1 0 1 0 0 1 1 1 0 1 0 0 0 0 0 1 1 1 0 1 0 0 0 1 0 0 0 1 0 0 0 0 0 1 1 0 0 0 0 0 0 1 1 0 1 0 0 0 
1 0 1 1 1 0 1 0 1 1 1 1 0 1 0 1 1 0 0 1 0 0 0 1 1 1 0 1 1 0 0 0 1 1 0 1 1 1 1 0 1 1 1 0 0 1 0 1 1 0 0 0 0 0 0 0 1 1 1 1 0 1 1 1 1 1 0 1 1 0 1 1 1 0 1 0 1 0 1 1 1 1 0 0 0 0 0 0 1 1 0 0 1 0 0 0 1 1 1 0 0 0 1 1 1 1 1 1 1 0 1 0 1 0 0 1 0 1 1 1 1 1 0 1 0 0 1 0 1 0 1 1 1 0 1 1 1 1 1 1 1 1 0 0 0 1 1 1 0 0 
