200 50 0.461508
1 100 87
2 93 16
3 83 82
4 28 45
5 88 85
6 59 81
7 5 83
8 72 39
9 96 9
10 41 85
11 91 41
12 48 19
13 60 79
14 26 63
15 56 99
16 37 85
17 14 67
18 66 32
19 18 56
20 19 13
21 55 2
22 85 75
23 86 42
24 34 62
25 60 22
26 68 32
27 97 27
28 5 80
29 42 98
30 62 45
31 92 95
32 82 95
33 22 23
34 49 84
35 89 31
36 84 18
37 86 53
38 47 75
39 12 3
40 76 61
41 2 91
42 5 78
43 87 65
44 33 87
45 44 15
46 59 53
47 94 60
48 43 32
49 69 58
50 89 24
51 32 27
52 28 44
53 94 30
54 35 33
55 20 15
56 74 27
57 100 83
58 43 37
59 89 60
60 6 71
61 64 97
62 70 79
63 74 85
64 85 21
65 31 33
66 59 52
67 67 35
68 97 72
69 95 44
70 35 17
71 66 70
72 48 55
73 96 22
74 6 32
75 19 24
76 14 96
77 68 37
78 81 35
79 32 96
80 86 56
81 19 100
82 30 52
83 70 88
84 53 80
85 72 32
86 95 75
87 26 95
88 67 71
89 75 22
90 11 71
91 12 44
92 20 25
93 61 82
94 35 42
95 20 57
96 68 94
97 19 34
98 30 56
99 68 25
100 32 81
101 83 21
102 22 76
103 95 99
104 74 66
105 53 53
106 100 46
107 22 81
108 69 20
109 79 73
110 4 74
111 9 81
112 67 60
113 81 4
114 87 12
115 78 63
116 48 20
117 82 32
118 88 98
119 55 57
120 26 28
121 49 75
122 16 93
123 59 2
124 48 8
125 1 6
126 93 20
127 93 48
128 57 44
129 30 97
130 22 84
131 100 22
132 99 7
133 98 4
134 57 38
135 76 90
136 90 49
137 25 45
138 92 37
139 48 16
140 89 49
141 73 36
142 93 85
143 50 13
144 32 68
145 58 30
146 50 84
147 54 97
148 53 20
149 63 38
150 22 9
151 79 90
152 78 49
153 39 3
154 58 12
155 4 38
156 4 35
157 41 8
158 64 87
159 77 9
160 92 18
161 93 6
162 80 41
163 16 24
164 96 29
165 76 58
166 6 37
167 4 92
168 14 16
169 88 48
170 5 3
171 97 25
172 50 90
173 94 89
174 91 64
175 94 71
176 15 16
177 34 22
178 50 29
179 45 81
180 54 80
181 75 11
182 89 36
183 15 68
184 67 2
185 8 41
186 85 15
187 9 8
188 58 39
189 84 8
190 53 99
191 4 44
192 95 13
193 51 29
194 94 77
195 54 85
196 35 8
197 66 33
198 84 61
199 91 3
200 16 92
0 0 1 0 1 1 0 0 0 0 1 0 1 0 1 0 0 0 0 0 0 1 1 0 0 0 0 0 0 0 1 1 0 0 0 0 1 0 0 1 0 0 1 0 0 0 1 0 1 0 0 0 0 0 0 0 1 0 1 0 1 1 1 0 0 0 0 1 1 0 1 0 0 0 0 0 0 0 0 1 0 0 1 1 0 1 0 1 0 0 0 0 1 0 0 1 0 0 0 0 0 0 1 1 0 1 0 0 1 0 0 1 0 0 1 0 0 1 0 0 0 0 0 0 0 0 1 0 0 0 0 0 0 0 1 1 0 0 0 1 0 1 0 0 0 0 1 0 0 0 1 1 0 0 0 0 0 1 0 0 0 0 0 0 1 0 0 0 1 0 0 0 1 1 1 0 0 0 0 1 0 0 0 0 0 0 0 0 0 1 0 0 0 1 1 0 0 1 0 0 
0 0 0 0 0 0 0 1 1 0 1 1 0 0 0 0 0 1 0 0 1 0 1 0 1 1 1 0 0 1 0 0 0 0 1 1 1 0 0 1 0 0 1 0 1 0 1 0 1 1 0 0 1 0 0 1 0 0 1 0 0 0 0 1 0 1 1 0 1 0 0 0 1 0 0 0 1 1 0 1 0 0 0 0 1 0 0 0 1 0 0 0 0 0 0 0 0 0 1 0 1 0 0 0 0 1 0 1 0 0 0 0 1 1 1 1 1 0 0 0 0 0 1 1 0 1 1 1 0 0 1 1 1 1 0 1 0 1 1 1 1 0 1 0 1 0 0 1 1 0 0 1 0 1 0 0 0 0 1 1 1 1 0 1 1 0 0 0 1 0 1 0 0 1 0 0 0 1 0 0 1 1 0 1 0 1 0 1 1 0 0 1 1 0 0 0 1 1 1 0 
1 0 0 0 1 1 0 1 0 1 1 0 1 0 1 1 0 0 0 0 0 1 1 0 0 0 0 0 1 1 1 1 0 1 0 0 1 1 0 1 0 0 1 0 0 1 1 0 1 0 0 0 0 0 0 0 1 0 1 0 1 1 1 0 0 1 1 1 1 0 1 1 0 0 0 0 1 1 0 1 0 0 1 1 0 1 0 1 0 0 0 0 1 0 0 1 0 0 0 0 0 0 1 1 1 1 0 0 1 0 0 1 0 0 1 0 0 1 1 0 1 0 0 0 0 0 1 1 0 0 0 0 0 0 1 1 0 1 0 1 1 1 0 0 0 1 1 0 1 0 1 1 0 0 0 0 0 1 0 0 0 1 0 0 1 0 0 0 1 0 0 1 1 1 1 0 0 0 1 1 0 1 0 0 0 0 0 1 0 1 0 0 0 1 1 0 0 1 0 0 
0 0 0 0 0 1 1 1 0 1 0 1 1 1 0 1 1 1 1 1 0 0 0 1 1 1 0 1 0 1 0 0 1 1 0 0 0 1 1 0 0 1 0 1 1 1 0 1 1 0 1 1 0 1 1 1 0 1 0 1 0 0 0 0 1 1 1 0 0 1 1 1 0 1 1 0 1 0 0 0 0 1 0 1 1 0 0 1 0 1 1 1 1 1 1 0 1 1 1 1 0 1 0 0 1 0 1 1 0 1 1 1 0 0 0 1 0 0 1 1 1 1 0 1 1 0 0 1 0 1 0 0 0 1 0 0 1 0 1 0 1 0 1 1 1 1 0 1 1 1 0 0 1 1 1 1 1 0 0 0 0 0 1 0 1 1 0 1 0 1 0 0 0 0 0 1 1 1 1 1 0 0 1 0 1 0 1 1 0 0 1 0 1 0 1 1 1 0 0 1 
1 0 1 0 0 1 0 1 0 1 1 0 1 0 1 0 0 0 0 0 0 1 1 0 0 0 0 0 1 1 1 1 0 1 0 0 1 1 0 1 0 0 1 0 0 1 1 0 1 0 0 0 0 0 0 0 1 0 1 0 1 1 1 0 0 1 0 1 1 0 1 1 0 0 0 0 0 0 0 1 0 0 1 1 0 1 0 1 0 0 0 0 1 0 0 1 0 0 0 0 0 0 1 1 1 1 0 0 1 0 0 1 0 0 1 0 0 1 1 0 1 0 0 0 0 0 1 0 0 0 0 0 0 0 1 1 0 1 0 1 0 1 0 0 0 1 1 0 0 0 1 1 0 0 0 0 0 1 0 0 0 1 0 0 1 0 0 0 1 0 0 1 1 1 1 0 0 0 1 1 0 1 0 0 0 0 0 0 0 1 0 0 0 1 1 0 0 1 0 0 
1 0 1 1 1 0 0 1 0 1 0 0 1 1 1 1 1 1 1 0 0 1 1 1 0 1 0 0 1 1 1 1 0 1 0 0 1 1 0 1 0 0 1 1 0 1 1 0 1 0 0 1 0 0 0 0 1 1 1 0 1 1 1 0 0 1 1 1 0 0 1 1 0 0 0 1 1 0 1 1 1 1 1 1 0 1 1 1 0 1 0 0 1 1 1 1 0 1 0 1 0 1 1 1 1 0 1 0 1 0 1 1 0 0 1 0 0 1 1 0 1 1 0 0 0 0 1 1 1 1 0 0 0 1 1 1 1 0 0 1 1 1 0 1 0 1 1 0 1 0 1 1 0 0 0 0 0 1 0 0 0 1 0 0 1 0 0 0 1 0 0 1 1 1 1 0 0 0 1 1 0 0 1 0 0 0 0 1 0 1 0 0 0 1 1 0 1 1 0 1 
0 0 0 1 0 0 0 0 0 1 0 0 0 1 0 1 1 0 1 0 0 0 0 1 0 0 0 1 1 0 0 0 0 1 0 0 0 1 0 0 1 1 0 1 0 0 0 0 0 0 0 1 0 0 0 0 0 0 0 1 0 0 0 0 0 0 0 0 0 0 0 0 0 0 0 1 0 0 1 0 1 1 0 1 0 0 1 0 0 1 1 0 0 0 1 0 0 1 0 1 0 1 0 0 0 0 1 0 0 1 1 0 0 0 0 0 0 0 0 0 1 1 0 0 0 0 0 0 1 1 0 0 0 0 0 0 1 0 0 0 0 0 0 1 0 1 0 0 0 0 0 0 0 0 1 1 0 0 0 0 0 0 0 0 0 1 1 0 0 0 0 1 0 0 0 0 0 0 1 1 0 0 1 0 1 0 0 0 0 0 1 0 0 0 1 0 0 0 0 1 
0 1 1 1 1 1 0 0 1 0 1 1 1 0 0 0 0 1 0 0 1 1 1 1 1 1 1 0 0 1 0 0 0 0 1 1 1 1 0 1 0 0 1 0 1 1 1 1 1 1 1 1 1 1 0 1 0 1 1 0 0 1 1 1 1 1 1 1 1 1 1 1 1 0 0 0 1 1 0 1 0 1 1 1 1 1 0 1 1 0 0 0 1 1 0 0 0 1 1 0 1 0 0 1 1 1 0 1 1 0 0 1 1 1 1 1 1 0 1 1 1 0 1 1 0 1 1 1 0 0 1 1 1 1 0 1 1 1 1 1 1 0 1 1 1 0 0 1 1 0 0 1 1 1 0 0 1 1 1 1 1 1 0 1 1 0 0 0 1 0 1 0 0 1 1 0 1 1 1 1 1 1 0 1 0 1 0 1 1 0 0 1 1 1 1 1 1 1 1 0 
0 1 0 0 0 0 0 1 0 0 1 1 0 0 0 0 0 1 0 0 1 0 1 0 1 1 1 0 0 1 0 0 0 0 1 1 1 0 0 0 0 0 0 0 0 0 0 0 0 1 0 0 1 0 0 1 0 0 0 0 0 0 0 1 0 0 1 0 1 0 0 0 1 0 0 0 1 1 0 1 0 0 0 0 1 0 0 0 1 0 0 0 0 0 0 0 0 0 1 0 1 0 0 0 0 1 0 1 0 0 0 0 1 1 0 1 1 0 0 0 0 0 1 1 0 1 1 0 0 0 1 1 1 1 0 1 0 1 1 1 1 0 1 0 1 0 0 1 1 0 0 1 0 1 0 0 0 0 1 1 1 1 0 1 0 0 0 0 1 0 1 0 0 0 0 0 0 0 0 0 1 1 0 1 0 1 0 1 1 0 0 1 1 0 0 0 1 0 1 0 
0 0 1 1 1 1 1 0 0 0 0 0 1 1 1 1 1 0 1 0 0 1 0 1 0 0 0 1 1 1 0 1 0 1 0 0 0 1 0 1 1 1 0 1 0 1 0 0 1 0 0 1 0 0 0 0 0 1 0 1 1 1 1 0 0 1 0 0 0 0 1 1 0 0 0 1 0 0 1 0 1 1 1 1 0 0 1 1 0 1 0 0 1 1 1 1 0 1 0 1 0 1 0 1 1 0 1 0 1 1 1 1 0 0 1 0 0 1 1 0 1 1 0 0 0 0 0 1 1 1 0 0 0 1 1 0 1 0 0 0 0 0 0 1 0 1 1 0 0 0 1 0 0 0 0 0 0 1 0 0 0 0 0 0 1 0 1 0 0 0 0 1 0 0 0 0 0 0 1 1 0 0 1 0 0 0 0 1 0 1 0 0 0 0 1 0 0 1 0 1 
1 1 1 0 1 0 0 1 1 0 0 1 1 0 0 0 0 1 0 0 0 1 1 0 1 1 1 0 0 1 0 0 0 0 1 1 1 0 0 1 0 0 1 0 0 1 1 1 1 1 0 0 1 0 0 1 1 1 1 0 0 1 1 1 0 1 1 1 1 0 1 1 1 0 0 0 1 1 0 1 0 0 0 0 1 1 0 1 1 0 0 0 0 0 0 0 0 0 1 0 1 0 0 1 1 1 0 1 1 0 0 1 1 1 1 1 1 0 1 0 0 0 0 0 0 1 1 1 0 0 1 1 1 1 0 1 0 1 1 1 1 1 1 0 1 0 0 1 1 0 0 1 0 1 0 0 0 0 1 1 1 1 0 1 1 0 0 0 1 0 1 0 1 1 1 0 0 1 0 0 1 1 0 1 0 1 0 1 1 0 0 1 1 1 0 0 1 1 1 0 
0 1 0 1 0 0 0 1 1 0 1 0 0 1 0 0 0 1 1 1 1 0 1 1 1 1 1 0 0 1 0 0 1 0 1 1 0 0 1 0 0 0 0 0 1 1 0 1 1 1 1 1 1 1 1 1 0 1 0 0 0 0 0 1 1 1 1 0 0 1 0 1 1 1 1 0 1 1 0 0 0 1 0 0 1 0 0 0 1 0 1 1 0 1 1 0 1 1 1 0 1 0 0 0 1 0 0 1 0 0 0 1 1 1 0 1 1 0 1 1 0 0 1 1 1 1 0 1 0 0 0 0 0 1 0 0 1 1 1 0 1 0 1 0 1 0 0 1 1 1 0 1 1 1 1 1 1 0 1 1 1 1 1 1 1 1 0 1 1 1 1 0 0 0 0 1 1 1 0 0 1 1 0 1 1 1 1 1 1 0 0 1 1 0 0 1 1 0 1 0 
1 0 1 1 1 1 0 1 0 1 1 0 0 1 1 1 1 1 1 0 0 1 1 1 0 1 0 0 1 1 1 1 0 1 0 0 1 1 0 1 0 0 1 1 0 1 1 1 1 0 0 1 0 0 0 0 1 1 1 0 1 1 1 0 0 1 1 1 1 0 1 1 0 0 0 1 1 1 1 1 1 1 1 1 1 1 1 1 0 1 0 0 1 1 1 1 0 1 0 1 0 1 1 1 1 0 1 0 1 0 0 1 0 0 1 0 0 1 1 0 1 1 0 0 0 0 1 1 1 1 0 0 0 1 1 1 1 0 0 1 1 1 0 1 1 1 1 0 1 0 1 1 0 0 0 0 0 1 0 0 0 1 0 0 1 0 0 0 1 0 0 1 1 1 1 0 0 0 1 1 0 0 1 0 0 0 0 1 0 1 0 0 0 1 1 0 1 1 0 1 
0 0 0 1 0 1 1 0 0 1 0 1 1 0 1 1 1 0 1 0 0 0 0 1 0 0 0 1 1 1 0 0 1 1 0 0 0 1 0 0 1 1 0 1 0 1 0 1 1 0 1 1 0 1 1 0 0 1 0 1 0 1 0 0 1 1 1 0 0 1 1 1 0 1 1 1 1 0 1 0 1 1 0 1 0 0 1 1 0 1 1 1 1 1 1 0 1 1 0 1 0 1 0 1 1 0 1 0 0 1 1 1 0 0 0 1 0 0 1 1 1 1 0 0 0 0 0 1 1 1 0 0 0 1 0 0 1 0 0 0 0 0 0 1 1 1 1 0 1 0 0 0 0 0 1 1 0 1 0 0 0 0 1 0 0 1 1 1 0 0 0 1 0 0 0 1 1 1 1 1 0 0 1 0 1 0 0 1 0 1 1 0 1 0 1 0 1 0 0 1 
1 0 1 0 1 1 0 0 0 1 0 0 1 1 0 1 0 0 0 0 0 1 0 1 0 0 0 0 1 0 1 1 0 1 0 0 0 1 0 1 0 0 1 1 0 1 0 0 1 0 0 0 0 0 0 0 1 0 0 0 1 1 1 0 0 1 0 1 0 0 1 1 0 0 0 1 0 0 1 0 1 0 1 1 0 1 1 1 0 0 0 0 1 0 0 1 0 0 0 1 0 1 1 1 1 0 1 0 1 0 0 1 0 0 1 0 0 1 1 0 1 1 0 0 0 0 0 0 1 1 0 0 0 0 1 0 0 0 0 0 0 1 0 1 0 1 1 0 0 0 1 0 0 0 0 0 0 1 0 0 0 0 0 0 1 0 0 0 0 0 0 1 1 1 1 0 0 0 1 1 0 0 0 0 0 0 0 0 0 1 0 0 0 1 1 0 0 1 0 1 
0 0 1 1 0 1 1 0 0 1 0 0 1 1 1 0 1 0 1 0 0 1 0 1 0 0 0 1 1 1 0 1 0 1 0 0 0 1 0 1 1 1 0 1 0 1 0 0 1 0 0 1 0 0 0 0 0 1 0 1 1 1 1 0 0 1 0 0 0 0 1 1 0 0 0 1 0 0 1 0 1 1 1 1 0 0 1 1 0 1 1 0 1 1 1 1 0 1 0 1 0 1 0 1 1 0 1 0 1 1 1 1 0 0 1 0 0 0 1 0 1 1 0 0 0 0 0 1 1 1 0 0 0 0 1 0 1 0 0 0 0 0 0 1 0 1 1 0 0 0 1 0 0 0 0 0 0 1 0 0 0 0 0 0 1 0 1 0 0 0 0 1 0 0 0 0 0 0 1 1 0 0 1 0 0 0 0 0 0 1 0 0 0 0 1 0 0 0 0 1 
0 0 0 1 0 1 1 0 0 1 0 0 1 1 0 1 0 0 1 0 0 0 0 1 0 0 0 1 1 0 0 0 1 1 0 0 0 1 0 0 1 1 0 1 0 1 0 1 0 0 1 1 0 1 0 0 0 1 0 1 0 0 0 0 1 1 0 0 0 0 0 1 0 1 1 1 0 0 1 0 1 1 0 1 0 0 1 0 0 1 1 1 1 1 1 0 1 1 0 1 0 1 0 0 1 0 1 0 0 1 1 0 0 0 0 0 0 0 1 1 1 1 0 0 0 0 0 1 1 1 0 0 0 0 0 0 1 0 0 0 0 0 0 1 0 1 1 0 0 0 0 0 0 0 1 1 0 0 0 0 0 0 1 0 0 1 1 0 0 0 0 1 0 0 0 0 1 0 1 1 0 0 1 0 1 0 0 0 0 0 1 0 0 0 1 0 0 0 0 1 
0 1 0 1 0 1 0 1 1 0 1 1 1 0 0 0 0 0 0 0 1 1 1 1 1 1 1 0 0 1 0 0 1 0 1 1 1 1 0 1 0 0 1 0 1 1 1 1 1 1 1 1 1 1 1 1 0 1 1 0 0 1 0 1 1 1 1 0 1 1 1 1 1 0 1 0 1 1 0 1 0 1 0 1 1 0 0 1 1 0 0 1 0 1 0 0 1 1 1 0 1 0 0 1 1 1 0 1 1 0 0 1 1 1 1 1 1 0 1 1 1 0 1 1 0 1 1 1 0 0 1 1 1 1 0 1 1 1 1 1 1 0 1 1 1 0 0 1 1 1 0 1 1 1 0 0 1 0 1 1 1 1 0 1 1 0 0 0 1 0 1 0 0 1 1 0 1 1 0 1 1 1 0 1 0 1 0 1 1 0 0 1 1 0 0 1 1 1 1 0 
0 0 0 1 0 1 1 0 0 1 0 1 1 1 0 1 1 0 0 1 0 0 0 1 0 0 0 1 1 1 0 0 1 1 0 0 0 1 0 0 1 1 0 1 1 1 0 1 0 0 1 1 0 1 1 0 0 1 0 1 0 0 0 0 1 1 0 0 0 1 1 1 0 1 1 1 0 0 1 0 1 1 0 1 0 0 1 0 0 1 1 1 0 1 1 0 1 1 0 1 0 1 0 0 1 0 1 0 0 1 1 1 0 0 0 1 0 0 1 1 1 1 0 0 0 0 0 1 1 1 0 0 0 1 0 0 1 0 1 0 0 0 0 1 1 1 0 0 1 1 0 0 0 0 1 1 0 0 0 0 0 0 1 0 0 1 1 1 0 0 0 1 0 0 0 1 1 1 1 1 0 0 1 0 1 0 1 1 0 0 1 0 1 0 1 0 0 0 0 1 
0 0 0 1 0 0 0 0 0 0 0 1 0 0 0 0 0 0 1 0 1 0 0 0 1 0 0 0 0 0 0 0 1 0 0 0 0 0 1 0 0 0 0 0 1 0 0 1 0 0 1 1 0 1 1 0 0 1 0 0 0 0 0 0 1 0 0 0 0 1 0 0 0 1 1 0 0 0 0 0 0 1 0 0 0 0 0 0 0 0 1 1 0 1 1 0 1 1 0 0 0 0 0 0 0 0 0 0 0 0 0 0 0 0 0 1 0 0 0 1 0 0 1 1 1 0 0 1 0 0 0 0 0 1 0 0 1 0 1 0 0 0 1 0 1 0 0 1 0 1 0 0 1 1 1 1 1 0 0 0 0 0 1 0 0 1 0 1 0 1 0 0 0 0 0 1 1 1 0 0 0 0 0 1 1 0 1 1 0 0 1 0 1 0 0 1 0 0 0 0 
0 1 0 0 0 0 0 1 1 0 0 1 0 0 0 0 0 1 0 1 0 0 0 0 1 1 1 0 0 1 0 0 1 0 1 1 0 0 1 0 0 0 0 0 1 0 0 1 0 1 1 1 1 1 1 1 0 1 0 0 0 0 0 1 1 0 1 0 0 1 0 0 1 0 1 0 1 1 0 0 0 0 0 0 1 0 0 0 1 0 0 1 0 1 0 0 1 0 1 0 1 0 0 0 0 0 0 1 0 0 0 0 1 1 0 1 1 0 0 1 0 0 1 1 0 1 0 1 0 0 1 1 1 1 0 0 0 0 1 0 1 0 1 0 1 0 0 1 1 1 0 0 1 1 0 0 1 0 1 1 1 1 1 1 0 0 0 1 0 0 1 0 0 0 0 1 1 1 0 0 1 1 0 1 0 1 1 1 1 0 0 1 1 0 0 1 1 0 1 0 
1 0 1 0 1 1 0 1 0 1 1 0 1 0 1 1 0 1 0 0 0 0 1 0 0 1 1 0 1 1 1 1 0 1 1 0 1 1 0 1 0 0 1 0 0 1 1 0 1 0 0 0 1 0 0 1 1 0 1 0 1 1 1 0 0 1 1 1 1 0 1 1 0 0 0 0 1 1 0 1 0 0 1 1 1 1 0 1 0 0 0 0 1 0 0 1 0 0 0 0 0 0 1 1 1 1 0 0 1 0 0 1 0 0 1 0 1 1 1 0 1 0 0 0 0 0 1 1 0 0 0 0 0 1 1 1 0 1 0 1 1 1 0 0 0 1 1 0 1 0 1 1 0 0 0 0 0 1 0 0 0 1 0 1 1 0 0 0 1 0 0 1 1 1 1 0 0 0 1 1 0 1 0 0 0 0 0 1 0 1 0 0 0 1 1 0 1 1 0 0 
1 1 1 0 1 1 0 1 1 0 1 1 1 0 0 0 0 1 0 0 0 1 0 0 1 1 1 0 0 1 0 0 0 0 1 1 1 0 0 1 0 0 1 0 1 1 1 1 1 1 0 0 1 0 0 1 1 1 1 0 0 1 1 1 0 1 1 1 1 0 1 1 1 0 0 0 1 1 0 1 0 0 1 0 1 1 0 1 1 0 0 0 1 0 0 0 0 0 1 0 1 0 0 1 1 1 0 1 1 0 0 1 1 1 1 1 1 0 1 0 1 0 1 0 0 1 1 1 0 0 1 1 1 1 1 1 0 1 1 1 1 1 1 0 1 0 0 1 1 0 1 1 0 1 0 0 0 0 1 1 1 1 0 1 1 0 0 0 1 0 1 0 1 1 1 0 0 1 0 1 1 1 0 1 0 1 0 1 1 0 0 1 1 1 0 0 1 1 1 0 
0 0 0 1 0 1 1 1 0 1 0 1 1 1 1 1 1 1 1 0 0 0 0 0 1 1 0 1 1 1 0 0 1 1 0 0 0 1 0 1 1 1 0 1 1 1 0 1 1 0 1 1 0 1 1 0 0 1 0 1 1 1 1 0 1 1 1 0 0 1 1 1 0 1 1 1 1 0 1 0 1 1 1 1 1 0 1 1 0 1 1 1 1 1 1 1 1 1 0 1 0 1 0 1 1 0 1 0 1 1 1 1 0 0 1 1 0 0 1 1 1 1 0 0 0 0 0 1 1 1 0 0 0 1 0 0 1 0 1 0 1 0 0 1 1 1 1 1 1 0 0 1 0 0 1 1 0 1 0 0 0 0 1 0 1 1 1 0 0 0 0 1 0 0 0 1 1 1 1 1 0 0 1 0 1 0 0 1 0 1 1 0 1 0 1 0 1 0 0 1 
0 1 0 1 0 0 0 1 1 0 1 1 0 0 0 0 0 1 0 1 1 0 1 1 0 1 1 0 0 1 0 0 1 0 1 1 1 0 0 1 0 0 0 0 1 1 0 1 1 1 1 1 1 1 1 1 0 1 1 0 0 0 0 1 1 1 1 0 1 1 1 1 1 0 1 0 1 1 0 1 0 1 0 0 1 0 0 1 1 0 0 1 0 1 0 0 1 1 1 0 1 0 0 1 1 1 0 1 0 0 0 1 1 1 1 1 1 0 1 1 0 0 1 1 0 1 1 1 0 0 1 1 1 1 0 1 1 1 1 1 1 0 1 0 1 0 0 1 1 1 0 1 1 1 0 0 1 0 1 1 1 1 1 1 1 0 0 1 1 0 1 0 0 0 0 1 1 1 0 0 1 1 0 1 0 1 0 1 1 0 0 1 1 0 0 1 1 1 1 0 
0 1 0 1 0 1 0 1 1 0 1 1 1 0 0 0 0 1 0 0 1 1 1 1 1 0 1 0 0 1 0 0 1 0 1 1 1 1 0 1 0 0 1 0 1 1 1 1 1 1 1 1 1 1 0 1 0 1 1 0 0 1 0 1 1 1 1 1 1 1 1 1 1 0 1 0 1 1 0 1 0 1 0 0 1 0 0 1 1 0 0 1 0 1 0 0 1 1 1 0 1 0 0 1 1 1 0 1 1 0 0 1 1 1 1 1 1 0 1 1 1 0 1 1 0 1 1 1 0 0 1 1 1 1 0 1 1 1 1 1 1 0 1 0 1 0 0 1 1 0 0 1 1 1 0 0 1 0 1 1 1 1 0 1 1 0 0 0 1 0 1 0 0 1 1 0 1 1 0 1 1 1 0 1 0 1 0 1 1 0 0 1 1 0 0 1 1 1 1 0 
0 1 0 0 0 0 0 1 1 0 1 1 0 0 0 0 0 1 0 0 1 1 1 0 1 1 0 0 0 1 0 0 0 0 1 1 1 0 0 1 0 0 1 0 0 1 1 0 1 1 0 0 1 0 0 1 0 0 1 0 0 0 0 1 0 1 1 1 1 0 0 0 1 0 0 0 1 1 0 1 0 0 0 0 1 1 0 0 1 0 0 0 0 0 0 0 0 0 1 0 1 0 0 1 0 1 0 1 1 0 0 1 1 1 1 1 1 0 0 0 0 0 1 0 0 1 1 1 0 0 1 1 1 1 0 1 0 1 0 1 1 0 1 0 1 0 0 1 1 0 0 1 0 1 0 0 0 0 1 1 1 1 0 1 1 0 0 0 1 0 1 0 0 1 1 0 0 1 0 0 1 1 0 1 0 1 0 1 1 0 0 1 1 0 0 0 1 1 1 0 
0 0 0 1 0 0 1 0 0 1 0 0 0 1 0 1 1 0 1 0 0 0 0 1 0 0 0 0 1 0 0 0 0 1 0 0 0 1 0 0 1 1 0 1 0 0 0 0 0 0 0 1 0 0 0 0 0 0 0 1 0 0 0 0 0 0 0 0 0 0 0 1 0 1 0 1 0 0 1 0 1 1 0 1 0 0 1 0 0 1 1 0 0 1 1 0 1 1 0 1 0 1 0 0 0 0 1 0 0 1 1 0 0 0 0 0 0 0 0 0 1 1 0 0 0 0 0 0 1 1 0 0 0 0 0 0 1 0 0 0 0 0 0 1 0 1 0 0 0 0 0 0 0 0 1 1 0 0 0 0 0 0 0 0 0 1 1 0 0 0 0 1 0 0 0 0 0 0 1 1 0 0 1 0 1 0 0 0 0 0 1 0 0 0 1 0 0 0 0 1 
0 0 1 0 1 1 1 0 0 1 0 0 1 1 1 1 1 0 1 0 0 1 0 1 0 0 0 1 0 0 0 1 0 1 0 0 0 1 0 0 1 1 0 1 0 1 0 0 1 0 0 0 0 0 0 0 0 0 0 1 1 1 1 0 0 1 0 0 0 0 1 1 0 0 0 1 0 0 1 0 1 1 1 1 0 0 1 1 0 1 0 0 1 0 1 1 0 1 0 1 0 1 0 1 1 0 1 0 1 1 1 1 0 0 0 0 0 1 1 0 1 1 0 0 0 0 0 0 1 1 0 0 0 0 1 0 0 0 0 0 0 0 0 1 0 1 1 0 0 0 1 0 0 0 0 0 0 1 0 0 0 0 0 0 0 0 1 0 0 0 0 1 0 0 0 0 0 0 1 1 0 0 1 0 0 0 0 0 0 1 0 0 0 0 1 0 0 0 0 1 
0 1 1 1 1 1 0 1 1 1 1 1 1 1 0 1 0 1 1 0 1 1 1 1 1 1 1 0 0 0 0 0 1 1 1 1 1 1 0 1 0 0 1 0 1 1 1 1 1 1 1 1 1 1 0 1 0 1 1 0 0 1 1 1 1 1 1 1 1 1 1 1 1 0 1 0 1 1 0 1 0 1 1 1 1 1 0 1 1 0 0 1 1 1 1 1 1 1 1 1 1 0 0 1 1 1 0 1 1 0 0 1 1 1 1 1 1 0 1 1 1 0 1 1 0 1 1 1 0 0 1 0 0 1 1 1 1 1 1 1 1 0 1 1 1 1 0 1 1 0 1 1 1 1 0 0 1 1 1 1 1 1 0 1 1 0 0 0 1 0 1 1 0 1 1 0 1 1 1 1 1 1 0 1 0 1 0 1 1 0 0 1 1 1 1 1 1 1 0 0 
1 0 1 0 1 1 0 0 0 0 0 0 1 0 1 0 0 0 0 0 0 1 0 0 0 0 0 0 0 0 0 1 0 1 0 0 1 1 0 1 0 0 1 0 0 0 1 0 1 0 0 0 0 0 0 0 1 0 1 0 1 1 1 0 0 0 0 1 0 0 1 0 0 0 0 0 0 0 0 1 0 0 1 1 0 1 0 1 0 0 0 0 1 0 0 1 0 0 0 0 0 0 1 1 0 1 0 0 1 0 0 1 0 0 1 0 0 1 0 0 1 0 0 0 0 0 1 0 0 0 0 0 0 0 1 1 0 0 0 1 0 1 0 0 0 1 1 0 0 0 1 1 0 0 0 0 0 1 0 0 0 0 0 0 1 0 0 0 1 0 0 1 1 1 1 0 0 0 1 1 0 0 0 0 0 0 0 0 0 1 0 0 0 1 1 0 0 1 0 0 
1 0 1 0 1 1 0 0 0 1 0 0 1 0 1 1 0 0 0 0 0 1 0 0 0 0 0 0 1 0 1 0 0 1 0 0 1 1 0 1 0 0 1 1 0 1 1 0 1 0 0 0 0 0 0 0 1 0 1 0 1 1 1 0 0 1 0 1 0 0 1 0 0 0 0 0 0 0 0 1 0 0 1 1 0 1 0 1 0 0 0 0 1 0 0 1 0 0 0 0 0 0 1 1 0 0 0 0 1 0 0 1 0 0 1 0 0 1 1 0 1 0 0 0 0 0 1 0 0 0 0 0 0 0 1 1 0 0 0 1 0 1 0 0 0 1 1 0 0 0 1 1 0 0 0 0 0 1 0 0 0 0 0 0 1 0 0 0 1 0 0 1 1 1 1 0 0 0 1 1 0 0 0 0 0 0 0 0 0 1 0 0 0 1 1 0 0 1 0 0 
0 0 0 1 0 0 0 0 0 0 0 1 0 1 0 0 1 1 1 1 1 0 0 1 1 1 0 0 0 1 0 0 0 0 0 0 0 0 1 0 0 0 0 0 1 1 0 1 0 0 1 1 0 1 1 0 0 1 0 0 0 0 0 0 1 1 1 0 0 1 0 1 0 1 1 0 1 0 0 0 0 1 0 0 0 0 0 0 0 1 1 1 0 1 1 0 1 1 1 0 0 0 0 0 1 0 0 1 0 0 0 0 0 0 0 1 0 0 1 1 0 0 1 1 1 0 0 1 0 0 0 0 0 1 0 0 1 0 1 0 0 0 1 1 1 0 0 1 1 1 0 0 1 1 1 1 1 0 0 0 0 0 1 0 0 1 0 1 0 1 0 0 0 0 0 1 1 1 0 0 0 0 1 1 1 0 1 1 0 0 1 0 1 0 0 1 1 0 0 0 
0 0 1 1 1 1 1 0 0 1 0 0 1 1 1 1 1 0 1 0 0 1 0 1 0 0 0 1 1 1 1 1 0 0 0 0 1 1 0 1 1 1 1 1 0 1 0 0 1 0 0 1 0 0 0 0 0 1 1 1 1 1 1 0 0 1 0 1 0 0 1 1 0 0 0 1 0 0 1 1 1 1 1 1 0 1 1 1 0 1 0 0 1 1 1 1 0 1 0 1 0 1 1 1 1 0 1 0 1 1 1 1 0 0 1 0 0 1 1 0 1 1 0 0 0 0 0 1 1 1 0 0 0 1 1 0 1 0 0 0 0 1 0 1 0 1 1 0 1 0 1 1 0 0 0 0 0 1 0 0 0 0 0 0 1 0 1 0 0 0 0 1 1 1 1 0 0 0 1 1 0 0 1 0 0 0 0 1 0 1 0 0 0 1 1 0 0 1 0 1 
0 1 0 0 0 0 0 1 1 0 1 1 0 0 0 0 0 1 0 0 1 1 1 0 1 1 1 0 0 1 0 0 0 0 0 1 1 0 0 1 0 0 1 0 1 1 1 1 1 1 0 0 1 0 0 1 0 1 1 0 0 0 0 1 0 1 1 1 1 0 1 1 1 0 0 0 1 1 0 1 0 0 0 0 1 1 0 1 1 0 0 0 0 0 0 0 0 0 1 0 1 0 0 1 1 1 0 1 1 0 0 1 1 1 1 1 1 0 1 0 0 0 1 1 0 1 1 1 0 0 1 1 1 1 0 1 0 1 1 1 1 0 1 0 1 0 0 1 1 0 0 1 0 1 0 0 0 0 1 1 1 1 0 1 1 0 0 0 1 0 1 0 0 1 1 0 0 1 0 0 1 1 0 1 0 1 0 1 1 0 0 1 1 1 0 0 1 1 1 0 
0 1 0 0 0 0 0 1 1 0 1 1 0 0 0 0 0 1 0 0 1 0 1 0 1 1 1 0 0 1 0 0 0 0 1 0 1 0 0 1 0 0 1 0 1 1 1 1 1 1 0 0 1 0 0 1 0 1 1 0 0 0 0 1 0 1 1 0 1 1 0 0 1 0 0 0 1 1 0 1 0 0 0 0 1 0 0 0 1 0 0 0 0 0 0 0 0 0 1 0 1 0 0 1 1 1 0 1 0 0 0 1 1 1 1 1 1 0 1 0 0 0 1 1 0 1 1 1 0 0 1 1 1 1 0 1 0 1 1 1 1 0 1 0 1 0 0 1 1 0 0 1 1 1 0 0 1 0 1 1 1 1 0 1 1 0 0 0 1 0 1 0 0 1 0 0 0 1 0 0 1 1 0 1 0 1 0 1 1 0 0 1 1 0 0 0 1 1 1 0 
1 1 1 0 1 1 0 1 1 0 1 0 1 0 0 0 0 1 0 0 0 1 1 0 1 1 1 0 0 1 1 1 0 1 1 1 0 1 0 1 0 0 1 0 0 1 1 1 1 1 0 0 1 0 0 1 1 1 1 0 1 1 1 1 0 1 1 1 1 0 1 1 1 0 0 0 1 1 0 1 0 0 1 1 1 1 0 1 1 0 0 0 1 0 0 1 0 0 1 0 1 0 1 1 1 1 0 1 1 0 0 1 1 1 1 0 1 1 1 0 1 0 0 0 0 1 1 1 0 0 1 1 0 1 1 1 0 1 0 1 1 1 0 0 1 1 0 1 1 0 1 1 0 1 0 0 0 1 1 1 1 1 0 1 1 0 0 0 1 0 1 0 1 1 1 0 0 1 1 1 1 1 0 0 0 1 0 1 1 0 0 1 1 1 1 0 1 1 0 0 
0 0 1 1 1 1 1 1 0 1 0 0 1 1 1 1 1 1 1 0 0 1 0 1 0 1 0 1 1 1 1 1 0 1 0 0 1 0 0 1 1 1 1 1 0 1 1 1 1 0 0 1 0 1 0 0 0 1 1 1 1 1 1 0 1 1 1 0 0 0 1 1 0 0 0 1 1 0 1 1 1 1 1 1 1 1 1 1 0 1 1 0 1 1 1 1 1 1 0 1 0 1 0 1 1 0 1 0 1 1 1 1 0 0 1 0 0 1 1 0 1 1 0 0 0 0 0 1 1 1 0 0 0 1 1 0 1 0 0 1 1 1 0 1 1 1 1 0 1 0 1 1 0 0 0 0 0 1 0 0 0 1 0 0 1 0 1 0 1 0 0 1 1 1 1 0 0 1 1 1 0 0 1 0 0 0 0 1 0 1 0 0 1 1 1 0 1 1 0 1 
0 0 0 1 0 0 0 0 0 0 0 1 0 0 0 0 0 0 0 1 1 0 0 0 0 0 0 0 0 0 0 0 1 0 0 0 0 0 0 0 0 0 0 0 1 0 0 1 0 0 1 1 0 1 1 0 0 1 0 0 0 0 0 0 1 0 0 0 0 1 0 0 0 1 1 0 0 0 0 0 0 0 0 0 0 0 0 0 0 0 1 1 0 1 0 0 1 0 0 0 0 0 0 0 0 0 0 0 0 0 0 0 0 0 0 1 0 0 0 1 0 0 1 1 1 0 0 0 0 0 0 0 0 0 0 0 1 0 1 0 0 0 1 0 0 0 0 1 0 1 0 0 1 1 1 1 1 0 0 0 0 0 1 0 0 1 0 1 0 1 0 0 0 0 0 1 1 1 0 0 0 0 0 0 1 0 1 0 0 0 1 0 1 0 0 1 0 0 0 0 
1 1 1 0 1 1 0 1 0 1 1 0 1 0 1 1 0 1 0 0 0 1 1 1 1 1 1 0 0 1 1 1 0 1 1 1 1 1 0 0 0 0 1 0 0 1 1 1 1 1 0 0 1 1 0 1 1 1 1 0 1 1 1 1 0 1 1 1 1 0 1 1 1 0 0 0 1 1 0 1 0 1 1 1 1 1 0 1 1 0 0 0 1 1 0 1 0 1 1 1 1 0 1 1 1 1 0 1 1 0 0 1 0 0 1 1 1 1 1 0 1 0 0 0 0 1 1 1 0 0 1 0 0 1 1 1 0 1 0 1 1 1 0 1 1 1 1 1 1 0 1 1 0 0 0 0 0 1 0 1 0 1 0 1 1 0 0 0 1 0 1 1 1 1 1 0 0 1 1 1 0 1 0 0 0 1 0 1 0 1 0 0 1 1 1 0 1 1 0 0 
0 0 0 0 0 0 1 0 0 1 0 0 0 1 0 1 1 0 1 0 0 0 0 1 0 0 0 1 1 0 0 0 0 1 0 0 0 1 0 0 0 1 0 1 0 0 0 0 0 0 0 0 0 0 0 0 0 0 0 1 0 0 0 0 0 0 0 0 0 0 0 0 0 0 0 1 0 0 1 0 1 1 0 0 0 0 1 0 0 1 1 0 0 0 1 0 0 1 0 1 0 1 0 0 0 0 1 0 0 1 1 0 0 0 0 0 0 0 0 0 1 1 0 0 0 0 0 0 1 1 0 0 0 0 0 0 0 0 0 0 0 0 0 1 0 1 0 0 0 0 0 0 0 0 0 0 0 0 0 0 0 0 0 0 0 0 1 0 0 0 0 1 0 0 0 0 0 0 1 0 0 0 1 0 0 0 0 0 0 0 1 0 0 0 0 0 0 0 0 1 
0 0 0 1 0 0 1 0 0 1 0 0 0 1 0 1 1 0 1 0 0 0 0 1 0 0 0 1 1 0 0 0 0 1 0 0 0 1 0 0 1 0 0 1 0 0 0 0 0 0 0 1 0 0 0 0 0 0 0 1 0 0 0 0 0 0 0 0 0 0 0 1 0 1 0 1 0 0 1 0 1 1 0 1 0 0 1 0 0 1 1 0 0 1 1 0 1 1 0 1 0 1 0 0 0 0 1 0 0 1 1 0 0 0 0 0 0 0 0 0 1 1 0 0 0 0 0 0 1 1 0 0 0 0 0 0 1 0 0 0 0 0 0 1 0 1 0 0 0 0 0 0 0 0 1 1 0 0 0 0 0 0 0 0 0 1 1 0 0 0 0 1 0 0 0 0 0 0 1 1 0 0 1 0 1 0 0 0 0 0 1 0 0 0 1 0 0 0 0 1 
1 1 1 0 1 1 0 1 0 0 1 0 1 0 1 0 0 1 0 0 0 1 1 0 0 1 1 0 0 1 1 1 0 1 1 1 1 1 0 1 0 0 0 0 0 1 1 0 1 1 0 0 1 0 0 1 1 0 1 0 1 1 1 1 0 1 1 1 1 0 1 1 1 0 0 0 1 1 0 1 0 0 1 1 1 1 0 1 1 0 0 0 1 0 0 1 0 0 1 0 1 0 1 1 1 1 0 1 1 0 0 1 0 0 1 0 1 1 1 0 1 0 0 0 0 1 1 1 0 0 1 0 0 1 1 1 0 1 0 1 1 1 0 0 1 1 1 0 1 0 1 1 0 0 0 0 0 1 0 1 0 1 0 1 1 0 0 0 1 0 1 1 1 1 1 0 0 0 1 1 0 1 0 0 0 0 0 1 0 1 0 0 0 1 1 0 1 1 0 0 
0 0 0 1 0 1 1 0 0 1 0 0 1 1 1 1 1 0 1 0 0 0 0 1 0 0 0 1 1 0 0 1 0 1 0 0 0 1 0 0 1 1 0 0 0 1 0 0 1 0 0 1 0 0 0 0 0 0 0 1 1 1 1 0 0 1 0 0 0 0 1 1 0 0 0 1 0 0 1 0 1 1 1 1 0 0 1 1 0 1 1 0 1 1 1 1 0 1 0 1 0 1 0 1 1 0 1 0 1 1 1 1 0 0 0 0 0 0 1 0 1 1 0 0 0 0 0 1 1 1 0 0 0 0 1 0 1 0 0 0 0 0 0 1 0 1 1 0 0 0 1 0 0 0 0 0 0 1 0 0 0 0 0 0 0 0 1 0 0 0 0 1 0 0 0 0 0 0 1 1 0 0 1 0 0 0 0 0 0 1 0 0 0 0 1 0 0 0 0 1 
0 1 0 1 0 0 0 1 0 0 0 1 0 0 0 0 0 1 1 1 1 0 1 1 1 1 0 0 0 1 0 0 1 0 1 1 0 0 1 0 0 0 0 0 0 1 0 1 1 1 1 1 0 1 1 1 0 1 0 0 0 0 0 1 1 1 1 0 0 1 0 1 0 1 1 0 1 1 0 0 0 1 0 0 1 0 0 0 1 0 1 1 0 1 1 0 1 1 1 0 1 0 0 0 1 0 0 1 0 0 0 0 1 1 0 1 1 0 1 1 0 0 1 1 1 1 0 1 0 0 0 0 0 1 0 0 1 0 1 0 1 0 1 0 1 0 0 1 1 1 0 1 1 1 1 1 1 0 1 1 1 1 1 0 0 1 0 1 0 1 0 0 0 0 0 1 1 1 0 0 1 1 0 1 1 1 1 1 1 0 1 0 1 0 0 1 1 0 1 0 
0 0 1 1 1 1 0 1 0 1 1 1 1 1 1 1 1 1 1 0 0 1 1 1 1 1 1 0 1 1 0 1 1 1 1 1 1 1 0 1 0 0 1 1 1 0 1 1 1 1 1 1 1 1 0 1 0 1 1 0 1 1 1 1 1 1 1 1 1 1 1 1 1 0 1 0 1 1 0 1 0 1 1 1 1 1 0 1 1 0 1 1 1 1 1 1 1 1 1 1 1 1 0 1 1 1 1 1 1 0 0 1 0 1 1 1 1 0 1 1 1 0 0 1 0 1 1 1 0 1 0 0 0 1 1 1 1 1 1 1 1 1 1 1 1 1 1 1 1 0 1 1 0 1 0 0 1 1 1 1 0 1 0 1 1 0 0 0 1 0 1 1 0 1 1 0 1 1 1 1 1 1 1 0 0 1 0 1 0 1 0 0 1 1 1 0 1 1 0 0 
1 1 1 0 1 1 0 1 0 0 1 0 1 0 0 0 0 1 0 0 0 1 1 0 0 1 1 0 0 1 1 1 0 0 1 1 1 1 0 1 0 0 1 0 0 1 0 0 1 1 0 0 1 0 0 1 1 0 1 0 1 1 1 1 0 1 1 1 1 0 1 1 1 0 0 0 1 1 0 1 0 0 1 1 1 1 0 1 1 0 0 0 1 0 0 1 0 0 1 0 1 0 1 1 1 1 0 1 1 0 0 1 0 1 1 0 1 1 1 0 1 0 0 0 0 1 1 1 0 0 1 0 0 1 1 1 0 1 0 1 1 1 0 0 1 0 0 0 1 0 1 1 0 0 0 0 0 1 0 1 0 1 0 1 1 0 0 0 1 0 1 0 1 1 1 0 0 0 0 1 0 1 0 0 0 1 0 1 0 0 0 1 0 1 1 0 1 1 0 0 
0 0 0 1 0 0 0 1 0 0 1 1 1 1 0 0 1 1 1 1 1 0 1 1 1 1 0 0 0 1 0 0 1 0 1 1 1 1 1 1 0 0 0 0 1 1 0 0 1 1 1 1 0 1 1 1 0 1 0 0 0 0 0 1 1 1 1 0 0 1 1 1 0 1 1 0 1 1 0 1 0 1 0 1 1 0 0 1 1 0 1 1 0 1 1 0 1 1 1 0 1 1 0 1 1 0 0 1 0 0 0 1 1 1 1 1 1 0 1 1 1 0 1 1 1 0 0 1 0 0 0 0 0 1 0 1 1 1 1 1 1 0 1 1 1 0 0 1 1 1 0 1 1 1 1 1 1 0 1 0 0 1 1 0 1 1 0 1 1 1 0 0 0 0 0 1 1 1 1 1 1 1 1 1 1 1 1 1 1 0 1 0 1 0 0 1 1 0 0 0 
1 1 1 1 1 1 0 1 0 1 1 1 1 1 1 1 0 1 0 0 0 1 1 1 1 1 1 0 1 1 1 1 0 1 1 1 1 1 0 1 0 0 1 1 1 1 1 1 0 1 1 1 1 1 0 1 1 1 1 0 1 1 1 1 1 1 1 1 1 0 1 1 1 0 0 0 1 1 0 1 0 1 1 1 1 1 0 1 1 0 0 0 1 1 1 1 0 1 1 1 1 0 1 1 1 1 0 1 1 0 0 1 0 1 1 1 1 1 1 0 1 0 0 0 0 1 1 1 0 0 1 0 0 1 1 1 1 1 1 1 1 1 1 1 1 1 1 1 1 0 1 1 0 1 0 0 0 1 1 1 0 1 0 1 1 0 0 0 1 0 1 1 1 1 1 0 0 1 1 1 1 1 0 0 0 1 0 1 0 1 0 0 1 1 1 0 1 1 0 0 
0 1 0 0 0 0 0 1 1 0 1 1 0 0 0 0 0 1 0 0 1 0 1 0 1 1 1 0 0 1 0 0 0 0 1 1 1 0 0 1 0 0 1 0 1 1 1 1 1 0 0 0 1 0 0 1 0 1 1 0 0 0 0 1 0 1 1 1 1 0 0 0 1 0 0 0 1 1 0 1 0 0 0 0 1 0 0 0 1 0 0 0 0 0 0 0 0 0 1 0 1 0 0 1 1 1 0 1 0 0 0 1 1 1 1 1 1 0 1 0 0 0 1 1 0 1 1 1 0 0 1 1 1 1 0 1 0 1 1 1 1 0 1 0 1 0 0 1 1 0 0 1 0 1 0 0 0 0 1 1 1 1 0 1 1 0 0 0 1 0 1 0 0 1 1 0 0 1 0 0 1 1 0 1 0 1 0 1 1 0 0 1 1 0 0 0 1 1 1 0 
0 0 0 1 0 0 0 1 0 0 0 1 0 1 0 0 1 1 1 1 1 0 0 1 1 1 0 0 0 1 0 0 1 0 0 0 0 0 1 0 0 0 0 0 1 1 0 1 1 0 0 1 0 1 1 1 0 1 0 0 0 0 0 0 1 1 1 0 0 1 0 1 0 1 1 0 1 1 0 0 0 1 0 0 1 0 0 0 1 1 1 1 0 1 1 0 1 1 1 0 0 0 0 0 1 0 0 1 0 0 0 1 0 0 0 1 0 0 1 1 0 0 1 1 1 0 0 1 0 0 0 0 0 1 0 0 1 0 1 0 1 0 1 1 1 0 0 1 1 1 0 0 1 1 1 1 1 0 1 0 0 1 1 0 0 1 0 1 0 1 0 0 0 0 0 1 1 1 0 0 1 0 1 1 1 0 1 1 0 0 1 0 1 0 0 1 1 0 0 0 
0 0 0 1 0 1 1 1 0 1 0 1 1 1 0 1 1 1 1 1 1 0 0 1 1 1 0 1 0 1 0 0 1 1 0 0 0 1 1 0 0 1 0 1 1 1 0 1 1 0 1 0 0 1 1 1 0 1 0 1 0 0 0 0 1 1 1 0 0 1 1 1 0 1 1 0 1 0 0 0 0 1 0 1 1 0 0 1 0 1 1 1 0 1 1 0 1 1 1 1 0 1 0 0 1 0 1 1 0 1 1 1 0 0 0 1 0 0 1 1 1 0 0 1 1 0 0 1 0 1 0 0 0 1 0 0 1 0 1 0 1 0 1 1 1 1 0 1 1 1 0 0 1 1 1 1 1 0 0 0 0 0 1 0 1 1 0 1 0 1 0 0 0 0 0 1 1 1 1 1 0 0 1 0 1 0 1 1 0 0 1 0 1 0 1 1 1 0 0 1 
0 1 0 0 0 0 0 1 1 0 1 1 0 0 0 0 0 1 0 0 1 1 1 0 1 1 1 0 0 1 0 0 0 0 1 1 1 0 0 1 0 0 1 0 0 1 1 0 1 1 0 0 0 0 0 1 0 0 1 0 0 0 0 1 0 1 1 1 1 0 1 0 1 0 0 0 1 1 0 1 0 0 0 0 1 1 0 1 1 0 0 0 0 0 0 0 0 0 1 0 1 0 0 1 1 1 0 1 1 0 0 1 1 1 1 1 1 0 1 0 0 0 1 0 0 1 1 1 0 0 1 1 1 1 0 1 0 1 1 1 1 0 1 0 1 0 0 1 1 0 0 1 0 1 0 0 0 0 1 1 1 1 0 1 1 0 0 0 1 0 1 0 0 1 1 0 0 1 0 0 1 1 0 1 0 1 0 1 1 0 0 1 1 1 0 0 1 1 1 0 
0 0 0 1 0 0 0 1 0 0 0 1 0 1 0 0 1 1 1 1 1 0 0 1 1 1 0 0 0 1 0 0 1 0 0 0 0 1 1 1 0 0 0 0 1 1 0 1 1 0 1 1 0 0 1 1 0 1 0 1 0 0 0 0 1 1 1 0 0 1 1 1 0 1 1 0 1 1 0 0 0 1 0 0 1 0 0 1 1 1 1 1 0 1 1 0 1 1 1 1 1 1 0 0 1 0 1 1 0 0 0 1 0 0 0 1 1 0 1 1 1 0 1 1 1 0 0 1 0 0 0 0 0 1 0 0 1 0 1 0 1 0 1 1 1 0 0 1 1 1 0 1 1 1 1 1 1 0 1 0 0 1 1 0 1 1 0 1 0 1 0 0 0 0 0 1 1 1 1 0 1 0 1 1 1 0 1 1 0 0 1 0 1 0 0 1 1 0 0 0 
0 0 0 1 0 0 0 0 0 0 0 1 0 1 0 0 0 1 1 1 1 0 0 1 1 0 0 0 0 0 0 0 1 0 0 0 0 0 1 0 0 0 0 0 1 0 0 1 0 0 1 1 0 1 0 0 0 1 0 0 0 0 0 0 1 0 0 0 0 1 0 1 0 1 1 0 0 0 0 0 0 1 0 0 0 0 0 0 0 0 1 1 0 1 1 0 1 1 1 0 0 0 0 0 0 0 0 1 0 0 0 0 0 0 0 1 0 0 0 1 0 0 1 1 1 0 0 1 0 0 0 0 0 1 0 0 1 0 1 0 0 0 1 0 1 0 0 1 1 1 0 0 1 1 1 1 1 0 0 0 0 0 1 0 0 1 0 1 0 1 0 0 0 0 0 1 1 1 0 0 0 0 0 1 1 0 1 1 0 0 1 0 1 0 0 1 1 0 0 0 
0 1 0 1 0 0 0 1 1 0 1 1 0 0 0 0 0 1 0 0 1 1 1 0 1 1 1 0 0 1 0 0 0 0 1 1 1 0 0 1 0 0 1 0 1 1 1 1 1 1 1 1 1 1 0 0 0 1 1 0 0 0 0 1 1 1 1 0 1 1 1 1 1 0 0 0 1 1 0 1 0 0 0 0 1 0 0 1 1 0 0 0 0 1 0 0 0 0 1 0 1 0 0 1 1 1 0 1 1 0 0 1 1 1 1 1 1 0 1 1 0 0 1 1 0 1 1 1 0 0 1 1 1 1 0 1 0 1 1 1 1 0 1 0 1 0 0 1 1 0 0 1 1 1 0 0 1 0 1 1 1 1 0 1 1 0 0 0 1 0 1 0 0 1 1 0 1 1 0 0 1 1 0 1 0 1 0 1 1 0 0 1 1 0 0 1 1 1 1 0 
1 0 1 0 1 1 0 0 0 0 1 0 1 0 1 0 0 0 0 0 0 1 1 0 0 0 0 0 0 0 1 1 0 0 0 0 1 0 0 1 0 0 1 0 0 0 1 0 1 0 0 0 0 0 0 0 0 0 1 0 1 1 1 0 0 0 0 1 1 0 1 0 0 0 0 0 0 0 0 1 0 0 1 1 0 1 0 1 0 0 0 0 1 0 0 1 0 0 0 0 0 0 1 1 0 1 0 0 1 0 0 1 0 0 1 0 0 1 0 0 0 0 0 0 0 0 1 0 0 0 0 0 0 0 1 1 0 1 0 1 0 1 0 0 0 0 1 0 0 0 1 1 0 0 0 0 0 1 0 0 0 1 0 0 1 0 0 0 1 0 0 0 1 1 1 0 0 0 0 1 0 1 0 0 0 0 0 0 0 1 0 0 0 1 1 0 0 1 0 0 
0 0 0 1 0 1 0 1 0 1 1 1 1 1 0 1 1 1 1 1 1 0 1 1 1 1 0 0 0 1 0 0 1 1 1 1 1 1 1 1 0 0 0 0 1 1 0 1 1 1 1 1 0 1 1 1 0 0 0 0 0 1 0 1 1 1 1 0 0 1 1 1 0 1 1 0 1 1 0 1 0 1 0 1 1 0 0 1 1 1 1 1 1 1 1 0 1 1 1 1 1 1 0 1 1 0 1 1 0 0 0 1 0 0 1 1 1 0 1 1 1 0 1 1 0 0 0 1 0 0 0 0 0 1 0 1 1 1 1 1 1 0 1 1 1 1 0 1 1 1 0 1 1 1 1 1 1 0 1 0 0 1 1 0 1 1 0 1 1 0 0 0 0 0 0 1 1 1 1 1 1 1 1 1 1 1 1 1 0 0 1 0 1 0 1 1 1 1 0 0 
1 1 1 0 1 1 0 1 0 0 1 0 1 0 0 0 0 1 0 0 0 1 1 0 1 1 1 0 0 1 1 1 0 1 1 1 1 1 0 1 0 0 1 0 0 1 1 0 1 1 0 0 1 0 0 1 1 0 0 0 1 1 1 1 0 1 1 1 1 0 1 1 1 0 0 0 1 1 0 1 0 0 1 1 1 1 0 1 1 0 0 0 1 0 0 1 0 0 1 0 1 0 1 1 1 1 0 1 1 0 0 1 0 1 1 0 1 1 1 0 1 0 0 0 0 1 1 1 0 0 1 0 0 1 1 1 0 1 0 1 1 1 0 0 1 1 0 0 1 0 1 1 0 0 0 0 0 1 0 1 0 1 0 1 1 0 0 0 1 0 1 1 1 1 1 0 0 1 1 1 0 1 0 0 0 1 0 1 0 0 0 1 1 1 1 0 1 1 0 0 
0 0 0 1 0 0 1 0 0 1 0 0 0 1 0 1 1 0 1 0 0 0 0 1 0 0 0 1 1 0 0 0 0 1 0 0 0 1 0 0 1 1 0 1 0 0 0 0 0 0 0 1 0 1 0 0 0 0 0 0 0 0 0 0 1 0 0 0 0 0 0 1 0 1 1 1 0 0 1 0 1 1 0 1 0 0 1 0 0 1 1 1 0 1 1 0 1 1 0 1 0 1 0 0 0 0 1 0 0 1 1 0 0 0 0 0 0 0 0 1 1 1 0 0 0 0 0 0 1 1 0 0 0 0 0 0 1 0 0 0 0 0 0 1 0 1 0 0 0 0 0 0 0 0 1 1 0 0 0 0 0 0 1 0 0 1 1 0 0 0 0 1 0 0 0 0 0 0 1 1 0 0 1 0 1 0 0 0 0 0 1 0 0 0 1 0 0 0 0 1 
1 0 1 0 1 1 0 0 0 1 0 0 1 0 1 1 0 0 0 0 0 1 0 1 0 0 0 0 1 0 1 1 0 1 0 0 1 1 0 1 0 0 1 1 0 1 1 0 1 0 0 0 0 0 0 0 1 0 1 0 0 1 1 0 0 1 0 1 0 0 1 1 0 0 0 0 0 0 1 1 1 0 1 1 0 1 1 1 0 0 0 0 1 0 0 1 0 0 0 1 0 1 1 1 1 0 1 0 1 0 0 1 0 0 1 0 0 1 1 0 1 1 0 0 0 0 0 0 1 1 0 0 0 0 1 0 0 0 0 0 0 1 0 1 0 1 1 0 0 0 1 1 0 0 0 0 0 1 0 0 0 0 0 0 1 0 0 0 0 0 0 1 1 1 1 0 0 0 1 1 0 0 0 0 0 0 0 0 0 1 0 0 0 1 1 0 0 1 0 1 
1 0 1 0 1 1 0 1 0 1 1 0 1 1 1 1 0 1 0 0 0 1 1 1 0 1 0 0 1 1 1 1 0 1 0 0 1 1 0 1 0 0 1 1 0 1 1 0 1 0 0 0 0 0 0 0 1 1 1 0 1 0 1 0 0 1 1 1 1 0 1 1 0 0 0 0 1 1 1 1 0 1 1 1 1 1 1 1 0 0 0 0 1 0 0 1 0 1 0 1 0 1 1 1 1 1 1 0 1 0 0 1 0 0 1 0 1 1 1 0 1 0 0 0 0 0 1 1 1 1 0 0 0 1 1 1 0 1 0 1 1 1 0 1 0 1 1 0 1 0 1 1 0 0 0 0 0 1 0 0 0 1 0 0 1 0 0 0 1 0 0 1 1 1 1 0 0 0 1 1 0 1 0 0 0 0 0 1 0 1 0 0 0 1 1 0 1 1 0 0 
1 0 1 0 1 1 0 1 0 1 1 0 1 0 1 1 0 0 0 0 0 1 1 1 0 0 0 0 1 1 1 1 0 1 0 0 1 1 0 1 0 0 1 1 0 1 1 0 1 0 0 0 0 0 0 0 1 0 1 0 1 1 0 0 0 1 0 1 1 0 1 1 0 0 0 0 1 0 1 1 0 0 1 1 0 1 1 1 0 0 0 0 1 0 0 1 0 0 0 1 0 0 1 1 1 1 0 0 1 0 0 1 0 0 1 0 0 1 1 0 1 0 0 0 0 0 1 1 1 0 0 0 0 1 1 1 0 0 0 1 1 1 0 1 0 1 1 0 1 0 1 1 0 0 0 0 0 1 0 0 0 1 0 0 1 0 0 0 1 0 0 1 1 1 1 0 0 0 1 1 0 0 0 0 0 0 0 1 0 1 0 0 0 1 1 0 0 1 0 0 
0 1 0 0 0 0 0 1 1 0 1 1 0 0 0 0 0 1 0 0 1 0 1 0 1 1 1 0 0 1 0 0 0 0 1 1 1 0 0 1 0 0 1 0 1 1 1 1 1 1 0 0 1 0 0 1 0 1 1 0 0 0 0 0 0 1 1 0 1 0 0 0 1 0 0 0 1 1 0 1 0 0 0 0 1 0 0 0 1 0 0 0 0 0 0 0 0 0 1 0 1 0 0 1 1 1 0 1 0 0 0 1 1 1 1 1 1 0 1 0 0 0 1 1 0 1 1 1 0 0 1 1 1 1 0 1 0 1 1 1 1 0 1 0 1 0 0 1 1 0 0 1 1 1 0 0 1 0 1 1 1 1 0 1 1 0 0 0 1 0 1 0 0 1 0 0 0 1 0 0 1 1 0 1 0 1 0 1 1 0 0 1 1 0 0 0 1 1 1 0 
0 0 0 1 0 0 0 1 0 0 0 1 0 1 0 0 1 1 1 1 1 0 0 1 1 1 0 0 0 1 0 0 1 0 0 0 0 1 1 0 0 0 0 0 1 1 0 1 1 0 1 1 0 1 1 1 0 1 0 1 0 0 0 0 0 1 1 0 0 1 0 1 0 1 1 0 1 0 0 0 0 1 0 0 1 0 0 0 1 1 1 1 0 1 1 0 1 1 1 1 0 1 0 0 1 0 1 1 0 1 0 1 0 0 0 1 0 0 1 1 1 0 1 1 1 0 0 1 0 0 0 0 0 1 0 0 1 0 1 0 1 0 1 1 1 0 0 1 1 1 0 1 1 1 1 1 1 0 0 0 0 1 1 0 0 1 0 1 0 1 0 0 0 0 0 1 1 1 1 0 1 0 1 1 1 0 1 1 0 0 1 0 1 0 0 1 1 0 0 0 
0 1 1 1 1 1 0 1 0 1 1 1 1 1 1 1 1 1 1 0 0 1 1 1 1 1 1 0 1 1 0 1 1 1 1 1 1 1 0 1 0 0 1 1 1 1 1 1 1 1 1 1 1 1 0 1 0 1 1 0 1 1 1 1 1 0 1 1 1 1 1 1 1 0 1 0 1 1 0 1 0 1 1 1 1 1 0 1 1 0 1 1 1 1 1 1 1 1 1 1 1 1 0 1 1 1 1 1 1 0 0 1 0 1 1 1 1 0 1 1 1 0 1 1 0 1 1 1 0 1 0 0 0 1 1 1 1 1 1 1 1 1 1 1 1 1 1 1 1 0 1 1 0 1 0 0 1 1 1 1 0 1 0 1 1 0 0 0 1 0 1 1 0 1 1 0 1 1 1 1 1 1 1 0 0 1 0 1 0 1 0 0 1 1 1 0 1 1 0 0 
0 1 1 1 0 1 0 1 1 0 1 1 1 1 0 0 0 1 0 0 1 1 1 1 1 1 1 0 0 1 0 0 1 0 1 1 1 1 0 1 0 0 1 0 1 1 1 1 1 1 1 1 1 1 0 1 0 1 1 0 0 1 0 1 1 1 0 1 1 1 1 1 1 0 1 0 1 1 0 1 0 1 0 1 1 1 0 1 1 0 0 1 1 1 0 0 1 1 1 0 1 0 0 1 1 1 0 1 1 0 0 1 1 1 1 1 1 0 1 1 1 0 1 1 0 1 1 1 0 0 1 1 1 1 0 1 1 1 1 1 1 0 1 1 1 0 0 1 1 0 0 1 1 1 0 0 1 0 1 1 1 1 0 1 1 0 0 0 1 0 1 0 0 1 1 0 1 1 0 1 1 1 0 1 0 1 0 1 1 0 0 1 1 1 0 1 1 1 1 0 
1 0 1 0 1 1 0 1 0 0 1 0 1 0 1 0 0 0 0 0 0 1 1 0 0 1 1 0 0 1 1 1 0 1 1 0 1 0 0 1 0 0 1 0 0 1 1 0 1 1 0 0 1 0 0 0 1 0 1 0 1 1 1 0 0 1 1 0 1 0 1 0 0 0 0 0 1 1 0 1 0 0 1 1 1 1 0 1 0 0 0 0 1 0 0 1 0 0 0 0 0 0 1 1 1 1 0 0 1 0 0 1 0 0 1 0 1 1 1 0 1 0 0 0 0 0 1 1 0 0 0 0 0 0 1 1 0 1 0 1 1 1 0 0 0 1 1 0 1 0 1 1 0 0 0 0 0 1 0 0 0 1 0 1 1 0 0 0 1 0 1 0 1 1 1 0 0 0 0 1 0 1 0 0 0 0 0 0 0 0 0 0 0 1 1 0 1 1 0 0 
1 1 1 0 1 0 0 1 1 0 1 0 1 0 0 0 0 1 0 0 0 1 1 0 1 1 1 0 0 1 0 0 0 0 1 1 1 0 0 1 0 0 1 0 0 1 1 0 1 1 0 0 1 0 0 1 1 0 1 0 0 1 1 1 0 1 1 1 0 0 1 1 1 0 0 0 1 1 0 1 0 0 0 0 1 1 0 1 1 0 0 0 0 0 0 0 0 0 1 0 1 0 0 1 1 1 0 1 1 0 0 1 1 1 1 0 1 0 1 0 0 0 0 0 0 1 1 1 0 0 1 1 1 1 1 1 0 1 0 1 1 1 0 0 1 0 0 1 1 0 1 1 0 1 0 0 0 0 1 1 1 1 0 1 1 0 0 0 1 0 1 0 1 1 1 0 0 1 0 0 1 1 0 0 0 1 0 1 1 0 0 1 1 1 0 0 1 1 1 0 
0 0 0 1 0 0 0 1 0 0 0 1 0 1 0 0 0 1 1 1 1 0 0 1 1 1 0 0 0 1 0 0 1 0 0 1 0 0 1 0 0 0 0 0 1 1 0 1 0 0 1 1 0 1 1 1 0 1 0 0 0 0 0 0 1 1 1 0 0 0 0 1 0 1 1 0 1 1 0 0 0 1 0 0 1 0 0 0 1 0 1 1 0 1 1 0 1 1 1 0 1 0 0 0 1 0 0 1 0 0 0 0 1 0 0 1 1 0 1 1 0 0 1 1 1 0 0 1 0 0 0 0 0 1 0 0 1 0 1 0 1 0 1 0 1 0 0 1 1 1 0 0 1 1 1 1 1 0 1 0 0 0 1 0 0 1 0 1 0 1 0 0 0 0 0 1 1 1 0 0 1 0 0 1 1 0 1 1 1 0 1 0 1 0 0 1 1 0 0 0 
1 0 1 1 1 1 0 1 0 1 1 0 1 1 1 1 0 1 1 0 0 1 1 1 1 1 0 0 1 1 1 1 0 1 1 0 1 1 0 1 0 0 1 1 0 1 1 1 1 0 0 1 1 1 0 1 1 1 1 0 1 1 1 0 0 1 1 1 1 0 0 1 0 0 0 0 1 1 1 1 0 1 1 1 1 1 1 1 1 0 0 0 1 1 1 1 0 1 1 1 0 1 1 1 1 1 1 0 1 0 0 1 0 0 1 0 1 1 1 0 1 0 0 0 0 0 1 1 1 1 0 0 0 1 1 1 1 1 0 1 1 1 0 1 1 1 1 0 1 0 1 1 0 0 0 0 0 1 0 0 0 1 0 0 1 0 0 0 1 0 0 1 1 1 1 0 0 1 1 1 0 1 0 0 0 0 0 1 0 1 0 0 1 1 1 0 1 1 0 0 
0 0 1 1 1 1 0 1 0 1 1 1 1 1 1 1 1 1 1 0 0 1 1 1 1 1 0 1 1 1 0 0 1 1 1 0 1 1 0 1 0 1 1 1 1 1 1 1 1 0 1 1 0 1 1 1 0 1 1 1 1 1 1 0 1 1 1 0 1 1 1 0 0 1 1 0 1 1 1 1 0 1 1 1 1 0 1 1 1 1 1 1 1 1 1 1 1 1 1 1 1 1 0 1 1 0 1 1 1 1 1 1 0 0 1 1 1 0 1 1 1 1 0 1 0 0 1 1 1 1 0 0 0 1 1 1 1 1 1 1 1 0 1 1 1 1 1 1 1 0 1 1 0 1 1 1 1 1 0 0 0 1 1 0 1 1 0 0 1 0 0 1 0 1 1 0 1 1 1 1 0 1 1 0 1 0 0 1 0 1 1 0 1 0 1 1 1 1 0 1 
0 1 0 0 0 0 0 1 1 0 1 1 0 0 0 0 0 1 0 0 1 0 1 0 1 1 1 0 0 1 0 0 0 0 1 1 1 0 0 1 0 0 1 0 0 1 1 0 1 1 0 0 1 0 0 1 0 0 1 0 0 0 0 1 0 1 1 0 1 0 0 0 0 0 0 0 1 1 0 1 0 0 0 0 1 0 0 0 1 0 0 0 0 0 0 0 0 0 1 0 1 0 0 1 0 1 0 1 0 0 0 1 1 1 1 1 1 0 0 0 0 0 1 1 0 1 1 1 0 0 1 1 1 1 0 1 0 1 1 1 1 0 1 0 1 0 0 1 1 0 0 1 0 1 0 0 0 0 1 1 1 1 0 1 1 0 0 0 1 0 1 0 0 1 1 0 0 1 0 0 1 1 0 1 0 1 0 1 1 0 0 1 1 0 0 0 1 1 1 0 
0 0 0 1 0 0 0 0 0 0 0 1 0 1 0 0 1 0 1 1 0 0 0 1 0 0 0 1 0 0 0 0 1 0 0 0 0 0 1 0 0 1 0 0 1 0 0 1 0 0 1 1 0 1 1 0 0 1 0 1 0 0 0 0 1 0 0 0 0 1 0 1 0 0 1 0 0 0 0 0 0 1 0 0 0 0 0 0 0 1 1 1 0 1 1 0 1 1 0 0 0 1 0 0 0 0 0 0 0 1 1 0 0 0 0 1 0 0 0 1 0 0 0 1 1 0 0 0 0 0 0 0 0 0 0 0 1 0 1 0 0 0 1 1 0 0 0 1 0 1 0 0 1 0 1 1 1 0 0 0 0 0 1 0 0 1 0 1 0 1 0 0 0 0 0 1 1 1 0 0 0 0 1 0 1 0 1 0 0 0 1 0 1 0 0 1 0 0 0 0 
0 0 0 1 0 0 0 0 0 0 0 1 0 1 0 0 1 1 1 1 1 0 0 1 1 1 0 0 0 1 0 0 1 0 0 0 0 0 1 0 0 0 0 0 1 1 0 1 0 0 1 1 0 1 1 0 0 1 0 1 0 0 0 0 1 1 1 0 0 1 0 1 0 1 0 0 0 0 0 0 0 1 0 0 0 0 0 0 0 1 1 1 0 1 1 0 1 1 1 0 0 0 0 0 1 0 0 0 0 0 0 0 0 0 0 1 0 0 1 1 0 0 1 1 1 0 0 1 0 0 0 0 0 1 0 0 1 0 1 0 0 0 1 1 1 0 0 1 1 1 0 0 1 1 1 1 1 0 0 0 0 0 1 0 0 1 0 1 0 1 0 0 0 0 0 1 1 1 0 0 0 0 1 0 1 0 1 1 0 0 1 0 1 0 0 1 1 0 0 0 
0 0 0 0 0 1 1 0 0 1 0 0 1 1 1 1 1 0 1 0 0 0 0 1 0 0 0 1 1 0 0 0 0 1 0 0 0 1 0 0 1 1 0 1 0 0 0 0 0 0 0 0 0 0 0 0 0 0 0 1 0 0 0 0 0 0 0 0 0 0 0 0 0 0 0 0 0 0 1 0 1 1 0 1 0 0 1 0 0 1 0 0 1 0 1 0 0 1 0 1 0 1 0 0 0 0 1 0 0 1 1 0 0 0 0 0 0 0 0 0 1 1 0 0 0 0 0 0 1 1 0 0 0 0 0 0 0 0 0 0 0 0 0 1 0 1 1 0 0 0 0 0 0 0 0 0 0 0 0 0 0 0 0 0 0 0 1 0 0 0 0 1 0 0 0 0 0 0 1 1 0 0 1 0 0 0 0 0 0 1 0 0 0 0 1 0 0 0 0 1 
0 1 1 1 0 1 0 1 1 0 1 1 1 1 0 0 0 1 0 0 1 1 1 1 1 1 1 0 0 1 0 0 1 0 1 1 1 1 0 1 0 0 1 0 1 1 1 1 1 1 1 1 1 1 0 1 0 1 1 0 0 1 1 1 1 1 1 1 1 1 1 1 1 0 0 0 0 1 0 1 0 1 0 1 1 1 0 1 1 0 0 1 1 1 0 0 1 1 1 0 1 0 0 1 1 1 0 1 1 0 0 1 1 1 1 1 1 0 1 1 1 0 1 1 0 1 1 1 0 0 1 1 1 1 0 1 1 1 1 1 1 0 1 1 1 0 0 1 1 0 0 1 1 1 0 0 1 0 1 1 1 1 0 1 1 0 0 0 1 0 1 0 0 1 1 0 1 1 1 1 1 1 0 1 0 1 0 1 1 0 0 1 1 1 1 1 1 1 1 0 
0 1 1 0 0 0 0 1 1 0 1 1 1 0 0 0 0 1 0 0 1 1 1 0 1 1 1 0 0 1 0 0 0 0 1 1 1 0 0 1 0 0 1 0 1 1 1 1 1 1 1 0 1 1 0 1 0 1 1 0 0 1 0 1 0 1 1 1 1 1 1 1 1 0 0 0 1 0 0 1 0 0 0 0 1 1 0 1 1 0 0 0 0 1 0 0 0 0 1 0 1 0 0 1 1 1 0 1 1 0 0 1 1 1 1 1 1 0 1 0 0 0 1 1 0 1 1 1 0 0 1 1 1 1 0 1 0 1 1 1 1 0 1 0 1 0 0 1 1 0 0 1 0 1 0 0 1 0 1 1 1 1 0 1 1 0 0 0 1 0 1 0 0 1 1 0 1 1 0 0 1 1 0 1 0 1 0 1 1 0 0 1 1 1 0 0 1 1 1 0 
0 0 0 0 0 1 1 0 0 1 0 0 1 1 1 1 1 0 1 0 0 0 0 1 0 0 0 1 1 0 0 0 0 1 0 0 0 1 0 0 1 1 0 1 0 0 0 0 0 0 0 0 0 0 0 0 0 0 0 1 1 1 1 0 0 0 0 0 0 0 1 1 0 0 0 1 0 0 0 0 1 1 1 1 0 0 1 1 0 1 0 0 1 0 1 1 0 1 0 1 0 1 0 0 1 0 1 0 0 1 1 0 0 0 0 0 0 0 1 0 1 1 0 0 0 0 0 0 1 1 0 0 0 0 1 0 0 0 0 0 0 0 0 1 0 1 1 0 0 0 1 0 0 0 0 0 0 1 0 0 0 0 0 0 0 0 1 0 0 0 0 1 0 0 0 0 0 0 1 1 0 0 1 0 0 0 0 0 0 1 0 0 0 0 1 0 0 0 0 1 
1 1 1 0 1 1 0 1 1 0 1 0 1 0 0 0 0 1 0 0 0 1 1 0 1 1 1 0 0 1 1 1 0 1 1 1 1 1 0 1 0 0 1 0 0 1 1 1 1 1 0 0 1 0 0 1 1 1 1 0 1 1 1 1 0 1 1 1 1 0 1 1 1 0 0 0 1 1 0 0 0 0 1 1 1 1 0 1 1 0 0 0 1 0 0 1 0 0 1 0 1 0 1 1 1 1 0 1 1 0 0 1 0 1 1 0 1 1 1 0 1 0 0 0 0 1 1 1 0 0 1 0 0 1 1 1 0 1 0 1 1 1 0 0 1 1 0 1 1 0 1 1 0 0 0 0 0 1 1 1 0 1 0 1 1 0 0 0 1 0 1 1 1 1 1 0 0 1 1 1 1 1 0 0 0 1 0 1 1 0 0 1 1 1 1 0 1 1 0 0 
0 0 0 0 0 1 1 0 0 1 0 0 1 1 1 1 1 0 1 0 0 0 0 1 0 0 0 1 1 0 0 0 0 1 0 0 0 1 0 0 1 1 0 1 0 0 0 0 0 0 0 0 0 0 0 0 0 0 0 1 1 0 0 0 0 0 0 0 0 0 0 0 0 0 0 1 0 0 1 0 0 1 0 1 0 0 1 0 0 1 0 0 1 0 1 1 0 1 0 1 0 1 0 0 0 0 1 0 0 1 1 0 0 0 0 0 0 0 0 0 1 1 0 0 0 0 0 0 1 1 0 0 0 0 0 0 0 0 0 0 0 0 0 1 0 1 1 0 0 0 0 0 0 0 0 0 0 1 0 0 0 0 0 0 0 0 1 0 0 0 0 1 0 0 0 0 0 0 1 1 0 0 1 0 0 0 0 0 0 1 0 0 0 0 1 0 0 0 0 1 
0 0 0 1 0 1 1 1 0 1 0 1 1 1 0 1 1 1 1 1 0 0 0 1 1 1 0 1 1 1 0 0 1 1 0 0 0 1 0 1 1 1 0 1 1 1 0 1 1 0 1 1 0 1 1 0 0 1 0 1 0 1 0 0 1 1 1 0 0 1 1 1 0 1 1 1 1 0 1 0 1 0 0 1 1 0 1 1 0 1 1 1 1 1 1 0 1 1 1 1 0 1 0 1 1 0 1 0 0 1 1 1 0 0 1 1 0 0 1 1 1 1 0 1 0 0 0 1 1 1 0 0 0 1 0 0 1 0 1 0 1 0 1 1 1 1 0 1 1 1 0 1 1 1 1 1 1 1 0 0 0 0 1 0 1 1 1 1 0 0 0 1 0 0 0 1 1 1 1 1 0 0 1 0 1 0 1 1 0 0 1 0 1 0 1 1 1 0 0 1 
1 0 1 0 1 1 0 1 0 1 0 0 1 0 1 1 0 0 0 0 0 1 1 1 0 0 0 0 1 1 1 1 0 1 0 0 1 1 0 1 0 0 1 1 0 1 1 0 1 0 0 0 0 0 0 0 1 0 1 0 1 1 1 0 0 1 0 1 0 0 1 1 0 0 0 0 0 0 1 1 0 0 0 1 0 1 1 1 0 0 0 0 1 0 0 1 0 0 0 1 0 1 1 1 1 0 1 0 1 0 0 1 0 0 1 0 0 1 1 0 1 0 0 0 0 0 1 1 1 1 0 0 0 0 1 1 0 0 0 1 0 1 0 1 0 1 1 0 0 0 1 1 0 0 0 0 0 1 0 0 0 1 0 0 1 0 0 0 1 0 0 1 1 1 1 0 0 0 1 1 0 0 0 0 0 0 0 0 0 1 0 0 0 1 1 0 0 1 0 0 
1 0 1 1 1 1 1 1 0 1 0 0 1 1 1 1 1 1 1 0 0 1 0 1 0 0 0 1 1 1 1 1 0 1 0 0 1 1 0 1 0 1 1 1 0 1 1 1 1 0 0 1 0 0 0 0 1 1 1 1 1 1 1 0 0 1 1 1 0 0 1 1 0 0 0 1 1 0 1 1 1 1 1 0 0 1 1 1 0 1 0 0 1 1 1 1 0 1 0 1 0 1 1 1 1 0 1 0 1 1 1 1 0 0 1 0 0 1 1 0 1 1 0 0 0 0 0 1 1 1 0 0 0 1 1 1 1 0 0 1 1 1 0 1 0 1 1 0 1 0 1 1 0 0 0 0 0 1 0 0 0 1 0 0 1 0 0 0 1 0 0 1 1 1 1 0 0 0 1 1 0 0 1 0 0 0 0 1 0 1 0 0 0 1 1 0 1 1 0 1 
0 1 0 1 0 0 0 1 1 0 1 1 1 0 0 0 0 1 0 0 1 1 1 1 1 1 1 0 0 1 0 0 0 0 1 1 1 1 0 1 0 0 1 0 1 1 1 1 1 1 1 1 1 1 0 1 0 1 1 0 0 1 0 1 1 1 1 1 1 1 1 1 1 0 0 0 1 1 0 1 0 1 0 0 0 1 0 1 1 0 0 0 0 1 0 0 0 1 1 0 1 0 0 1 1 1 0 1 1 0 0 1 1 1 1 1 1 0 1 1 1 0 1 1 0 1 1 1 0 0 1 1 1 1 0 1 1 1 1 1 1 0 1 0 1 0 0 1 1 0 0 1 1 1 0 0 1 0 1 1 1 1 0 1 1 0 0 0 1 0 1 0 0 1 1 0 1 1 0 0 1 1 0 1 0 1 0 1 1 0 0 1 1 0 0 1 1 1 1 0 
1 0 1 0 1 1 0 1 0 0 1 0 1 0 1 0 0 0 0 0 0 1 1 0 0 0 1 0 0 1 1 1 0 1 1 0 1 1 0 1 0 0 1 0 0 1 1 0 1 0 0 0 1 0 0 0 1 0 1 0 1 1 1 0 0 1 1 1 1 0 1 0 0 0 0 0 1 1 0 1 0 0 1 1 1 0 0 1 0 0 0 0 1 0 0 1 0 0 0 0 0 0 1 1 1 1 0 0 1 0 0 1 0 0 1 0 1 1 1 0 1 0 0 0 0 0 1 1 0 0 0 0 0 0 1 1 0 1 0 1 1 1 0 0 0 1 1 0 1 0 1 1 0 0 0 0 0 1 0 0 0 1 0 1 1 0 0 0 1 0 0 1 1 1 1 0 0 0 0 1 0 1 0 0 0 0 0 0 0 1 0 0 0 1 1 0 0 1 0 0 
0 0 0 0 0 1 1 0 0 1 0 0 1 1 1 1 1 0 1 0 0 0 0 1 0 0 0 1 1 0 0 0 0 1 0 0 0 1 0 0 1 1 0 1 0 0 0 0 0 0 0 0 0 0 0 0 0 0 0 1 1 1 1 0 0 0 0 0 0 0 1 1 0 0 0 1 0 0 1 0 1 1 1 1 0 0 0 1 0 1 0 0 1 0 1 1 0 1 0 1 0 1 0 0 1 0 1 0 0 1 1 0 0 0 0 0 0 0 1 0 1 1 0 0 0 0 0 0 1 1 0 0 0 0 0 0 0 0 0 0 0 0 0 1 0 1 1 0 0 0 0 0 0 0 0 0 0 1 0 0 0 0 0 0 0 0 1 0 0 0 0 1 0 0 0 0 0 0 1 1 0 0 1 0 0 0 0 0 0 1 0 0 0 0 1 0 0 0 0 1 
1 0 1 1 1 1 0 1 0 1 1 0 1 1 1 1 0 1 0 0 0 1 1 1 1 1 0 0 1 1 1 1 0 1 1 0 1 1 0 1 0 0 1 1 0 1 1 1 1 0 0 1 1 1 0 1 1 1 1 0 1 1 1 0 0 1 1 1 1 0 1 1 0 0 0 0 1 1 1 1 0 1 1 1 1 1 1 0 1 0 0 0 1 1 1 1 0 1 1 1 0 1 1 1 1 1 1 0 1 0 0 1 0 0 1 0 1 1 1 0 1 0 0 0 0 0 1 1 1 1 0 0 0 1 1 1 1 1 0 1 1 1 0 1 1 1 1 0 1 0 1 1 0 0 0 0 0 1 0 0 0 1 0 0 1 0 0 0 1 0 0 1 1 1 1 0 0 1 1 1 0 1 0 0 0 0 0 1 0 1 0 0 1 1 1 0 1 1 0 0 
0 1 0 0 0 0 0 1 1 0 1 1 0 0 0 0 0 1 0 0 1 0 1 0 1 1 1 0 0 1 0 0 0 0 1 1 1 0 0 1 0 0 1 0 1 1 1 1 1 1 1 0 1 1 0 1 0 1 1 0 0 0 0 1 1 1 1 0 1 1 1 1 1 0 0 0 1 1 0 1 0 0 0 0 1 0 0 1 0 0 0 0 0 1 0 0 0 0 1 0 1 0 0 1 1 1 0 1 0 0 0 1 1 1 1 1 1 0 1 1 0 0 1 1 0 1 1 1 0 0 1 1 1 1 0 1 0 1 1 1 1 0 1 0 1 0 0 1 1 0 0 1 1 1 0 0 1 0 1 1 1 1 0 1 1 0 0 0 1 0 1 0 0 1 0 0 1 1 0 0 1 1 0 1 0 1 0 1 1 0 0 1 1 0 0 1 1 1 1 0 
0 0 0 1 0 1 1 0 0 1 0 0 1 1 0 1 1 0 1 0 0 0 0 1 0 0 0 1 1 0 0 0 1 1 0 0 0 1 0 0 1 1 0 1 0 0 0 0 0 0 1 1 0 1 0 0 0 1 0 1 0 0 0 0 1 0 0 0 0 0 0 1 0 1 1 1 0 0 1 0 1 1 0 1 0 0 1 0 0 0 1 1 0 1 1 0 1 1 0 1 0 1 0 0 1 0 1 0 0 1 1 0 0 0 0 0 0 0 1 1 1 1 0 0 0 0 0 0 1 1 0 0 0 0 0 0 1 0 0 0 0 0 0 1 0 1 0 0 0 0 0 0 0 0 1 1 0 0 0 0 0 0 1 0 0 1 1 0 0 0 0 1 0 0 0 0 0 0 1 1 0 0 1 0 1 0 0 0 0 0 1 0 0 0 1 0 0 0 0 1 
0 0 0 1 0 0 1 0 0 0 0 1 0 1 0 1 1 0 1 1 0 0 0 1 0 0 0 1 0 0 0 0 1 0 0 0 0 1 1 0 1 1 0 1 1 1 0 1 0 0 1 1 0 1 1 0 0 1 0 1 0 0 0 0 1 1 0 0 0 1 0 1 0 1 1 0 0 0 0 0 0 1 0 0 0 0 0 0 0 1 0 1 0 1 1 0 1 1 0 1 0 1 0 0 1 0 1 0 0 1 1 0 0 0 0 1 0 0 1 1 1 1 0 0 1 0 0 1 0 1 0 0 0 1 0 0 1 0 1 0 0 0 1 1 1 0 0 1 0 1 0 0 1 0 1 1 1 0 0 0 0 0 1 0 0 1 1 1 0 1 0 0 0 0 0 1 1 1 1 0 0 0 1 0 1 0 1 1 0 0 1 0 1 0 0 1 0 0 0 1 
0 0 0 1 0 0 0 0 0 0 0 1 0 1 0 0 1 1 1 1 1 0 0 1 1 1 0 0 0 1 0 0 1 0 0 0 0 0 1 0 0 0 0 0 1 1 0 1 0 0 1 1 0 1 1 0 0 1 0 1 0 0 0 0 1 1 1 0 0 1 0 1 0 1 1 0 1 0 0 0 0 1 0 0 0 0 0 0 0 1 1 0 0 1 1 0 1 1 1 0 0 0 0 0 1 0 0 1 0 0 0 0 0 0 0 1 0 0 1 1 0 0 1 1 1 0 0 1 0 0 0 0 0 1 0 0 1 0 1 0 0 0 1 1 1 0 0 1 1 1 0 0 1 1 1 1 1 0 0 0 0 0 1 0 0 1 0 1 0 1 0 0 0 0 0 1 1 1 0 0 0 0 1 0 1 0 1 1 0 0 1 0 1 0 0 1 1 0 0 0 
1 0 1 1 1 1 0 1 0 1 0 0 1 1 1 1 1 0 0 0 0 1 1 1 0 0 0 0 1 1 1 1 0 1 0 0 1 1 0 1 0 0 1 1 0 1 1 0 1 0 0 0 0 0 0 0 1 1 1 0 1 1 1 0 0 1 1 1 0 0 1 1 0 0 0 1 1 0 1 1 1 1 1 1 0 1 1 1 0 0 0 0 0 1 1 1 0 1 0 1 0 1 1 1 1 0 1 0 1 0 0 1 0 0 1 0 0 1 1 0 1 1 0 0 0 0 1 1 1 1 0 0 0 1 1 1 0 0 0 1 1 1 0 1 0 1 1 0 1 0 1 1 0 0 0 0 0 1 0 0 0 1 0 0 1 0 0 0 1 0 0 1 1 1 1 0 0 0 1 1 0 0 1 0 0 0 0 1 0 1 0 0 0 1 1 0 1 1 0 1 
0 0 0 1 0 1 0 1 0 1 0 1 1 1 0 1 1 1 1 1 1 0 0 1 1 1 0 1 0 1 0 0 1 1 0 0 0 1 1 1 0 1 0 1 1 1 0 1 1 0 1 1 0 1 1 1 0 1 0 1 0 0 0 0 1 1 1 0 0 1 1 1 0 1 1 0 1 1 0 0 0 1 0 1 1 0 0 1 1 1 1 1 1 0 1 0 1 1 1 1 0 1 0 1 1 0 1 1 0 1 1 1 0 0 1 1 1 0 1 1 1 0 1 1 1 0 0 1 0 1 0 0 0 1 0 0 1 0 1 0 1 0 1 1 1 1 0 1 1 1 0 1 1 1 1 1 1 0 0 0 0 1 1 0 1 1 0 1 0 1 0 0 0 0 0 1 1 1 1 1 0 0 1 0 1 0 1 1 0 0 1 0 1 0 1 1 1 0 0 0 
0 0 0 1 0 1 1 0 0 1 0 1 1 1 0 1 1 0 1 1 0 0 0 1 0 0 0 1 1 1 0 0 1 1 0 0 0 1 0 0 1 1 0 1 1 1 0 1 1 0 1 1 0 1 1 0 0 1 0 1 0 0 0 0 1 1 0 0 0 1 1 1 0 1 1 1 0 0 1 0 1 1 0 1 0 0 1 1 0 1 1 1 1 1 0 0 1 1 0 1 0 1 0 0 1 0 1 0 0 1 1 1 0 0 0 1 0 0 1 1 1 1 0 0 0 0 0 1 1 1 0 0 0 1 0 0 1 0 1 0 0 0 0 1 1 1 0 1 1 1 0 0 0 0 1 1 0 0 0 0 0 0 1 0 0 1 1 1 0 0 0 1 0 0 0 1 1 1 1 1 0 0 1 0 1 0 0 1 0 0 1 0 1 0 1 0 0 0 0 1 
1 0 1 0 1 1 0 0 0 1 0 0 1 0 1 1 0 0 0 0 0 1 0 1 0 0 0 0 1 1 1 1 0 1 0 0 1 1 0 1 0 0 1 1 0 1 1 0 1 0 0 0 0 0 0 0 1 0 1 0 1 1 1 0 0 1 0 1 0 0 1 1 0 0 0 0 0 0 1 1 1 0 1 1 0 1 1 1 0 0 0 0 1 0 0 0 0 0 0 1 0 1 1 1 1 0 1 0 1 0 0 1 0 0 1 0 0 1 1 0 1 0 0 0 0 0 0 0 1 1 0 0 0 0 1 0 0 0 0 1 0 1 0 1 0 1 1 0 0 0 1 1 0 0 0 0 0 1 0 0 0 0 0 0 1 0 0 0 0 0 0 1 1 1 1 0 0 0 1 1 0 0 0 0 0 0 0 0 0 1 0 0 0 1 1 0 0 1 0 0 
0 0 0 1 0 0 0 0 0 0 0 1 0 1 0 0 1 1 1 1 1 0 0 1 1 1 0 1 0 1 0 0 1 0 0 0 0 1 1 0 0 1 0 0 1 1 0 1 0 0 1 1 0 1 1 0 0 1 0 1 0 0 0 0 1 1 1 0 0 1 0 1 0 1 1 0 1 0 0 0 0 1 0 0 0 0 0 0 0 1 1 1 0 1 1 0 0 1 1 1 0 1 0 0 1 0 1 0 0 1 1 0 0 0 0 1 0 0 1 1 0 0 0 1 1 0 0 1 0 0 0 0 0 1 0 0 1 0 1 0 0 0 1 1 1 0 0 1 1 1 0 0 1 1 1 1 1 0 0 0 0 0 1 0 0 1 0 1 0 1 0 0 0 0 0 1 1 1 0 0 0 0 1 0 1 0 1 1 0 0 1 0 1 0 0 1 1 0 0 0 
0 0 0 1 0 1 1 1 0 1 0 1 1 1 0 1 1 1 1 1 0 0 0 1 1 1 0 1 1 1 0 0 1 1 0 0 0 1 0 1 1 1 0 1 1 1 0 1 1 0 1 1 0 1 1 0 0 1 0 1 0 1 0 0 1 1 1 0 0 1 1 1 0 1 1 1 1 0 1 0 1 1 0 1 1 0 1 1 0 1 1 1 1 1 1 0 1 0 1 1 0 1 0 1 1 0 1 0 0 1 1 1 0 0 1 1 0 0 1 1 1 1 0 0 0 0 0 1 1 1 0 0 0 1 0 0 1 0 1 0 1 0 1 1 1 1 1 1 1 1 0 1 0 0 1 1 1 1 0 0 0 0 1 0 1 1 1 1 0 0 0 1 0 0 0 1 1 1 1 1 0 0 1 0 1 0 0 1 0 1 1 0 1 0 1 1 1 0 0 1 
0 1 0 1 0 0 0 1 1 0 1 1 0 0 0 0 0 1 0 0 1 0 1 0 1 1 1 0 0 1 0 0 1 0 1 1 1 0 0 1 0 0 1 0 1 1 1 1 1 1 1 1 1 1 1 1 0 1 1 0 0 0 0 1 1 1 1 0 1 1 1 1 1 0 1 0 1 1 0 1 0 1 0 0 1 0 0 1 1 0 0 1 0 1 0 0 1 1 0 0 1 0 0 1 1 1 0 1 1 0 0 1 1 1 1 1 1 0 1 1 0 0 1 1 0 1 1 1 0 0 1 1 1 1 0 1 1 1 1 1 1 0 1 0 1 0 0 1 1 1 0 1 1 1 0 0 1 0 1 1 1 1 0 1 1 0 0 0 1 0 1 0 0 1 0 0 1 1 0 0 1 1 0 1 0 1 0 1 1 0 0 1 1 0 0 1 1 1 1 0 
0 0 0 1 0 1 1 0 0 1 0 0 1 1 1 1 1 0 1 0 0 0 0 1 0 0 0 1 1 1 0 0 0 1 0 0 0 1 0 1 1 1 0 1 0 1 0 0 1 0 0 1 0 1 0 0 0 1 0 1 1 1 1 0 1 1 0 0 0 0 1 1 0 0 0 1 0 0 1 0 1 1 1 1 0 0 1 1 0 1 1 0 1 1 1 1 1 1 0 0 0 1 0 1 1 0 1 0 1 1 1 1 0 0 1 0 0 0 1 0 1 1 0 0 0 0 0 1 1 1 0 0 0 1 1 0 1 0 0 0 0 0 0 1 0 1 1 0 0 0 1 0 0 0 0 0 0 1 0 0 0 0 0 0 1 0 1 0 0 0 0 1 0 0 0 0 0 0 1 1 0 0 1 0 1 0 0 1 0 1 1 0 0 0 1 0 0 0 0 1 
0 1 0 0 0 0 0 1 1 0 1 1 0 0 0 0 0 1 0 0 1 0 1 0 1 1 1 0 0 1 0 0 0 0 1 1 1 0 0 1 0 0 1 0 1 1 1 1 1 1 0 0 1 1 0 1 0 1 1 0 0 0 0 1 0 1 1 0 1 1 0 1 1 0 0 0 1 1 0 1 0 0 0 0 1 0 0 0 1 0 0 0 0 0 0 0 0 0 1 0 0 0 0 1 1 1 0 1 0 0 0 1 1 1 1 1 1 0 1 0 0 0 1 1 0 1 1 1 0 0 1 1 1 1 0 1 0 1 1 1 1 0 1 0 1 0 0 1 1 0 0 1 1 1 0 0 1 0 1 1 1 1 0 1 1 0 0 0 1 0 1 0 0 1 0 0 1 1 0 0 1 1 0 1 0 1 0 1 1 0 0 1 1 0 0 1 1 1 1 0 
0 0 0 1 0 1 1 0 0 1 0 0 1 1 1 1 1 0 1 0 0 0 0 1 0 0 0 1 1 0 0 0 0 1 0 0 0 1 0 0 1 1 0 1 0 1 0 1 0 0 0 1 0 1 0 0 0 1 0 1 1 1 0 0 1 1 0 0 0 0 1 1 0 1 0 1 0 0 1 0 1 1 1 1 0 0 1 1 0 1 1 0 1 1 1 1 1 1 0 1 0 0 0 0 1 0 1 0 0 1 1 1 0 0 0 0 0 0 1 1 1 1 0 0 0 0 0 1 1 1 0 0 0 0 0 0 1 0 0 0 0 0 0 1 0 1 1 0 0 0 0 0 0 0 1 1 0 1 0 0 0 0 0 0 0 1 1 0 0 0 0 1 0 0 0 0 0 0 1 1 0 0 1 0 1 0 0 0 0 1 1 0 0 0 1 0 0 0 0 1 
1 0 1 0 1 1 0 0 0 0 0 0 1 0 1 0 0 0 0 0 0 1 0 0 0 0 0 0 0 0 1 1 0 1 0 0 1 0 0 1 0 0 1 0 0 0 1 0 1 0 0 0 0 0 0 0 1 0 1 0 1 1 1 0 0 0 0 1 0 0 1 0 0 0 0 0 0 0 0 1 0 0 1 1 0 1 0 1 0 0 0 0 1 0 0 1 0 0 0 0 0 0 0 1 0 0 0 0 1 0 0 1 0 0 1 0 0 1 0 0 0 0 0 0 0 0 0 0 0 0 0 0 0 0 1 0 0 0 0 0 0 1 0 0 0 1 1 0 0 0 1 0 0 0 0 0 0 1 0 0 0 0 0 0 1 0 0 0 0 0 0 1 1 1 1 0 0 0 0 1 0 0 0 0 0 0 0 0 0 1 0 0 0 1 1 0 0 1 0 0 
1 0 1 0 1 1 0 1 0 1 1 0 1 1 1 1 0 1 0 0 0 1 1 1 1 1 1 0 1 1 1 1 0 1 1 1 1 1 0 1 0 0 1 1 0 1 1 1 1 1 0 0 1 0 0 1 1 1 1 0 1 1 1 1 0 1 1 1 1 0 1 1 1 0 0 0 1 1 0 1 0 1 1 1 1 1 0 1 1 0 0 0 1 1 0 1 0 1 1 1 1 0 1 0 1 1 0 1 1 0 0 1 0 0 1 0 1 1 1 0 1 0 0 0 0 1 1 1 0 0 0 0 0 1 1 1 0 1 0 1 1 1 0 1 1 1 1 0 1 0 1 1 0 0 0 0 0 1 0 0 0 1 0 1 1 0 0 0 1 0 1 1 1 1 1 0 0 1 1 1 0 1 0 0 0 0 0 1 0 1 0 0 1 1 1 0 1 1 0 0 
0 0 1 1 1 1 0 1 0 1 1 1 1 1 1 1 1 1 1 0 0 1 1 1 1 1 0 0 1 1 0 0 1 1 1 1 1 1 0 1 0 0 1 1 1 1 1 1 1 1 1 1 1 1 0 1 0 1 1 0 1 1 1 1 1 1 1 1 1 1 1 1 0 0 1 0 1 1 1 1 0 1 1 1 1 1 1 1 1 1 1 1 1 1 1 1 1 1 1 1 1 1 0 1 0 1 1 1 1 0 0 1 0 0 1 1 1 0 1 1 1 0 0 1 0 0 1 1 1 1 0 0 0 1 1 1 1 1 1 1 1 0 1 1 1 1 1 1 1 0 1 1 0 1 0 0 1 1 0 0 0 1 1 1 1 1 0 0 1 0 0 1 0 1 1 0 1 1 1 1 1 1 1 0 1 1 0 1 0 1 1 0 1 1 1 1 1 1 0 0 
1 1 1 0 1 0 0 1 1 0 1 0 0 0 0 0 0 1 0 0 0 1 1 0 1 1 1 0 0 1 1 0 0 0 1 1 1 0 0 1 0 0 1 0 0 1 1 0 1 1 0 0 1 0 0 1 1 0 1 0 0 1 1 1 0 1 1 1 1 0 1 0 1 0 0 0 1 1 0 1 0 0 0 0 1 1 0 1 1 0 0 0 0 0 0 0 0 0 1 0 1 0 0 1 1 0 0 1 1 0 0 1 1 1 1 0 1 0 1 0 0 0 0 0 0 1 1 1 0 0 1 1 1 1 0 1 0 1 0 1 1 1 0 0 1 0 0 0 1 0 1 1 0 0 0 0 0 0 1 1 1 1 0 1 1 0 0 0 1 0 1 0 1 1 1 0 0 0 0 0 1 1 0 0 0 1 0 1 1 0 0 1 0 1 0 0 1 1 1 0 
0 0 0 1 0 1 1 0 0 1 0 0 1 1 1 1 1 0 1 0 0 0 0 1 0 0 0 1 1 0 0 0 0 1 0 0 0 1 0 0 1 1 0 1 0 1 0 0 0 0 0 1 0 1 0 0 0 1 0 1 1 1 0 0 1 1 0 0 0 0 1 1 0 0 0 1 0 0 1 0 1 1 1 1 0 0 1 1 0 1 1 0 1 1 1 1 1 1 0 1 0 1 0 0 1 0 0 0 0 1 1 1 0 0 0 0 0 0 1 0 1 1 0 0 0 0 0 0 1 1 0 0 0 0 0 0 1 0 0 0 0 0 0 1 0 1 1 0 0 0 0 0 0 0 1 1 0 1 0 0 0 0 0 0 0 1 1 0 0 0 0 1 0 0 0 0 0 0 1 1 0 0 1 0 1 0 0 0 0 1 1 0 0 0 1 0 0 0 0 1 
0 1 0 1 0 0 0 1 1 0 1 1 0 0 0 0 0 1 0 0 1 0 1 0 1 1 1 0 0 1 0 0 1 0 1 1 1 0 0 1 0 0 1 0 1 1 1 1 1 1 1 1 1 1 1 1 0 1 1 0 0 0 0 1 1 1 1 0 1 1 0 1 1 0 0 0 1 1 0 1 0 0 0 0 1 0 0 0 1 0 0 1 0 1 0 0 0 0 1 0 1 0 0 1 1 1 0 0 0 0 0 1 1 1 1 1 1 0 1 1 0 0 1 1 0 1 1 1 0 0 1 1 1 1 0 1 0 1 1 1 1 0 1 0 1 0 0 1 1 1 0 1 1 1 0 0 1 0 1 1 1 1 0 1 1 0 0 0 1 0 1 0 0 1 0 0 1 1 0 0 1 1 0 1 0 1 0 1 1 0 0 1 1 0 0 1 1 1 1 0 
1 0 1 0 1 1 0 1 0 1 1 0 1 0 1 1 0 1 0 0 0 1 1 1 0 1 1 0 1 1 1 1 0 1 1 0 1 1 0 1 0 0 1 1 0 1 1 0 1 0 0 0 1 0 0 1 1 0 1 0 1 1 1 0 0 1 1 1 1 0 1 1 0 0 0 0 1 1 0 1 0 0 1 1 1 1 0 1 0 0 0 0 1 0 0 1 0 0 1 1 0 0 1 1 1 1 0 0 0 0 0 1 0 0 1 0 1 1 1 0 1 0 0 0 0 0 1 1 0 0 0 0 0 1 1 1 0 1 0 1 1 1 0 1 1 1 1 0 1 0 1 1 0 0 0 0 0 1 0 0 0 1 0 1 1 0 0 0 1 0 0 1 1 1 1 0 0 0 1 1 0 1 0 0 0 0 0 1 0 1 0 0 0 1 1 0 1 1 0 0 
0 0 0 1 0 0 1 0 0 1 0 0 0 1 0 1 1 0 1 0 0 0 0 1 0 0 0 1 1 0 0 0 0 1 0 0 0 1 0 0 1 1 0 1 0 0 0 0 0 0 0 1 0 0 0 0 0 0 0 1 0 0 0 0 1 0 0 0 0 0 0 1 0 1 0 1 0 0 1 0 1 1 0 1 0 0 1 0 0 1 1 0 0 1 1 0 1 1 0 1 0 1 0 0 0 0 1 0 0 0 1 0 0 0 0 0 0 0 0 0 1 1 0 0 0 0 0 0 1 1 0 0 0 0 0 0 1 0 0 0 0 0 0 1 0 1 0 0 0 0 0 0 0 0 1 1 0 0 0 0 0 0 0 0 0 1 1 0 0 0 0 1 0 0 0 0 0 0 1 0 0 0 1 0 1 0 0 0 0 0 1 0 0 0 0 0 0 0 0 1 
0 0 0 1 0 1 1 0 0 1 0 0 0 1 0 1 1 0 1 0 0 0 0 1 0 0 0 1 1 0 0 0 0 1 0 0 0 1 0 0 1 1 0 1 0 0 0 0 0 0 0 1 0 0 0 0 0 0 0 1 0 0 0 0 0 0 0 0 0 0 0 1 0 1 0 1 0 0 1 0 1 1 0 1 0 0 1 0 0 1 1 0 0 1 1 0 1 1 0 1 0 1 0 0 0 0 1 0 0 1 0 0 0 0 0 0 0 0 0 0 1 1 0 0 0 0 0 0 1 1 0 0 0 0 0 0 1 0 0 0 0 0 0 1 0 1 1 0 0 0 0 0 0 0 1 1 0 0 0 0 0 0 0 0 0 1 1 0 0 0 0 1 0 0 0 0 0 0 1 1 0 0 1 0 1 0 0 0 0 1 1 0 0 0 1 0 0 0 0 1 
1 0 1 1 1 1 0 1 0 1 1 1 1 1 1 1 0 1 1 0 0 1 1 1 1 1 1 0 1 1 1 1 0 1 1 1 1 1 0 1 0 0 1 1 0 1 1 1 1 1 1 1 1 1 0 1 1 1 1 0 1 1 1 1 1 1 1 1 1 0 1 1 1 0 0 0 1 1 0 1 0 1 1 1 1 1 0 1 1 0 0 0 1 1 1 1 0 1 1 1 1 1 1 1 1 1 1 1 1 0 0 0 0 0 1 1 1 1 1 0 1 0 0 0 0 1 1 1 0 0 0 0 0 1 1 1 1 1 1 1 1 1 1 1 1 1 1 1 1 0 1 1 0 1 0 0 0 1 0 1 0 1 0 1 1 0 0 0 1 0 1 1 1 1 1 0 0 1 1 1 1 1 0 0 0 1 0 1 0 1 0 0 1 1 1 0 1 1 0 0 
0 1 0 0 0 0 0 1 1 0 1 1 0 0 0 0 0 1 0 0 1 0 1 0 1 1 1 0 0 1 0 0 0 0 1 1 1 0 0 0 0 0 0 0 1 0 0 1 0 1 0 0 1 0 0 1 0 0 0 0 0 0 0 1 0 0 1 0 1 1 0 0 1 0 0 0 1 1 0 0 0 0 0 0 1 0 0 0 1 0 0 0 0 0 0 0 0 0 1 0 1 0 0 0 0 1 0 1 0 0 0 0 0 1 0 1 1 0 0 0 0 0 1 1 0 1 1 1 0 0 1 1 1 1 0 1 0 1 1 1 1 0 1 0 1 0 0 1 1 0 0 1 1 1 0 0 1 0 1 1 1 1 0 1 0 0 0 0 1 0 1 0 0 0 0 0 0 1 0 0 1 1 0 1 0 1 0 1 1 0 0 1 1 0 0 1 1 0 1 0 
0 1 0 0 0 0 0 1 1 0 1 1 0 0 0 0 0 1 0 0 1 0 1 0 1 1 1 0 0 1 0 0 0 0 1 1 1 0 0 0 0 0 0 0 1 1 1 1 1 1 0 0 1 0 0 1 0 0 1 0 0 0 0 1 0 1 1 0 1 0 0 0 1 0 0 0 1 1 0 1 0 0 0 0 1 0 0 0 1 0 0 0 0 0 0 0 0 0 1 0 1 0 0 0 0 1 0 1 0 0 0 0 1 0 0 1 1 0 0 0 0 0 1 1 0 1 1 1 0 0 1 1 1 1 0 1 0 1 1 1 1 0 1 0 1 0 0 1 1 0 0 1 1 1 0 0 1 0 1 1 1 1 0 1 1 0 0 0 1 0 1 0 0 0 0 0 0 1 0 0 1 1 0 1 0 1 0 1 1 0 0 1 1 0 0 0 1 1 1 0 
1 1 1 0 1 1 0 1 0 1 1 0 1 0 1 1 0 1 0 0 0 1 1 1 1 1 1 0 0 1 1 1 0 1 1 1 1 1 0 1 0 0 1 0 0 1 1 1 1 1 0 0 1 0 0 1 1 1 1 0 1 1 1 1 0 1 1 1 1 0 1 1 1 0 0 0 1 1 0 1 0 1 1 1 1 1 0 1 1 0 0 0 1 1 0 1 0 1 1 1 1 0 1 1 1 1 0 1 1 0 0 1 0 0 0 0 1 1 1 0 1 0 0 0 0 1 1 1 0 0 1 0 0 1 1 1 0 1 0 1 1 1 0 1 1 1 1 1 1 0 1 1 0 0 0 0 0 1 0 1 0 1 0 1 1 0 0 0 1 0 1 1 1 1 1 0 0 1 1 1 0 1 0 0 0 1 0 1 0 1 0 0 1 1 1 0 1 1 0 0 
0 1 0 1 0 0 0 1 1 0 1 1 0 1 0 0 0 1 1 1 1 0 1 1 1 1 1 0 0 1 0 0 1 0 1 1 0 0 1 1 0 0 0 0 1 1 0 1 1 1 1 1 1 1 1 1 0 1 0 0 0 0 0 1 1 1 1 0 0 1 0 1 1 1 1 0 1 1 0 0 0 1 0 0 1 0 0 0 1 0 1 1 0 1 1 0 1 1 1 0 1 0 0 0 1 0 0 1 0 0 0 1 1 1 0 0 1 0 1 1 0 0 1 1 1 1 0 1 0 0 0 0 0 1 0 0 1 1 1 0 1 0 1 0 1 0 0 1 1 1 0 1 1 1 1 1 1 0 1 1 1 1 1 1 1 1 0 1 1 1 1 0 0 0 0 1 1 1 0 0 1 1 0 1 1 1 1 1 1 0 0 1 1 0 0 1 1 0 1 0 
0 1 0 0 0 0 0 1 1 0 1 1 0 0 0 0 0 1 0 0 1 1 1 0 1 1 1 0 0 1 0 0 0 0 1 1 1 0 0 1 0 0 1 0 1 1 1 1 1 1 0 0 1 1 0 1 0 1 1 0 0 1 0 1 0 1 1 1 1 1 1 1 1 0 0 0 1 1 0 1 0 0 0 0 1 1 0 1 1 0 0 0 0 1 0 0 0 0 1 0 1 0 0 1 1 1 0 1 1 0 0 1 1 1 1 1 0 0 1 0 0 0 1 1 0 1 1 1 0 0 1 1 1 1 0 1 0 1 1 1 1 0 1 0 1 0 0 1 1 0 0 1 0 1 0 0 1 0 1 1 1 1 0 1 1 0 0 0 1 0 1 0 0 1 1 0 1 1 0 0 1 1 0 1 0 1 0 1 1 0 0 1 1 1 0 0 1 1 1 0 
1 0 1 0 1 1 0 0 0 1 0 0 1 0 1 0 0 0 0 0 0 1 0 0 0 0 0 0 1 0 1 1 0 1 0 0 1 1 0 1 0 0 1 0 0 0 1 0 1 0 0 0 0 0 0 0 1 0 1 0 1 1 1 0 0 0 0 1 0 0 1 0 0 0 0 0 0 0 0 1 0 0 1 1 0 1 0 1 0 0 0 0 1 0 0 1 0 0 0 0 0 0 1 1 0 0 0 0 1 0 0 1 0 0 1 0 0 0 0 0 1 0 0 0 0 0 0 0 0 0 0 0 0 0 1 1 0 0 0 1 0 1 0 0 0 1 1 0 0 0 1 0 0 0 0 0 0 1 0 0 0 0 0 0 1 0 0 0 1 0 0 1 1 1 1 0 0 0 1 1 0 0 0 0 0 0 0 0 0 1 0 0 0 1 1 0 0 1 0 0 
0 0 1 1 1 1 0 1 0 1 1 1 1 1 1 1 1 1 1 0 0 1 1 1 1 1 0 0 1 1 0 1 1 1 1 1 1 1 0 1 0 0 1 1 1 1 1 1 1 1 1 1 1 1 0 1 0 1 1 0 1 1 1 1 1 1 1 1 1 1 1 1 0 0 1 0 1 1 1 1 0 1 1 1 1 1 1 1 1 1 1 1 1 1 1 1 1 1 1 1 1 1 0 1 1 1 1 1 1 0 0 1 0 0 1 1 1 0 0 1 1 0 0 1 0 0 1 1 1 1 0 0 0 1 1 1 1 1 1 1 1 1 1 1 1 1 1 1 1 0 1 1 0 1 0 0 0 1 0 0 0 1 0 1 1 0 0 0 1 0 0 1 0 1 1 0 1 1 1 1 0 1 1 0 1 0 0 1 0 1 0 0 1 1 1 0 1 1 0 0 
0 0 0 1 0 0 0 1 0 0 0 1 0 1 0 0 1 1 1 1 1 0 0 1 1 1 0 0 0 1 0 0 1 0 0 0 0 0 1 0 0 0 0 0 1 1 0 1 0 0 1 1 0 1 1 1 0 1 0 1 0 0 0 0 1 1 1 0 0 1 0 1 0 1 1 0 1 0 0 0 0 1 0 0 1 0 0 0 1 1 1 1 0 1 1 0 1 1 1 0 0 1 0 0 1 0 0 1 0 0 0 0 0 0 0 1 0 0 1 0 0 0 1 1 1 0 0 1 0 0 0 0 0 1 0 0 1 0 1 0 1 0 1 1 1 0 0 1 1 1 0 0 1 1 1 1 1 0 0 0 0 0 1 0 0 1 0 1 0 1 0 0 0 0 0 1 1 1 0 0 0 0 1 1 1 0 1 1 0 0 1 0 1 0 0 1 1 0 0 0 
0 0 1 1 1 1 1 1 0 1 0 0 1 1 1 1 1 1 1 0 0 1 1 1 0 1 0 1 1 1 1 1 0 1 0 0 1 1 0 1 1 1 1 1 0 1 1 1 1 0 0 1 0 1 0 0 0 1 1 1 1 1 1 0 1 1 1 1 0 0 1 1 0 0 0 1 1 0 1 1 1 1 1 1 1 1 1 1 0 1 1 0 1 1 1 1 0 1 0 1 0 1 0 1 1 0 1 0 1 1 1 1 0 0 1 0 0 1 1 0 0 1 0 0 0 0 0 1 1 1 0 0 0 1 1 1 1 0 0 1 1 1 0 1 1 1 1 0 1 0 1 1 0 0 0 0 0 1 0 0 0 1 0 0 1 0 1 0 1 0 0 1 1 1 1 0 0 1 1 1 0 0 1 0 0 0 0 1 0 1 0 0 1 1 1 0 1 1 0 1 
0 0 0 1 0 1 1 0 0 1 0 0 1 1 1 1 1 0 1 0 0 0 0 1 0 0 0 1 1 0 0 0 0 1 0 0 0 1 0 0 1 1 0 1 0 0 0 0 0 0 0 0 0 0 0 0 0 0 0 1 1 0 0 0 0 0 0 0 0 0 0 1 0 0 0 1 0 0 1 0 1 1 0 1 0 0 1 0 0 1 1 0 1 0 1 0 0 1 0 1 0 1 0 0 0 0 1 0 0 1 1 0 0 0 0 0 0 0 0 0 1 0 0 0 0 0 0 0 1 1 0 0 0 0 0 0 1 0 0 0 0 0 0 1 0 1 1 0 0 0 0 0 0 0 0 0 0 1 0 0 0 0 0 0 0 0 1 0 0 0 0 1 0 0 0 0 0 0 1 1 0 0 1 0 0 0 0 0 0 1 0 0 0 0 1 0 0 0 0 1 
0 1 0 0 0 0 0 1 1 0 0 1 0 0 0 0 0 1 0 1 1 0 1 0 1 1 1 0 0 1 0 0 1 0 1 1 0 0 1 0 0 0 0 0 1 0 0 1 0 1 1 0 1 1 1 1 0 1 0 0 0 0 0 1 1 1 1 0 0 1 0 0 1 0 1 0 1 1 0 0 0 0 0 0 1 0 0 0 1 0 0 1 0 1 0 0 0 0 1 0 1 0 0 0 0 0 0 1 0 0 0 0 1 1 0 1 1 0 0 1 0 0 0 1 0 1 0 1 0 0 1 1 1 1 0 0 0 1 1 0 1 0 1 0 1 0 0 1 1 1 0 0 1 1 0 0 1 0 1 1 1 1 1 1 0 0 0 1 0 0 1 0 0 0 0 1 1 1 0 0 1 1 0 1 0 1 0 1 1 0 0 1 1 0 0 1 1 0 1 0 
0 1 0 1 0 0 0 1 1 0 0 1 0 0 0 0 0 1 0 1 1 0 0 0 1 1 0 0 0 1 0 0 1 0 1 1 0 0 1 0 0 0 0 0 1 1 0 1 0 1 1 1 0 1 1 1 0 1 0 0 0 0 0 1 1 1 1 0 0 1 0 1 1 1 1 0 1 1 0 0 0 1 0 0 1 0 0 0 1 0 0 1 0 1 0 0 1 0 1 0 1 0 0 0 1 0 0 1 0 0 0 0 1 1 0 1 1 0 1 1 0 0 1 0 1 1 0 1 0 0 0 0 0 1 0 0 1 0 1 0 1 0 1 0 1 0 0 1 1 1 0 0 1 1 0 0 1 0 1 1 1 1 1 0 0 0 0 1 0 1 0 0 0 0 0 1 1 1 0 0 1 1 0 1 0 1 1 1 1 0 0 1 1 0 0 1 1 0 1 0 
0 0 0 1 0 0 0 0 0 0 0 1 0 0 0 0 0 0 0 1 0 0 0 0 0 0 0 0 0 0 0 0 1 0 0 0 0 0 1 0 0 0 0 0 1 0 0 1 0 0 1 1 0 1 1 0 0 0 0 0 0 0 0 0 1 0 0 0 0 1 0 0 0 1 1 0 0 0 0 0 0 0 0 0 0 0 0 0 0 0 1 1 0 1 0 0 1 0 0 0 0 0 0 0 0 0 0 0 0 0 0 0 0 0 0 1 0 0 0 1 0 0 0 1 0 0 0 0 0 0 0 0 0 0 0 0 1 0 1 0 0 0 1 0 0 0 0 0 0 1 0 0 1 0 1 1 1 0 0 0 0 0 1 0 0 1 0 1 0 1 0 0 0 0 0 1 1 0 0 0 0 0 0 0 1 0 1 0 0 0 1 0 0 0 0 1 0 0 0 0 
0 1 0 0 0 0 0 1 1 0 1 1 0 0 0 0 0 1 0 0 1 0 1 0 1 1 1 0 0 1 0 0 0 0 1 1 1 0 0 1 0 0 1 0 1 1 1 0 1 1 0 0 1 0 0 1 0 0 1 0 0 0 0 1 0 1 1 0 1 0 0 0 1 0 0 0 1 1 0 1 0 0 0 0 1 0 0 0 1 0 0 0 0 0 0 0 0 0 1 0 1 0 0 1 0 1 0 1 0 0 0 1 1 1 1 1 1 0 0 0 0 0 1 1 0 0 1 1 0 0 1 1 1 1 0 1 0 1 1 1 1 0 1 0 1 0 0 1 1 0 0 1 0 1 0 0 0 0 1 1 1 1 0 1 1 0 0 0 1 0 1 0 0 1 0 0 0 1 0 0 1 1 0 1 0 1 0 1 1 0 0 1 1 0 0 0 1 1 1 0 
1 1 1 0 1 1 0 1 1 0 1 0 1 0 0 0 0 1 0 0 0 1 1 0 1 1 1 0 0 1 1 1 0 0 1 1 1 0 0 1 0 0 1 0 0 1 1 0 1 1 0 0 1 0 0 1 1 0 1 0 0 1 1 1 0 1 1 1 1 0 1 1 1 0 0 0 1 1 0 1 0 0 1 0 1 1 0 1 1 0 0 0 1 0 0 0 0 0 1 0 1 0 0 1 1 1 0 1 1 0 0 1 1 1 1 0 1 0 1 0 0 0 0 0 0 1 0 1 0 0 1 1 1 1 1 1 0 1 0 1 1 1 0 0 1 0 0 1 1 0 1 1 0 0 0 0 0 1 1 1 1 1 0 1 1 0 0 0 1 0 1 0 1 1 1 0 0 1 0 0 1 1 0 0 0 1 0 1 1 0 0 1 1 1 0 0 1 1 1 0 
0 1 1 1 0 1 0 1 0 1 1 1 1 1 0 1 1 1 1 1 1 1 1 1 1 1 1 0 0 1 0 0 1 1 1 1 1 1 0 1 0 0 1 1 1 1 1 1 1 1 1 1 1 1 1 1 0 1 1 0 0 1 1 1 1 1 1 1 1 1 1 1 1 0 1 0 1 1 0 1 0 1 1 1 1 1 0 1 1 0 1 1 1 1 1 0 1 1 1 1 1 1 0 1 1 1 0 1 1 0 0 1 1 1 1 1 1 0 1 1 1 0 1 1 0 1 1 0 0 0 1 0 0 1 1 1 1 1 1 1 1 0 1 1 1 1 0 1 1 1 0 1 1 1 0 0 1 1 1 1 0 1 1 1 1 0 0 0 1 0 1 1 0 1 1 0 1 1 1 1 1 1 1 1 1 1 0 1 1 0 0 1 1 1 1 1 1 1 0 0 
0 0 0 0 0 1 1 0 0 1 0 0 1 1 1 1 1 0 1 0 0 0 0 1 0 0 0 1 1 0 0 0 0 1 0 0 0 1 0 0 1 1 0 1 0 0 0 0 0 0 0 0 0 0 0 0 0 0 0 1 1 1 1 0 0 0 0 0 0 0 1 1 0 0 0 1 0 0 1 0 1 1 1 1 0 0 1 1 0 1 0 0 1 0 1 1 0 1 0 1 0 1 0 0 1 0 1 0 0 1 1 0 0 0 0 0 0 0 1 0 1 1 0 0 0 0 0 0 0 1 0 0 0 0 1 0 0 0 0 0 0 0 0 1 0 1 1 0 0 0 1 0 0 0 0 0 0 1 0 0 0 0 0 0 0 0 1 0 0 0 0 1 0 0 0 0 0 0 1 1 0 0 1 0 0 0 0 0 0 1 0 0 0 0 1 0 0 0 0 1 
0 0 0 1 0 1 1 0 0 1 0 0 1 1 1 1 1 0 1 0 0 0 0 1 0 0 0 1 1 0 0 0 0 1 0 0 0 1 0 0 1 1 0 1 0 1 0 0 0 0 0 1 0 0 0 0 0 0 0 1 1 1 0 0 0 1 0 0 0 0 1 1 0 0 0 1 0 0 1 0 1 1 1 1 0 0 1 1 0 1 1 0 1 1 1 1 0 1 0 1 0 1 0 0 1 0 1 0 0 1 1 0 0 0 0 0 0 0 1 0 1 1 0 0 0 0 0 0 1 0 0 0 0 0 0 0 1 0 0 0 0 0 0 1 0 1 1 0 0 0 0 0 0 0 1 0 0 1 0 0 0 0 0 0 0 1 1 0 0 0 0 1 0 0 0 0 0 0 1 1 0 0 1 0 1 0 0 0 0 1 1 0 0 0 1 0 0 0 0 1 
0 1 0 0 0 0 0 1 1 0 1 0 0 0 0 0 0 1 0 0 1 0 1 0 1 1 1 0 0 1 0 0 0 0 1 1 1 0 0 1 0 0 1 0 0 0 1 0 1 1 0 0 1 0 0 1 0 0 1 0 0 0 0 1 0 0 1 0 1 0 0 0 1 0 0 0 1 1 0 1 0 0 0 0 1 0 0 0 1 0 0 0 0 0 0 0 0 0 1 0 1 0 0 0 0 1 0 1 0 0 0 0 1 1 1 0 1 0 0 0 0 0 1 0 0 1 1 1 0 0 0 1 1 1 0 1 0 1 0 1 1 0 0 0 1 0 0 1 1 0 0 1 0 1 0 0 0 0 1 1 1 1 0 1 1 0 0 0 1 0 1 0 0 1 1 0 0 0 0 0 1 1 0 1 0 1 0 1 1 0 0 1 1 0 0 0 1 1 1 0 
0 1 0 0 0 0 0 1 1 0 1 0 0 0 0 0 0 1 0 0 1 0 1 0 1 1 1 0 0 0 0 0 0 0 1 1 1 0 0 0 0 0 0 0 0 0 0 0 0 1 0 0 1 0 0 1 0 0 0 0 0 0 0 1 0 0 1 0 1 0 0 0 1 0 0 0 1 1 0 0 0 0 0 0 1 0 0 0 1 0 0 0 0 0 0 0 0 0 1 0 1 0 0 0 0 1 0 1 0 0 0 0 1 1 0 0 1 0 0 0 0 0 1 0 0 1 1 0 0 0 1 0 1 0 0 1 0 1 0 1 1 0 1 0 1 0 0 1 1 0 0 1 0 1 0 0 0 0 1 1 1 1 0 1 0 0 0 0 1 0 1 0 0 0 0 0 0 0 0 0 1 1 0 1 0 1 0 0 1 0 0 1 0 0 0 0 1 0 1 0 
0 1 0 0 0 0 0 1 1 0 1 0 0 0 0 0 0 1 0 0 1 0 1 0 1 1 1 0 0 0 0 0 0 0 1 1 0 0 0 0 0 0 0 0 0 0 0 0 0 1 0 0 1 0 0 1 0 0 0 0 0 0 0 1 0 0 1 0 1 0 0 0 1 0 0 0 1 1 0 0 0 0 0 0 1 0 0 0 1 0 0 0 0 0 0 0 0 0 1 0 1 0 0 0 0 1 0 1 0 0 0 0 1 1 0 0 1 0 0 0 0 0 1 0 0 1 1 0 0 0 1 1 0 0 0 1 0 1 0 1 1 0 1 0 1 0 0 1 1 0 0 1 0 1 0 0 0 0 1 1 1 1 0 1 0 0 0 0 1 0 1 0 0 0 0 0 0 0 0 0 1 1 0 1 0 1 0 0 1 0 0 1 0 0 0 0 1 0 1 0 
0 1 0 1 0 1 0 1 1 1 1 1 1 1 0 0 0 1 1 1 1 1 1 1 1 1 1 0 0 1 0 0 1 1 1 1 1 1 0 1 0 0 1 0 1 1 1 1 1 1 1 1 1 1 1 1 0 1 1 0 0 1 1 1 1 1 1 0 1 1 1 1 1 0 1 0 1 1 0 1 0 1 0 1 1 0 0 1 1 0 1 1 1 1 1 0 1 1 1 1 1 0 0 1 1 1 0 1 1 0 0 1 1 1 1 1 1 0 1 1 1 0 1 1 0 1 1 1 0 0 1 0 0 0 0 1 1 1 1 1 1 0 1 1 1 1 0 1 1 1 0 1 1 1 0 0 1 1 1 1 1 1 1 1 1 0 0 1 1 0 1 0 0 1 1 1 1 1 1 1 1 1 0 1 1 1 0 1 1 0 0 1 1 0 1 1 1 1 1 0 
1 0 1 0 1 1 0 0 0 1 0 0 1 0 1 1 0 0 0 0 0 1 1 0 0 0 0 0 1 1 1 1 0 1 0 0 1 1 0 1 0 0 1 1 0 1 1 0 1 0 0 0 0 0 0 0 1 0 1 0 1 1 1 0 0 1 0 1 1 0 1 1 0 0 0 0 0 0 1 1 0 0 1 1 0 1 0 1 0 0 0 0 1 0 0 1 0 0 0 1 0 0 1 1 1 0 0 0 1 0 0 1 0 0 1 0 0 1 1 0 1 0 0 0 0 0 1 1 1 0 0 0 0 0 0 1 0 0 0 1 0 1 0 1 0 1 1 0 0 0 1 1 0 0 0 0 0 1 0 0 0 1 0 0 1 0 0 0 1 0 0 1 1 1 1 0 0 0 1 1 0 0 0 0 0 0 0 0 0 1 0 0 0 1 1 0 0 1 0 0 
1 1 1 0 1 1 0 1 1 0 1 0 1 0 0 0 0 1 0 0 0 1 1 0 1 1 1 0 0 1 1 1 0 0 1 1 1 0 0 1 0 0 1 0 0 1 1 1 1 1 0 0 1 0 0 1 1 1 1 0 0 1 1 1 0 1 1 1 1 0 1 1 1 0 0 0 1 1 0 1 0 0 1 1 1 1 0 1 1 0 0 0 1 0 0 0 0 0 1 0 1 0 0 1 1 1 0 1 1 0 0 1 1 1 1 0 1 1 1 0 1 0 0 0 0 1 1 1 0 0 1 1 1 1 1 0 0 1 0 1 1 1 0 0 1 0 0 1 1 0 1 1 0 1 0 0 0 1 1 1 1 1 0 1 1 0 0 0 1 0 1 0 1 1 1 0 0 1 0 1 1 1 0 0 0 1 0 1 1 0 0 1 1 1 0 0 1 1 1 0 
0 0 0 1 0 1 1 1 0 1 0 1 1 1 0 1 1 1 1 1 0 0 0 1 1 1 0 1 0 1 0 0 1 1 0 0 0 1 1 0 0 1 0 1 1 1 0 1 1 0 1 1 0 1 1 0 0 1 0 1 0 0 0 0 1 1 1 0 0 1 1 1 0 1 1 0 1 0 0 0 0 1 0 1 1 0 0 1 0 1 1 1 0 1 1 0 1 1 1 1 0 1 0 0 1 0 1 0 0 1 1 1 0 0 0 1 0 0 1 1 1 1 0 1 1 0 0 1 0 1 0 0 0 1 0 0 0 0 1 0 1 0 1 1 1 1 0 1 1 1 0 0 1 1 1 1 1 0 0 0 0 0 1 0 0 1 0 1 0 1 0 0 0 0 0 1 1 1 1 1 0 0 1 0 1 0 1 1 0 0 1 0 1 0 1 1 1 0 0 1 
0 1 1 0 1 0 0 1 1 0 1 1 0 0 0 0 0 1 0 0 0 1 1 0 1 1 1 0 0 1 0 0 0 0 1 1 1 0 0 1 0 0 1 0 0 1 1 1 1 1 0 0 1 0 0 1 1 1 1 0 0 1 0 1 0 1 1 1 1 0 1 1 1 0 0 0 1 1 0 1 0 0 0 0 1 1 0 1 1 0 0 0 0 0 0 0 0 0 1 0 1 0 0 1 1 1 0 1 1 0 0 1 1 1 1 1 1 0 1 0 0 0 1 0 0 1 1 1 0 0 1 1 1 1 0 1 0 0 1 1 1 1 1 0 1 0 0 1 1 0 0 1 0 1 0 0 0 0 1 1 1 1 0 1 1 0 0 0 1 0 1 0 0 1 1 0 0 1 0 0 1 1 0 1 0 1 0 1 1 0 0 1 1 1 0 0 1 1 1 0 
0 1 0 1 0 0 0 1 1 0 1 1 0 0 0 0 0 1 1 1 1 0 1 1 1 1 0 0 0 1 0 0 1 0 1 1 0 0 1 0 0 0 0 0 1 1 0 1 1 1 1 1 1 1 1 1 0 1 0 0 0 0 0 1 1 1 1 0 0 1 0 1 1 1 1 0 1 1 0 0 0 1 0 0 1 0 0 0 1 0 1 1 0 1 1 0 1 1 1 0 1 0 0 0 1 0 0 1 0 0 0 1 1 1 0 1 1 0 1 1 0 0 1 1 1 1 0 1 0 0 0 0 0 1 0 0 1 1 0 0 1 0 1 0 1 0 0 1 1 1 0 1 1 1 1 1 1 0 1 1 1 1 1 1 0 1 0 1 0 1 1 0 0 0 0 1 1 1 0 0 1 1 0 1 1 1 1 1 1 0 0 1 1 0 0 1 1 0 1 0 
1 1 1 0 1 1 0 1 1 0 1 0 1 0 0 0 0 1 0 0 0 1 1 0 1 1 1 0 0 1 1 1 0 0 1 1 1 1 0 1 0 0 1 0 0 1 1 1 1 1 0 0 1 0 0 1 1 1 1 0 0 1 1 1 0 1 1 1 1 0 1 1 1 0 0 0 1 1 0 1 0 0 1 1 1 1 0 1 1 0 0 0 1 0 0 1 0 0 1 0 1 0 0 1 1 1 0 1 1 0 0 1 1 1 1 0 1 1 1 0 1 0 0 0 0 1 1 1 0 0 1 1 1 1 1 1 0 1 0 0 1 1 0 0 1 0 0 1 1 0 1 1 0 1 0 0 0 1 1 1 1 1 0 1 1 0 0 0 1 0 1 0 1 1 1 0 0 1 0 1 1 1 0 0 0 1 0 1 1 0 0 1 1 1 0 0 1 1 1 0 
0 1 1 1 0 1 0 1 1 0 1 1 1 0 0 0 0 1 0 0 1 1 1 1 1 1 1 0 0 1 0 0 0 0 1 1 1 1 0 1 0 0 1 0 1 1 1 1 1 1 1 1 1 1 0 1 0 1 1 0 0 1 1 1 1 1 1 1 1 1 1 1 1 0 0 0 1 1 0 1 0 1 0 1 1 1 0 1 1 0 0 0 1 1 0 0 0 1 1 0 1 0 0 1 1 1 0 1 1 0 0 1 1 1 1 1 1 0 1 1 1 0 1 1 0 1 1 1 0 0 1 1 1 1 0 1 1 1 1 1 0 0 1 0 1 0 0 1 1 0 0 1 1 1 0 0 1 0 1 1 1 1 0 1 1 0 0 0 1 0 1 0 0 1 1 0 1 1 0 1 1 1 0 1 0 1 0 1 1 0 0 1 1 1 0 1 1 1 1 0 
1 0 1 0 1 1 0 0 0 0 1 0 1 0 1 0 0 0 0 0 0 1 1 0 0 0 0 0 0 0 1 1 0 1 0 0 1 1 0 1 0 0 1 0 0 1 1 0 1 0 0 0 0 0 0 0 1 0 1 0 1 1 1 0 0 1 0 1 1 0 1 0 0 0 0 0 0 0 0 1 0 0 1 1 0 1 0 1 0 0 0 0 1 0 0 1 0 0 0 0 0 0 1 1 0 1 0 0 1 0 0 1 0 0 1 0 0 1 1 0 1 0 0 0 0 0 1 0 0 0 0 0 0 0 1 1 0 1 0 1 0 0 0 0 0 1 1 0 0 0 1 1 0 0 0 0 0 1 0 0 0 1 0 0 1 0 0 0 1 0 0 1 1 1 1 0 0 0 1 1 0 1 0 0 0 0 0 0 0 1 0 0 0 1 1 0 0 1 0 0 
0 1 0 1 0 0 0 1 1 0 1 1 0 0 0 0 0 1 0 1 1 0 1 0 1 1 1 0 0 1 0 0 1 0 1 1 0 0 1 0 0 0 0 0 1 1 0 1 1 1 1 1 1 1 1 1 0 1 0 0 0 0 0 1 1 1 1 0 0 1 0 1 1 1 1 0 1 1 0 0 0 1 0 0 1 0 0 0 1 0 1 1 0 1 0 0 1 1 1 0 1 0 0 0 1 0 0 1 0 0 0 1 1 1 0 1 1 0 1 1 0 0 1 1 1 1 0 1 0 0 0 1 1 1 0 0 1 1 1 0 1 0 0 0 1 0 0 1 1 1 0 1 1 1 0 0 1 0 1 1 1 1 1 1 0 0 0 1 0 1 1 0 0 0 0 1 1 1 0 0 1 1 0 1 0 1 1 1 1 0 0 1 1 0 0 1 1 0 1 0 
0 0 0 1 0 1 1 1 0 1 0 0 1 1 1 1 1 1 1 0 0 0 0 1 0 0 0 1 1 1 0 0 1 1 0 0 0 1 0 1 1 1 0 1 0 1 0 1 1 0 1 1 0 1 0 0 0 1 0 1 1 1 1 0 1 1 1 0 0 0 1 1 0 1 1 1 1 0 1 0 1 1 1 1 0 0 1 1 0 1 1 1 1 1 1 1 1 1 0 1 0 1 0 1 1 0 1 0 1 1 1 1 0 0 1 0 0 0 1 1 1 1 0 0 0 0 0 1 1 1 0 0 0 1 1 0 1 0 0 0 0 0 0 0 1 1 1 0 1 0 0 1 0 0 1 1 0 1 0 0 0 0 1 0 1 1 1 0 0 0 0 1 0 0 0 0 1 1 1 1 0 0 1 0 1 0 0 1 0 1 1 0 1 0 1 0 1 0 0 1 
0 1 0 1 0 0 0 1 1 0 1 1 1 1 0 0 0 1 1 1 1 0 1 1 1 1 1 0 0 1 0 0 1 0 1 1 1 1 0 1 0 0 1 0 1 1 1 1 1 1 1 1 1 1 1 1 0 1 1 0 0 0 0 1 1 1 1 0 1 1 1 1 1 0 1 0 1 1 0 1 0 1 0 0 1 0 0 1 1 0 1 1 0 1 1 0 1 1 1 0 1 0 0 1 1 1 0 1 1 0 0 1 1 1 1 1 1 0 1 1 1 0 1 1 0 1 1 1 0 0 1 1 1 1 0 1 1 1 1 1 1 0 1 1 0 0 0 1 1 1 0 1 1 1 0 0 1 0 1 1 1 1 1 1 1 0 0 1 1 0 1 0 0 1 0 1 1 1 0 0 1 1 0 1 0 1 0 1 1 0 0 1 1 0 0 1 1 1 1 0 
0 0 1 1 1 1 1 0 0 1 0 0 1 1 1 1 1 0 1 0 0 1 0 1 0 0 0 1 1 1 1 1 0 1 0 0 1 1 0 1 1 1 1 1 0 1 0 0 1 0 0 1 0 0 0 0 0 1 1 1 1 1 1 0 0 1 0 1 0 0 1 1 0 0 0 1 0 0 1 1 1 1 1 1 0 1 1 1 0 1 0 0 1 1 1 1 0 1 0 1 0 1 1 1 1 0 1 0 1 1 1 1 0 0 1 0 0 1 1 0 1 1 0 0 0 0 0 1 1 1 0 0 0 1 1 0 1 0 0 0 0 1 0 1 0 0 1 0 1 0 1 1 0 0 0 0 0 1 0 0 0 0 0 0 1 0 1 0 0 0 0 1 1 1 1 0 0 0 1 1 0 0 1 0 0 0 0 1 0 1 0 0 0 1 1 0 0 1 0 1 
1 0 1 0 1 1 0 0 0 1 0 0 1 1 1 1 1 0 0 0 0 1 0 1 0 0 0 0 1 0 1 1 0 1 0 0 0 1 0 1 0 0 1 1 0 1 0 0 1 0 0 0 0 0 0 0 1 0 0 0 1 1 1 0 0 1 0 1 0 0 1 1 0 0 0 1 0 0 1 0 1 0 1 1 0 1 1 1 0 0 0 0 1 0 0 1 0 1 0 1 0 1 1 1 1 0 1 0 1 0 1 1 0 0 1 0 0 1 1 0 1 1 0 0 0 0 0 0 1 1 0 0 0 0 1 0 0 0 0 0 0 1 0 1 0 1 0 0 0 0 1 0 0 0 0 0 0 1 0 0 0 0 0 0 1 0 0 0 0 0 0 1 1 1 1 0 0 0 1 1 0 0 1 0 0 0 0 0 0 1 0 0 0 1 1 0 0 1 0 1 
0 1 0 1 0 0 0 1 1 0 1 1 0 0 0 0 0 1 0 1 1 0 1 1 1 1 1 0 0 1 0 0 1 0 1 1 1 0 1 1 0 0 0 0 1 1 0 1 1 1 1 1 1 1 1 1 0 1 0 0 0 0 0 1 1 1 1 0 1 1 0 1 1 1 1 0 1 1 0 1 0 1 0 0 1 0 0 0 1 0 1 1 0 1 1 0 1 1 1 0 1 0 0 0 1 0 0 1 0 0 0 1 1 1 1 1 1 0 1 1 0 0 1 1 0 1 1 1 0 0 1 1 1 1 0 1 1 1 1 1 1 0 1 0 1 0 0 0 1 1 0 1 1 1 0 0 1 0 1 1 1 1 1 1 1 1 0 1 1 0 1 0 0 0 0 1 1 1 0 0 1 1 0 1 1 1 1 1 1 0 0 1 1 0 0 1 1 0 1 0 
0 1 1 1 0 1 0 1 1 0 1 1 1 1 0 0 0 1 1 0 1 1 1 1 1 1 1 0 0 1 0 0 1 1 1 1 1 1 0 1 0 0 1 0 1 1 1 1 1 1 1 1 1 1 1 1 0 1 1 0 0 1 1 1 1 1 1 1 1 1 1 1 1 0 1 0 1 1 0 1 0 1 0 1 1 1 0 1 1 0 0 1 1 1 1 0 1 1 1 0 1 0 0 1 1 1 0 1 1 0 0 1 1 1 1 1 1 0 1 1 1 0 1 1 0 1 1 1 0 0 1 1 1 1 0 1 1 1 1 1 1 0 1 1 1 1 0 1 0 0 0 1 1 1 0 0 1 1 1 1 1 1 1 1 1 0 0 0 1 0 1 0 0 1 1 0 1 1 1 1 1 1 0 1 0 1 0 1 1 0 0 1 1 1 1 1 1 1 1 0 
0 0 0 1 0 0 0 0 0 0 0 1 0 0 0 0 0 1 1 1 1 0 0 0 1 0 0 0 0 0 0 0 1 0 0 0 0 0 1 0 0 0 0 0 1 0 0 1 0 0 1 1 0 1 1 0 0 1 0 0 0 0 0 0 1 0 0 0 0 1 0 0 0 1 1 0 0 0 0 0 0 1 0 0 0 0 0 0 0 0 1 1 0 1 1 0 1 1 1 0 0 0 0 0 0 0 0 1 0 0 0 0 0 0 0 1 0 0 0 1 0 0 1 1 1 0 0 1 0 0 0 0 0 1 0 0 1 0 1 0 0 0 1 0 1 0 0 1 0 0 0 0 1 1 1 1 1 0 0 0 0 0 1 0 0 1 0 1 0 1 0 0 0 0 0 1 1 1 0 0 0 0 0 1 1 0 1 1 0 0 1 0 1 0 0 1 0 0 0 0 
1 0 1 0 1 1 0 0 0 1 0 0 1 0 1 1 0 0 0 0 0 1 1 0 0 0 0 0 1 1 1 1 0 1 0 0 1 1 0 1 0 0 1 1 0 1 1 0 1 0 0 0 0 0 0 0 1 0 1 0 1 1 1 0 0 1 0 1 1 0 1 1 0 0 0 0 0 0 1 1 0 0 1 1 0 1 0 1 0 0 0 0 1 0 0 1 0 0 0 1 0 0 1 1 1 1 0 0 1 0 0 1 0 0 1 0 0 1 1 0 1 0 0 0 0 0 1 0 1 0 0 0 0 0 1 1 0 0 0 1 0 1 0 0 0 1 1 0 0 0 0 1 0 0 0 0 0 1 0 0 0 1 0 0 1 0 0 0 1 0 0 1 1 1 1 0 0 0 1 1 0 0 0 0 0 0 0 0 0 1 0 0 0 1 1 0 0 1 0 0 
1 1 1 0 1 1 0 1 1 0 1 1 1 0 0 0 0 1 0 0 0 1 1 1 1 1 1 0 0 1 1 1 0 1 1 1 1 1 0 1 0 0 1 0 1 1 1 1 1 1 0 0 1 1 0 1 1 1 1 0 1 1 1 1 1 1 1 1 1 0 1 1 1 0 0 0 1 1 0 1 0 1 1 1 1 1 0 1 1 0 0 0 1 1 0 1 0 1 1 0 1 0 0 1 1 1 0 1 1 0 0 1 1 1 1 1 1 0 1 0 1 0 0 0 0 1 1 1 0 0 1 1 1 1 1 1 0 1 1 1 1 1 1 1 1 1 0 1 1 0 1 0 0 1 0 0 0 1 1 1 1 1 0 1 1 0 0 0 1 0 1 1 1 1 1 0 0 1 1 1 1 1 0 1 0 1 0 1 1 0 0 1 1 1 1 0 1 1 1 0 
0 0 0 1 0 0 0 1 0 0 0 1 0 0 0 0 0 1 0 1 1 0 0 0 1 1 0 0 0 1 0 0 1 0 0 1 0 0 1 0 0 0 0 0 1 0 0 1 0 0 1 1 0 1 1 1 0 1 0 0 0 0 0 1 1 0 1 0 0 1 0 0 0 1 1 0 1 0 0 0 0 1 0 0 1 0 0 0 1 0 1 1 0 1 0 0 1 0 1 0 1 0 0 0 0 0 0 1 0 0 0 0 1 1 0 1 0 0 0 1 0 0 1 1 1 0 0 1 0 0 0 0 0 1 0 0 1 0 1 0 1 0 1 0 1 0 0 1 1 1 0 0 0 1 1 1 1 0 1 0 0 0 1 0 0 1 0 1 0 1 0 0 0 0 0 1 1 1 0 0 1 0 0 1 1 1 1 1 1 0 0 0 1 0 0 1 1 0 0 0 
0 1 0 1 0 0 0 1 1 0 1 1 0 0 0 0 0 1 0 1 1 0 1 0 1 1 1 0 0 1 0 0 1 0 1 1 1 0 1 0 0 0 0 0 1 1 0 1 1 1 1 1 1 1 1 1 0 1 0 0 0 0 0 1 1 1 1 0 1 1 0 1 1 0 1 0 1 1 0 0 0 1 0 0 1 0 0 0 1 0 0 1 0 1 0 0 1 0 1 0 1 0 0 0 1 0 0 1 0 0 0 1 1 1 0 1 1 0 1 1 0 0 1 1 0 1 0 1 0 0 1 1 1 1 0 1 1 1 1 1 1 0 1 0 1 0 0 1 1 1 0 1 1 0 0 0 1 0 1 1 1 1 1 1 1 0 0 1 1 0 1 0 0 0 0 1 1 1 0 0 1 1 0 1 0 1 1 1 1 0 0 1 1 0 0 1 1 0 1 0 
0 0 0 1 0 0 1 0 0 0 0 1 0 1 0 0 1 0 1 1 0 0 0 1 0 0 0 1 0 0 0 0 1 0 0 0 0 0 1 0 0 1 0 0 1 0 0 1 0 0 1 1 0 1 1 0 0 1 0 1 0 0 0 0 1 0 0 0 0 1 0 1 0 1 1 0 0 0 0 0 0 1 0 0 0 0 0 0 0 1 1 1 0 1 1 0 1 1 0 0 0 1 0 0 0 0 1 0 0 1 1 0 0 0 0 1 0 0 0 1 0 0 0 0 1 0 0 0 0 1 0 0 0 0 0 0 1 0 1 0 0 0 0 1 0 0 0 0 0 1 0 0 1 0 0 1 1 0 0 0 0 0 1 0 0 1 0 1 0 1 0 0 0 0 0 1 1 1 0 0 0 0 1 0 1 0 1 0 0 0 1 0 1 0 0 1 0 0 0 0 
0 0 0 1 0 0 1 0 0 0 0 1 0 1 0 0 1 0 1 1 0 0 0 1 0 0 0 1 0 0 0 0 1 0 0 0 0 0 1 0 0 1 0 0 1 0 0 1 0 0 1 1 0 1 1 0 0 1 0 1 0 0 0 0 1 0 0 0 0 1 0 1 0 1 1 0 0 0 0 0 0 1 0 0 0 0 0 0 0 1 1 1 0 1 1 0 1 1 0 0 0 1 0 0 0 0 1 0 0 1 1 0 0 0 0 1 0 0 0 1 0 0 0 0 1 0 0 0 0 0 0 0 0 0 0 0 1 0 1 0 0 0 0 1 0 0 0 0 0 1 0 0 1 0 1 0 1 0 0 0 0 0 1 0 0 1 0 1 0 1 0 0 0 0 0 1 1 1 0 0 0 0 1 0 1 0 1 0 0 0 1 0 1 0 0 1 0 0 0 0 
0 0 0 1 0 0 0 1 0 0 0 1 0 0 0 0 0 1 0 1 1 0 0 0 1 1 0 0 0 1 0 0 1 0 0 1 0 0 1 0 0 0 0 0 1 1 0 1 0 0 1 1 0 1 1 1 0 1 0 0 0 0 0 1 1 1 1 0 0 1 0 1 0 1 1 0 1 1 0 0 0 1 0 0 1 0 0 0 1 0 1 1 0 1 0 0 1 1 1 0 1 0 0 0 1 0 0 1 0 0 0 0 1 1 0 1 1 0 0 1 0 0 1 1 1 0 0 1 0 0 0 0 0 1 0 0 1 0 1 0 1 0 1 0 1 0 0 1 1 1 0 0 1 1 1 1 0 0 1 0 0 0 1 0 0 1 0 1 0 1 0 0 0 0 0 1 1 1 0 0 1 0 0 1 1 1 1 1 1 0 0 0 1 0 0 1 1 0 0 0 
1 0 1 0 1 1 0 1 0 1 0 0 1 1 1 1 0 0 0 0 0 1 0 1 0 0 0 0 1 1 1 1 0 1 0 0 1 1 0 1 0 0 1 1 0 1 1 0 1 0 0 0 0 0 0 0 1 0 1 0 1 1 1 0 0 1 0 1 0 0 1 1 0 0 0 0 0 0 1 1 1 1 1 1 0 1 1 1 0 0 0 0 1 0 0 1 0 1 0 1 0 1 1 1 1 0 1 0 1 0 0 1 0 0 1 0 0 1 1 0 1 1 0 0 0 0 1 1 1 1 0 0 0 1 1 1 0 0 0 1 0 1 0 1 0 1 1 0 1 0 1 1 0 0 0 0 0 0 0 0 0 1 0 0 1 0 0 0 1 0 0 1 1 1 1 0 0 0 1 1 0 0 0 0 0 0 0 1 0 1 0 0 0 1 1 0 0 1 0 1 
0 1 0 0 0 0 0 1 1 0 1 1 0 0 0 0 0 1 0 0 1 0 1 0 1 1 1 0 0 1 0 0 0 0 1 1 1 0 0 0 0 0 0 0 1 1 0 1 1 1 1 0 1 1 0 1 0 1 0 0 0 0 0 1 0 1 1 0 1 1 0 0 1 0 0 0 1 1 0 1 0 0 0 0 1 0 0 0 1 0 0 0 0 0 0 0 0 0 1 0 1 0 0 0 0 1 0 1 0 0 0 0 1 1 0 1 1 0 0 0 0 0 1 1 0 1 1 1 0 0 1 1 1 1 0 1 0 1 1 1 1 0 1 0 1 0 0 1 1 0 0 1 1 1 0 0 1 0 0 1 1 1 0 1 1 0 0 0 1 0 1 0 0 0 0 0 1 1 0 0 1 1 0 1 0 1 0 1 1 0 0 1 1 0 0 1 1 0 1 0 
0 1 0 0 0 0 0 1 1 0 1 1 0 0 0 0 0 1 0 0 1 0 1 0 1 1 1 0 0 1 0 0 0 0 1 1 1 0 0 1 0 0 1 0 1 1 1 0 1 1 0 0 1 0 0 1 0 0 1 0 0 0 0 1 0 1 1 0 1 0 0 0 1 0 0 0 1 1 0 1 0 0 0 0 1 0 0 0 1 0 0 0 0 0 0 0 0 0 1 0 1 0 0 0 0 1 0 1 0 0 0 1 1 1 1 1 1 0 0 0 0 0 1 1 0 1 1 1 0 0 1 1 1 1 0 1 0 1 1 1 1 0 1 0 1 0 0 1 1 0 0 1 0 1 0 0 0 0 1 0 1 1 0 1 1 0 0 0 1 0 1 0 0 1 0 0 0 1 0 0 1 1 0 1 0 1 0 1 1 0 0 1 1 0 0 0 1 1 1 0 
0 1 0 0 0 0 0 1 1 0 1 1 0 0 0 0 0 1 0 0 1 0 1 0 1 1 1 0 0 1 0 0 0 0 1 1 1 0 0 0 0 0 0 0 1 0 0 0 0 1 0 0 1 0 0 1 0 0 0 0 0 0 0 1 0 0 1 0 1 0 0 0 1 0 0 0 1 1 0 0 0 0 0 0 1 0 0 0 1 0 0 0 0 0 0 0 0 0 1 0 1 0 0 0 0 1 0 1 0 0 0 0 1 1 0 1 1 0 0 0 0 0 1 1 0 1 1 0 0 0 1 1 1 1 0 1 0 1 1 1 1 0 1 0 1 0 0 1 1 0 0 1 0 1 0 0 0 0 1 1 0 1 0 1 0 0 0 0 1 0 1 0 0 0 0 0 0 1 0 0 1 1 0 1 0 1 0 1 1 0 0 1 1 0 0 0 1 0 1 0 
0 1 1 0 1 1 0 1 1 0 1 1 1 0 0 0 0 1 0 0 1 1 1 0 1 1 1 0 0 1 0 0 0 0 1 1 1 1 0 1 0 0 1 0 1 1 1 1 1 1 1 0 1 1 0 1 1 1 1 0 0 1 1 1 1 1 1 1 1 0 1 1 1 0 0 0 1 1 0 1 0 0 1 1 1 1 0 1 1 0 0 0 1 1 0 0 0 0 1 0 1 0 0 1 1 1 0 1 1 0 0 1 1 1 1 1 1 0 1 0 1 0 1 1 0 1 1 1 0 0 1 1 1 1 1 1 0 1 1 1 1 1 1 0 1 0 0 1 1 0 1 1 0 1 0 0 0 1 1 1 1 0 0 1 1 0 0 0 1 0 1 0 1 1 1 0 1 1 0 1 1 1 0 1 0 1 0 1 1 0 0 1 1 1 0 0 1 1 1 0 
0 0 0 1 0 0 0 0 0 0 0 1 0 1 0 0 1 0 1 1 1 0 0 1 1 0 0 0 0 0 0 0 1 0 0 0 0 0 1 0 0 0 0 0 1 0 0 1 0 0 1 1 0 1 1 0 0 1 0 1 0 0 0 0 1 0 0 0 0 1 0 1 0 1 1 0 0 0 0 0 0 1 0 0 0 0 0 0 0 1 1 1 0 1 1 0 1 1 0 0 0 0 0 0 1 0 0 0 0 0 0 0 0 0 0 1 0 0 0 1 0 0 1 1 1 0 0 1 0 0 0 0 0 1 0 0 1 0 1 0 0 0 1 1 1 0 0 1 1 1 0 0 1 1 1 1 1 0 0 0 0 0 0 0 0 1 0 1 0 1 0 0 0 0 0 1 1 1 0 0 0 0 1 0 1 0 1 1 0 0 1 0 1 0 0 1 0 0 0 0 
0 1 0 0 0 0 0 1 1 0 1 1 0 0 0 0 0 1 0 0 1 1 1 0 1 1 1 0 0 1 0 0 0 0 1 1 1 0 0 1 0 0 1 0 0 1 1 0 1 1 0 0 1 0 0 1 0 0 1 0 0 0 0 1 0 1 1 1 1 0 0 0 1 0 0 0 1 1 0 1 0 0 0 0 1 1 0 0 1 0 0 0 0 0 0 0 0 0 1 0 1 0 0 1 1 1 0 1 1 0 0 1 1 1 1 1 1 0 1 0 0 0 1 0 0 1 1 1 0 0 1 1 1 1 0 1 0 1 1 1 1 0 1 0 1 0 0 1 1 0 0 1 0 1 0 0 0 0 1 1 1 1 0 0 1 0 0 0 1 0 1 0 0 1 1 0 0 1 0 0 1 1 0 1 0 1 0 1 1 0 0 1 1 1 0 0 1 1 1 0 
1 1 1 1 1 1 0 1 0 1 1 1 1 0 1 1 0 1 0 0 0 1 1 1 1 1 1 0 0 1 1 1 0 1 1 1 1 1 0 1 0 0 1 0 0 1 1 1 1 1 0 1 1 1 0 1 1 1 1 0 1 1 1 1 0 1 1 1 1 0 1 1 1 0 0 0 1 1 0 1 0 1 1 1 1 1 0 1 1 0 0 0 1 1 0 1 0 1 1 1 1 0 1 1 1 1 0 1 1 0 0 1 0 1 1 1 1 1 1 0 1 0 0 0 0 1 1 1 0 0 1 0 0 1 1 1 0 1 0 1 1 1 0 1 1 1 1 1 1 0 1 1 0 1 0 0 0 1 1 1 0 1 0 1 0 0 0 0 1 0 1 1 1 1 1 0 0 1 1 1 1 1 0 0 0 1 0 1 0 1 0 1 1 1 1 0 1 1 0 0 
0 0 0 1 0 0 1 0 0 0 0 1 0 1 0 0 1 0 1 1 0 0 0 1 0 0 0 1 0 0 0 0 1 0 0 0 0 0 1 0 0 1 0 0 1 0 0 1 0 0 1 1 0 1 1 0 0 1 0 1 0 0 0 0 1 0 0 0 0 1 0 1 0 1 1 0 0 0 0 0 0 1 0 0 0 0 0 0 0 1 1 1 0 1 1 0 1 1 0 0 0 1 0 0 1 0 1 0 0 1 1 0 0 0 0 1 0 0 0 1 0 0 0 0 1 0 0 0 0 1 0 0 0 0 0 0 1 0 1 0 0 0 0 1 0 0 0 1 0 1 0 0 1 0 1 1 1 0 0 0 0 0 1 0 0 0 0 1 0 1 0 0 0 0 0 1 1 1 0 0 0 0 1 0 1 0 1 0 0 0 1 0 1 0 0 1 0 0 0 0 
0 0 0 0 0 0 1 0 0 1 0 0 0 1 0 1 1 0 1 0 0 0 0 1 0 0 0 1 1 0 0 0 0 1 0 0 0 1 0 0 1 1 0 1 0 0 0 0 0 0 0 0 0 0 0 0 0 0 0 1 0 0 0 0 0 0 0 0 0 0 0 0 0 0 0 1 0 0 1 0 1 1 0 0 0 0 1 0 0 1 1 0 0 0 1 0 0 1 0 1 0 1 0 0 0 0 1 0 0 1 1 0 0 0 0 0 0 0 0 0 1 1 0 0 0 0 0 0 1 1 0 0 0 0 0 0 0 0 0 0 0 0 0 1 0 1 0 0 0 0 0 0 0 0 0 0 0 0 0 0 0 0 0 0 0 0 0 0 0 0 0 1 0 0 0 0 0 0 1 0 0 0 1 0 0 0 0 0 0 1 1 0 0 0 0 0 0 0 0 1 
0 0 0 1 0 0 0 0 0 0 0 1 0 1 0 0 0 0 1 1 1 0 0 0 1 0 0 0 0 0 0 0 1 0 0 0 0 0 1 0 0 0 0 0 1 0 0 1 0 0 1 1 0 1 1 0 0 1 0 0 0 0 0 0 1 0 0 0 0 1 0 0 0 1 1 0 0 0 0 0 0 1 0 0 0 0 0 0 0 0 1 1 0 1 1 0 1 1 0 0 0 0 0 0 0 0 0 0 0 0 0 0 0 0 0 1 0 0 0 1 0 0 1 1 1 0 0 0 0 0 0 0 0 1 0 0 1 0 1 0 0 0 1 0 1 0 0 1 0 1 0 0 1 1 1 1 1 0 0 0 0 0 1 0 0 1 0 0 0 1 0 0 0 0 0 1 1 1 0 0 0 0 0 0 1 0 1 1 0 0 1 0 1 0 0 1 0 0 0 0 
1 1 1 0 1 1 0 1 1 0 1 1 1 0 0 0 0 1 0 0 0 1 1 0 1 1 1 0 0 1 1 1 0 0 1 1 1 1 0 1 0 0 1 0 0 1 1 1 1 1 0 0 1 0 0 1 1 1 1 0 0 1 1 1 0 1 1 1 1 0 1 1 1 0 0 0 1 1 0 1 0 0 1 1 1 1 0 1 1 0 0 0 1 0 0 0 0 0 1 0 1 0 0 1 1 1 0 1 1 0 0 1 1 1 1 1 1 1 1 0 1 0 0 0 0 1 1 1 0 0 1 1 1 1 1 1 0 1 0 1 1 1 0 0 1 0 0 1 1 0 1 1 0 1 0 0 0 1 1 1 1 1 0 1 1 0 0 0 0 0 1 0 1 1 1 0 0 1 0 1 1 1 0 0 0 1 0 1 1 0 0 1 1 1 0 0 1 1 1 0 
0 0 0 1 0 0 0 0 0 0 0 1 0 0 0 0 0 0 0 1 0 0 0 0 0 0 0 0 0 0 0 0 1 0 0 0 0 0 1 0 0 0 0 0 1 0 0 1 0 0 1 1 0 1 1 0 0 0 0 0 0 0 0 0 1 0 0 0 0 1 0 0 0 1 1 0 0 0 0 0 0 0 0 0 0 0 0 0 0 0 1 1 0 1 0 0 1 0 0 0 0 0 0 0 0 0 0 0 0 0 0 0 0 0 0 1 0 0 0 1 0 0 0 1 1 0 0 0 0 0 0 0 0 0 0 0 1 0 1 0 0 0 1 0 0 0 0 0 0 1 0 0 1 0 1 1 1 0 0 0 0 0 1 0 0 1 0 1 0 0 0 0 0 0 0 1 1 0 0 0 0 0 0 0 1 0 1 0 0 0 1 0 0 0 0 1 0 0 0 0 
0 1 0 0 0 0 0 1 1 0 1 1 0 0 0 0 0 1 0 0 1 0 1 0 1 1 1 0 0 1 0 0 0 0 1 1 1 0 0 1 0 0 1 0 0 1 1 0 1 1 0 0 1 0 0 1 0 0 1 0 0 0 0 1 0 1 1 1 1 0 0 0 1 0 0 0 1 1 0 1 0 0 0 0 1 0 0 0 1 0 0 0 0 0 0 0 0 0 1 0 1 0 0 1 0 1 0 1 0 0 0 1 1 1 1 1 1 0 0 0 0 0 1 0 0 1 1 1 0 0 1 1 1 1 0 1 0 1 1 1 1 0 1 0 1 0 0 1 1 0 0 1 0 1 0 0 0 0 1 1 1 1 0 1 1 0 0 0 1 0 0 0 0 1 1 0 0 1 0 0 1 1 0 1 0 1 0 1 1 0 0 1 1 0 0 0 1 1 1 0 
0 0 1 0 1 1 1 0 0 1 0 0 1 1 1 1 1 0 1 0 0 1 0 1 0 0 0 1 1 1 1 1 0 1 0 0 0 1 0 1 1 1 1 1 0 1 0 0 1 0 0 0 0 0 0 0 0 0 1 1 1 1 1 0 0 1 0 0 0 0 1 1 0 0 0 1 0 0 1 1 1 1 1 1 0 1 1 1 0 1 0 0 1 0 1 1 0 1 0 1 0 1 1 1 1 0 1 0 1 1 1 1 0 0 1 0 0 1 1 0 1 1 0 0 0 0 0 1 1 1 0 0 0 0 1 0 0 0 0 0 0 1 0 1 0 1 1 0 0 0 1 1 0 0 0 0 0 1 0 0 0 0 0 0 1 0 1 0 0 0 0 0 1 1 1 0 0 0 1 1 0 0 1 0 0 0 0 0 0 1 0 0 0 1 1 0 0 1 0 1 
1 0 1 0 1 1 0 0 0 0 1 0 1 0 1 0 0 0 0 0 0 1 1 0 0 0 0 0 0 0 1 1 0 1 0 0 1 1 0 1 0 0 1 0 0 0 1 0 1 0 0 0 0 0 0 0 1 0 1 0 1 1 1 0 0 0 0 1 1 0 1 0 0 0 0 0 0 0 0 1 0 0 1 1 0 1 0 1 0 0 0 0 1 0 0 1 0 0 0 0 0 0 1 1 0 1 0 0 1 0 0 1 0 0 1 0 0 1 0 0 1 0 0 0 0 0 1 0 0 0 0 0 0 0 1 1 0 0 0 1 0 1 0 0 0 1 1 0 0 0 1 1 0 0 0 0 0 1 0 0 0 1 0 0 1 0 0 0 1 0 0 1 0 1 1 0 0 0 1 1 0 0 0 0 0 0 0 0 0 1 0 0 0 1 1 0 0 1 0 0 
1 1 1 0 1 1 0 1 0 0 1 0 1 0 1 0 0 1 0 0 0 1 1 0 0 1 1 0 0 1 1 1 0 1 1 1 1 1 0 1 0 0 1 0 0 1 1 0 1 1 0 0 1 0 0 1 1 0 1 0 1 1 1 1 0 1 1 1 1 0 1 1 1 0 0 0 1 1 0 1 0 0 1 1 1 1 0 1 1 0 0 0 1 0 0 1 0 0 1 0 1 0 1 1 1 1 0 1 1 0 0 1 0 0 1 0 1 1 1 0 1 0 0 0 0 1 1 1 0 0 1 0 0 1 1 1 0 1 0 1 1 1 0 0 1 1 1 0 1 0 1 1 0 0 0 0 0 1 0 1 0 1 0 1 1 0 0 0 1 0 1 1 1 0 1 0 0 0 1 1 0 1 0 0 0 1 0 1 0 0 0 0 0 1 1 0 1 1 0 0 
1 0 1 0 1 1 0 1 0 0 1 0 1 0 1 0 0 1 0 0 0 1 1 0 0 1 1 0 0 1 1 1 0 1 1 0 1 1 0 1 0 0 1 0 0 1 1 0 1 1 0 0 1 0 0 1 1 0 1 0 1 1 1 0 0 1 1 1 1 0 1 1 1 0 0 0 1 1 0 1 0 0 1 1 1 1 0 1 0 0 0 0 1 0 0 1 0 0 0 0 0 0 1 1 1 1 0 0 1 0 0 1 0 0 1 0 1 1 1 0 1 0 0 0 0 0 1 1 0 0 1 0 0 1 1 1 0 1 0 1 1 1 0 0 0 1 1 0 1 0 1 1 0 0 0 0 0 1 0 0 0 1 0 1 1 0 0 0 1 0 1 1 1 1 0 0 0 0 0 1 0 1 0 0 0 0 0 1 0 1 0 0 0 1 1 0 1 1 0 0 
0 0 0 1 0 0 0 0 0 0 0 1 0 1 0 0 0 0 1 1 1 0 0 1 1 0 0 0 0 0 0 0 1 0 0 0 0 0 1 0 0 0 0 0 1 0 0 1 0 0 1 1 0 1 1 0 0 1 0 0 0 0 0 0 1 0 0 0 0 1 0 0 0 1 1 0 0 0 0 0 0 1 0 0 0 0 0 0 0 0 1 1 0 1 1 0 1 1 0 0 0 0 0 0 0 0 0 0 0 0 0 0 0 0 0 1 0 0 0 1 0 0 1 1 1 0 0 0 0 0 0 0 0 1 0 0 1 0 1 0 0 0 1 0 1 0 0 1 0 1 0 0 1 1 1 1 1 0 0 0 0 0 1 0 0 1 0 1 0 1 0 0 0 0 0 0 1 1 0 0 0 0 0 0 1 0 1 1 0 0 1 0 1 0 0 1 0 0 0 0 
0 0 0 1 0 0 0 1 0 0 0 1 0 1 0 0 1 1 1 1 1 0 0 1 1 1 0 0 0 1 0 0 1 0 0 0 0 0 1 0 0 0 0 0 1 1 0 1 0 0 1 1 0 1 1 1 0 1 0 0 0 0 0 0 1 1 1 0 0 1 0 1 0 1 1 0 1 1 0 0 0 1 0 0 1 0 0 0 1 0 1 1 0 1 1 0 1 1 1 0 1 0 0 0 1 0 0 1 0 0 0 0 0 0 0 1 1 0 1 1 0 0 1 1 1 0 0 1 0 0 0 0 0 1 0 0 1 0 1 0 1 0 1 1 1 0 0 1 1 1 0 0 1 1 1 1 1 0 1 0 0 1 1 0 0 1 0 1 0 1 0 0 0 0 0 1 0 1 0 0 1 0 1 1 1 0 1 1 0 0 1 0 1 0 0 1 1 0 0 0 
0 1 0 1 0 0 0 1 0 0 1 1 0 1 0 0 0 1 1 1 1 0 1 1 1 1 1 0 0 1 0 0 1 0 1 1 1 1 1 1 0 0 0 0 1 1 0 1 1 1 1 1 1 1 1 1 0 1 1 0 0 0 0 1 1 1 1 0 1 1 1 1 1 1 1 0 1 1 0 1 0 1 0 0 1 0 0 1 1 0 1 1 0 1 1 0 1 1 1 0 1 0 0 1 1 0 0 1 0 0 0 1 1 1 1 1 1 0 1 1 1 0 1 1 0 1 1 1 0 0 0 0 0 1 0 1 1 1 1 1 1 0 1 1 1 0 0 1 1 1 0 1 1 1 1 1 1 0 1 1 1 1 1 1 1 1 0 1 1 0 1 0 0 0 0 1 1 0 0 0 1 1 0 1 1 1 1 1 1 0 1 1 1 0 0 1 1 1 1 0 
0 0 1 1 1 1 1 1 0 1 0 0 1 1 1 1 1 0 1 0 0 1 0 1 0 0 0 1 1 1 1 1 0 1 0 0 1 1 0 1 1 1 1 1 0 1 0 1 1 0 0 1 0 1 0 0 0 1 1 1 1 1 1 0 1 1 0 0 0 0 1 1 0 0 0 1 1 0 1 1 1 1 1 1 0 0 1 1 0 1 1 0 1 1 1 1 0 1 0 1 0 1 0 1 1 0 1 0 1 1 1 1 0 0 1 0 0 1 1 0 1 1 0 0 0 0 0 1 1 1 0 0 0 1 1 0 1 0 0 0 0 1 0 1 0 1 1 0 1 0 1 1 0 0 0 0 0 1 0 0 0 0 0 0 1 0 1 0 0 0 0 1 1 1 0 0 0 0 0 1 0 0 1 0 0 0 0 1 0 1 0 0 0 1 1 0 0 1 0 1 
1 0 1 1 1 1 1 1 0 1 0 0 1 1 1 1 1 1 1 0 0 1 1 1 0 1 0 1 1 1 1 1 0 1 0 0 1 1 0 1 0 1 1 1 0 1 1 1 1 0 0 1 0 0 0 0 1 1 1 1 1 1 1 0 0 1 1 1 0 0 1 1 0 0 0 1 1 0 1 1 1 1 1 1 0 1 1 1 0 1 0 0 1 1 1 1 0 1 0 1 0 1 1 1 1 0 1 0 1 0 1 1 0 0 1 0 0 1 1 0 1 1 0 0 0 0 0 1 1 1 0 0 0 1 1 1 1 0 0 1 1 1 0 1 0 1 1 0 1 0 1 1 0 0 0 0 0 1 0 0 0 1 0 0 1 0 0 0 1 0 0 1 1 1 1 0 0 0 1 0 0 0 1 0 0 0 0 1 0 1 0 0 0 1 1 0 1 1 0 1 
0 1 0 0 0 0 0 1 1 0 1 1 0 0 0 0 0 1 0 0 1 0 1 0 1 1 1 0 0 1 0 0 0 0 1 1 1 0 0 0 0 0 0 0 1 1 0 1 1 1 1 0 1 1 0 1 0 1 0 0 0 0 0 1 1 1 1 0 1 1 0 0 1 0 0 0 1 1 0 1 0 0 0 0 1 0 0 0 1 0 0 0 0 0 0 0 0 0 1 0 1 0 0 0 1 1 0 1 0 0 0 1 1 1 0 1 1 0 0 0 0 0 1 1 0 1 1 1 0 0 1 1 1 1 0 1 0 1 1 1 1 0 1 0 1 0 0 1 1 0 0 1 1 1 0 0 1 0 1 1 1 1 0 1 1 0 0 0 1 0 1 0 0 0 0 0 1 1 0 0 0 1 0 1 0 1 0 1 1 0 0 1 1 0 0 1 1 0 1 0 
0 1 1 0 1 0 0 1 1 0 1 1 0 0 0 0 0 1 0 0 1 1 1 0 1 1 1 0 0 1 0 0 0 0 1 1 1 0 0 1 0 0 1 0 1 1 1 1 1 1 0 0 1 0 0 1 1 1 1 0 0 1 0 1 0 1 1 1 1 0 1 1 1 0 0 0 1 1 0 1 0 0 0 0 1 1 0 1 1 0 0 0 0 0 0 0 0 0 1 0 1 0 0 1 1 1 0 1 1 0 0 1 1 1 1 1 1 0 1 0 0 0 1 1 0 1 1 1 0 0 1 1 1 1 0 1 0 1 1 1 1 1 1 0 1 0 0 1 1 0 0 1 0 1 0 0 0 0 1 1 1 1 0 1 1 0 0 0 1 0 1 0 0 1 1 0 0 1 0 0 1 0 0 1 0 1 0 1 1 0 0 1 1 1 0 0 1 1 1 0 
0 0 0 1 0 1 1 0 0 1 0 0 1 1 0 1 1 0 1 0 0 0 0 1 0 0 0 1 1 0 0 0 1 1 0 0 0 1 0 0 1 1 0 1 0 1 0 1 0 0 1 1 0 1 0 0 0 1 0 1 0 0 0 0 1 1 0 0 0 0 0 1 0 1 1 1 0 0 1 0 1 1 0 1 0 0 1 0 0 1 1 1 1 1 1 0 1 1 0 1 0 1 0 0 1 0 1 0 0 1 1 0 0 0 0 0 0 0 1 1 1 1 0 0 0 0 0 1 1 1 0 0 0 0 0 0 1 0 0 0 0 0 0 1 0 1 1 0 0 0 0 0 0 0 1 1 0 0 0 0 0 0 1 0 0 1 1 0 0 0 0 1 0 0 0 0 1 0 1 1 0 0 0 0 1 0 0 0 0 1 1 0 0 0 1 0 0 0 0 1 
0 1 0 0 0 0 0 1 1 0 1 1 0 0 0 0 0 1 0 1 1 0 1 0 1 1 1 0 0 1 0 0 1 0 1 1 0 0 0 0 0 0 0 0 1 0 0 1 0 1 1 0 1 1 1 1 0 1 0 0 0 0 0 1 1 0 1 0 0 1 0 0 1 0 0 0 1 1 0 0 0 0 0 0 1 0 0 0 1 0 0 0 0 0 0 0 0 0 1 0 1 0 0 0 0 0 0 1 0 0 0 0 1 1 0 1 1 0 0 1 0 0 1 1 0 1 0 1 0 0 1 1 1 1 0 0 0 1 1 0 1 0 1 0 1 0 0 1 1 1 0 1 1 1 0 0 1 0 1 1 1 1 0 1 0 0 0 0 0 0 1 0 0 0 0 0 1 1 0 0 1 1 0 0 0 1 0 1 1 0 0 1 1 0 0 1 1 0 1 0 
0 0 0 1 0 0 1 0 0 0 0 1 0 1 0 0 1 0 1 1 0 0 0 1 0 0 0 1 0 0 0 0 1 0 0 0 0 0 1 0 0 1 0 0 1 0 0 1 0 0 1 1 0 1 1 0 0 1 0 1 0 0 0 0 1 0 0 0 0 1 0 1 0 1 1 0 0 0 0 0 0 1 0 0 0 0 0 0 0 1 1 1 0 1 1 0 1 1 0 1 0 1 0 0 1 0 1 0 0 1 1 0 0 0 0 1 0 0 1 1 0 0 0 0 1 0 0 1 0 1 0 0 0 1 0 0 1 0 1 0 0 0 0 1 0 0 0 1 0 1 0 0 1 0 1 1 1 0 0 0 0 0 1 0 0 1 0 1 0 1 0 0 0 0 0 1 1 1 0 0 0 0 1 0 0 0 1 0 0 0 1 0 1 0 0 1 0 0 0 0 
0 1 0 0 0 0 0 1 1 0 1 1 0 0 0 0 0 1 0 0 1 0 1 0 1 1 1 0 0 1 0 0 0 0 1 1 1 0 0 1 0 0 0 0 1 1 1 1 1 1 0 0 1 0 0 1 0 1 1 0 0 0 0 1 0 1 1 0 1 0 0 0 1 0 0 0 1 1 0 1 0 0 0 0 1 0 0 0 1 0 0 0 0 0 0 0 0 0 1 0 1 0 0 0 1 1 0 1 0 0 0 1 1 1 1 1 1 0 0 0 0 0 1 1 0 1 1 1 0 0 1 1 1 1 0 1 0 1 1 1 1 0 1 0 1 0 0 1 1 0 0 1 1 1 0 0 1 0 1 1 1 1 0 1 1 0 0 0 1 0 1 0 0 1 0 0 0 1 0 0 1 1 0 1 0 0 0 1 1 0 0 1 1 0 0 0 1 1 1 0 
0 0 0 1 0 0 0 0 0 0 0 1 0 0 0 0 0 0 1 1 1 0 0 0 0 0 0 0 0 0 0 0 1 0 0 0 0 0 1 0 0 0 0 0 1 0 0 1 0 0 1 1 0 1 1 0 0 1 0 0 0 0 0 0 1 0 0 0 0 1 0 0 0 1 1 0 0 0 0 0 0 1 0 0 0 0 0 0 0 0 1 1 0 1 0 0 1 0 0 0 0 0 0 0 0 0 0 0 0 0 0 0 0 0 0 1 0 0 0 1 0 0 0 1 1 0 0 0 0 0 0 0 0 0 0 0 1 0 1 0 0 0 1 0 0 0 0 1 0 1 0 0 1 1 1 1 1 0 0 0 0 0 1 0 0 1 0 1 0 1 0 0 0 0 0 1 1 1 0 0 0 0 0 0 1 0 0 0 0 0 1 0 1 0 0 1 0 0 0 0 
0 1 1 1 0 1 0 1 1 1 1 1 1 1 0 0 0 1 1 1 1 1 1 1 1 1 1 0 0 1 0 0 1 1 1 1 1 1 0 1 0 0 1 0 1 1 1 1 1 1 1 1 1 1 1 1 0 1 1 0 0 1 1 1 1 1 1 0 1 1 1 1 1 0 1 0 1 1 0 1 0 1 0 1 1 0 0 1 1 0 1 1 1 1 1 0 1 1 1 1 1 0 0 1 1 1 0 1 1 0 0 1 1 1 1 1 1 0 1 1 1 0 1 1 0 1 1 1 0 0 1 0 0 1 0 1 1 1 1 1 1 0 1 1 1 1 0 1 1 1 0 1 1 1 0 0 1 1 1 1 1 1 1 1 1 0 0 1 1 0 1 0 0 1 1 1 1 1 1 1 1 1 0 1 0 1 0 0 1 0 0 1 1 0 1 1 1 1 1 0 
0 1 0 0 0 0 0 1 1 0 1 1 0 0 0 0 0 1 0 0 1 0 1 0 1 1 1 0 0 1 0 0 0 0 1 1 1 0 0 0 0 0 0 0 1 0 0 1 0 1 0 0 1 0 0 1 0 0 0 0 0 0 0 1 0 0 1 0 1 1 0 0 1 0 0 0 1 1 0 1 0 0 0 0 1 0 0 0 1 0 0 0 0 0 0 0 0 0 1 0 1 0 0 0 0 1 0 1 0 0 0 0 1 1 0 1 1 0 0 0 0 0 1 1 0 1 1 1 0 0 1 1 1 1 0 1 0 1 1 1 1 0 1 0 1 0 0 1 1 0 0 1 1 1 0 0 1 0 1 1 1 1 0 1 0 0 0 0 1 0 1 0 0 0 0 0 0 1 0 0 1 1 0 1 0 1 0 1 0 0 0 1 1 0 0 1 1 0 1 0 
1 0 1 0 1 1 0 0 0 1 0 0 1 1 1 1 0 0 0 0 0 1 0 1 0 0 0 0 1 0 1 1 0 1 0 0 0 1 0 1 0 0 1 1 0 1 0 0 1 0 0 0 0 0 0 0 1 0 0 0 1 1 1 0 0 1 0 0 0 0 1 1 0 0 0 1 0 0 1 0 1 0 1 1 0 1 1 1 0 0 0 0 1 0 0 1 0 1 0 1 0 1 1 1 1 0 1 0 1 0 1 1 0 0 1 0 0 1 1 0 1 1 0 0 0 0 0 0 1 1 0 0 0 0 1 0 0 0 0 0 0 1 0 1 0 1 1 0 0 0 1 0 0 0 0 0 0 1 0 0 0 0 0 0 1 0 1 0 0 0 0 1 1 0 1 0 0 0 1 1 0 0 1 0 0 0 0 0 0 0 0 0 0 1 1 0 0 1 0 1 
0 0 0 1 0 0 1 0 0 0 0 0 0 1 0 0 1 0 1 1 0 0 0 1 0 0 0 1 0 0 0 0 1 0 0 0 0 0 1 0 1 1 0 0 1 0 0 1 0 0 1 1 0 1 1 0 0 1 0 1 0 0 0 0 1 0 0 0 0 1 0 1 0 1 1 0 0 0 0 0 0 1 0 0 0 0 0 0 0 1 1 1 0 1 1 0 1 1 0 1 0 1 0 0 1 0 1 0 0 1 1 0 0 0 0 0 0 0 0 1 0 0 0 0 1 0 0 0 0 1 0 0 0 0 0 0 1 0 0 0 0 0 0 1 0 0 0 0 0 1 0 0 0 0 1 1 0 0 0 0 0 0 1 0 0 1 1 1 0 1 0 0 0 0 0 1 1 1 0 0 0 0 1 0 1 0 1 0 0 0 0 0 1 0 0 1 0 0 0 1 
0 1 0 0 0 0 0 1 1 0 1 1 0 0 0 0 0 1 0 0 1 0 1 0 1 1 1 0 0 1 0 0 0 0 1 1 1 0 0 0 0 0 0 0 0 0 1 0 0 1 0 0 1 0 0 1 0 0 1 0 0 0 0 1 0 0 1 0 1 0 0 0 1 0 0 0 1 1 0 1 0 0 0 0 1 0 0 0 1 0 0 0 0 0 0 0 0 0 1 0 1 0 0 0 0 1 0 1 0 0 0 0 1 1 0 1 1 0 0 0 0 0 1 1 0 1 1 1 0 0 1 1 1 1 0 1 0 1 1 1 1 0 1 0 1 0 0 1 1 0 0 1 0 1 0 0 0 0 1 1 1 1 0 1 1 0 0 0 1 0 1 0 0 0 0 0 0 1 0 0 1 1 0 1 0 1 0 1 1 0 0 0 1 0 0 0 1 1 1 0 
0 1 0 1 0 0 0 1 1 0 1 1 0 1 0 0 0 1 1 1 1 0 1 1 1 1 1 0 0 1 0 0 1 0 1 1 1 1 1 1 0 0 0 0 1 1 0 1 1 1 1 1 1 1 1 1 0 1 1 0 0 0 0 1 1 1 1 0 1 1 1 1 1 1 1 0 1 1 0 1 0 1 0 0 1 0 0 1 1 0 1 1 0 1 1 0 1 1 1 0 1 0 0 1 1 0 0 1 0 0 0 1 1 1 1 1 1 0 1 1 1 0 1 1 0 1 1 1 0 0 1 0 0 1 0 1 1 1 1 1 1 0 1 1 1 0 0 1 1 1 0 1 1 1 1 1 1 0 1 1 1 1 1 1 1 1 0 1 1 0 1 0 0 0 0 1 1 1 0 0 1 1 0 1 1 1 1 1 1 0 1 1 0 0 0 1 1 1 1 0 
1 0 1 0 1 1 0 1 0 0 1 0 1 0 1 0 0 0 0 0 0 1 1 0 0 0 0 0 0 1 1 1 0 1 1 0 1 1 0 1 0 0 1 0 0 1 1 0 1 0 0 0 1 0 0 0 1 0 1 0 1 1 1 0 0 1 1 1 1 0 1 0 0 0 0 0 1 1 0 1 0 0 1 1 0 1 0 1 0 0 0 0 1 0 0 1 0 0 0 0 0 0 1 1 1 1 0 0 1 0 0 1 0 0 1 0 1 1 1 0 1 0 0 0 0 0 1 1 0 0 0 0 0 0 1 1 0 1 0 1 1 1 0 0 0 1 1 0 1 0 1 1 0 0 0 0 0 1 0 0 0 1 0 1 1 0 0 0 1 0 0 1 1 1 1 0 0 0 1 1 0 1 0 0 0 0 0 0 0 1 0 0 0 0 1 0 0 1 0 0 
1 0 1 1 1 1 1 1 0 1 0 0 1 1 1 1 1 0 1 0 0 1 0 1 0 0 0 1 1 1 1 1 0 1 0 0 1 1 0 1 0 1 1 1 0 1 1 0 1 0 0 1 0 0 0 0 1 1 1 1 1 1 1 0 0 1 0 1 0 0 1 1 0 0 0 1 1 0 1 1 1 1 1 1 0 1 1 1 0 1 0 0 1 1 1 1 0 1 0 1 0 1 1 1 1 0 1 0 1 0 1 1 0 0 1 0 0 1 1 0 1 1 0 0 0 0 0 1 1 1 0 0 0 1 1 0 1 0 0 0 0 1 0 1 0 1 1 0 1 0 1 1 0 0 0 0 0 1 0 0 0 0 0 0 1 0 0 0 0 0 0 1 1 1 1 0 0 0 1 1 0 0 1 0 0 0 0 1 0 1 0 0 0 1 0 0 0 1 0 1 
0 0 0 1 0 0 0 1 0 0 0 1 0 0 0 0 0 1 0 1 1 0 0 0 1 1 0 0 0 1 0 0 1 0 0 0 0 0 1 0 0 0 0 0 1 0 0 1 0 0 1 1 0 1 1 1 0 1 0 0 0 0 0 0 1 0 1 0 0 1 0 1 0 1 1 0 1 0 0 0 0 1 0 0 1 0 0 0 1 0 1 1 0 1 0 0 1 1 1 0 1 0 0 0 1 0 0 1 0 0 0 0 1 0 0 1 0 0 0 1 0 0 1 1 1 0 0 1 0 0 0 0 0 1 0 0 1 0 1 0 1 0 1 0 1 0 0 1 1 1 0 0 1 1 1 1 1 0 1 0 0 0 1 0 0 1 0 1 0 1 0 0 0 0 0 1 1 1 0 0 1 0 0 1 1 0 1 1 1 0 1 0 1 0 0 0 1 0 0 0 
0 1 0 1 0 1 0 1 1 0 1 1 1 1 0 0 0 1 0 0 1 1 1 1 1 1 1 0 0 1 0 0 1 0 1 1 1 1 0 1 0 0 1 0 1 1 1 1 1 1 1 1 1 1 1 1 0 1 1 0 0 1 0 1 1 1 1 1 1 1 1 1 1 0 1 0 1 1 0 1 0 1 0 1 1 0 0 1 1 0 0 1 1 1 0 0 1 1 1 0 1 0 0 1 1 1 0 1 1 0 0 1 1 1 1 1 1 0 1 1 1 0 1 1 0 1 1 1 0 0 1 1 1 1 0 1 1 1 1 1 1 0 1 1 1 0 0 1 1 0 0 1 1 1 0 0 1 0 1 1 1 1 0 1 1 0 0 0 1 0 1 0 0 1 1 0 1 1 0 1 1 1 0 1 0 1 0 1 1 0 0 1 1 0 0 1 0 1 1 0 
1 1 1 0 1 1 0 1 0 1 1 0 1 0 1 0 0 1 0 0 0 1 1 0 1 1 1 0 0 1 1 1 0 1 1 1 1 1 0 1 0 0 1 0 0 1 1 0 1 1 0 0 1 0 0 1 1 1 1 0 1 1 1 1 0 1 1 1 1 0 1 1 1 0 0 0 1 1 0 1 0 0 1 1 1 1 0 1 1 0 0 0 1 0 0 1 0 0 1 0 1 0 1 1 1 1 0 1 1 0 0 1 0 1 1 0 1 1 1 0 1 0 0 0 0 1 1 1 0 0 1 0 0 1 1 1 0 1 0 1 1 1 0 0 1 1 1 0 1 0 1 1 0 0 0 0 0 1 0 1 0 1 0 1 1 0 0 0 1 0 1 1 1 1 1 0 0 1 1 1 0 1 0 0 0 1 0 1 0 1 0 1 1 1 1 0 1 0 0 0 
0 1 0 0 0 0 0 1 1 0 1 1 0 0 0 0 0 1 0 0 1 0 1 0 1 1 1 0 0 0 0 0 0 0 1 1 0 0 0 0 0 0 0 0 1 0 0 0 0 1 0 0 1 0 0 1 0 0 0 0 0 0 0 1 0 0 1 0 1 0 0 0 1 0 0 0 1 1 0 0 0 0 0 0 1 0 0 0 1 0 0 0 0 0 0 0 0 0 1 0 1 0 0 0 0 1 0 1 0 0 0 0 1 1 0 1 1 0 0 0 0 0 1 1 0 1 1 0 0 0 1 1 1 1 0 1 0 1 1 1 1 0 1 0 1 0 0 1 1 0 0 1 0 1 0 0 0 0 1 1 1 1 0 1 0 0 0 0 1 0 1 0 0 0 0 0 0 1 0 0 1 1 0 1 0 1 0 1 1 0 0 1 1 0 0 0 1 0 0 0 
0 0 0 1 0 1 1 0 0 1 0 0 1 1 1 1 1 0 1 0 0 0 0 1 0 0 0 1 1 0 0 0 0 1 0 0 0 1 0 0 1 1 0 1 0 0 0 0 0 0 0 1 0 0 0 0 0 0 0 1 1 0 0 0 0 0 0 0 0 0 0 1 0 0 0 1 0 0 1 0 1 1 0 1 0 0 1 0 0 1 1 0 1 0 1 0 0 1 0 1 0 1 0 0 0 0 1 0 0 1 1 0 0 0 0 0 0 0 0 0 1 1 0 0 0 0 0 0 1 1 0 0 0 0 0 0 1 0 0 0 0 0 0 1 0 1 1 0 0 0 0 0 0 0 0 0 0 1 0 0 0 0 0 0 0 0 1 0 0 0 0 1 0 0 0 0 0 0 1 1 0 0 1 0 0 0 0 0 0 1 1 0 0 0 1 0 0 0 0 0 
