200 50 0.478492
1 26 70
2 66 15
3 95 27
4 60 27
5 9 36
6 76 33
7 8 81
8 1 3
9 32 39
10 19 74
11 11 17
12 63 100
13 12 45
14 54 96
15 95 40
16 45 39
17 90 12
18 35 5
19 64 2
20 15 93
21 20 92
22 16 46
23 69 53
24 70 70
25 15 74
26 43 52
27 24 67
28 65 93
29 67 23
30 38 26
31 37 21
32 46 13
33 18 99
34 47 13
35 15 7
36 71 15
37 38 63
38 97 38
39 81 41
40 21 18
41 82 23
42 21 44
43 78 65
44 32 45
45 1 25
46 10 16
47 10 50
48 17 12
49 20 64
50 34 43
51 99 86
52 23 55
53 34 26
54 51 39
55 57 9
56 54 14
57 63 62
58 83 94
59 2 56
60 15 16
61 90 58
62 53 50
63 15 11
64 58 16
65 6 63
66 53 47
67 17 88
68 15 75
69 86 12
70 71 92
71 25 98
72 78 92
73 52 59
74 17 62
75 40 95
76 83 2
77 42 15
78 8 64
79 76 66
80 86 42
81 92 7
82 91 25
83 61 37
84 4 2
85 4 14
86 80 89
87 32 19
88 44 79
89 19 5
90 6 57
91 28 72
92 78 27
93 73 16
94 77 6
95 32 12
96 60 68
97 64 69
98 61 94
99 7 96
100 88 60
101 69 75
102 27 70
103 48 94
104 20 6
105 30 16
106 26 69
107 82 91
108 90 52
109 62 100
110 91 76
111 80 56
112 16 7
113 76 8
114 38 20
115 82 70
116 46 9
117 33 36
118 59 27
119 27 80
120 14 3
121 25 65
122 53 71
123 9 25
124 19 31
125 98 4
126 11 22
127 69 80
128 39 36
129 86 77
130 58 48
131 36 38
132 67 37
133 84 56
134 80 96
135 10 15
136 15 29
137 82 16
138 20 20
139 67 58
140 44 58
141 6 83
142 87 40
143 65 72
144 88 33
145 88 51
146 21 11
147 3 85
148 85 100
149 45 56
150 26 93
151 39 90
152 44 47
153 56 22
154 18 2
155 45 53
156 83 39
157 18 38
158 10 56
159 93 35
160 8 78
161 95 88
162 19 40
163 39 47
164 54 77
165 80 94
166 47 88
167 35 16
168 40 34
169 30 51
170 55 79
171 83 82
172 32 64
173 48 5
174 60 16
175 47 97
176 67 26
177 100 78
178 2 55
179 31 74
180 19 13
181 59 39
182 16 30
183 60 48
184 42 29
185 73 92
186 29 82
187 43 43
188 87 12
189 34 94
190 35 8
191 77 1
192 52 35
193 16 34
194 8 37
195 36 15
196 51 86
197 82 77
198 41 10
199 86 72
200 21 78
0 0 0 0 1 0 1 0 1 1 0 1 1 1 0 1 0 0 0 1 1 1 1 1 1 1 1 1 0 1 0 0 1 0 0 0 1 0 0 0 0 1 0 1 0 0 1 0 1 1 0 1 1 1 0 0 1 0 1 0 0 1 0 0 1 1 1 1 0 0 1 0 1 1 1 0 0 1 0 0 0 0 1 0 0 0 0 1 0 1 1 0 0 0 0 1 1 1 1 0 1 1 1 0 0 1 0 0 1 0 0 0 0 0 0 0 1 0 1 0 1 1 1 1 0 0 1 1 0 1 1 0 0 0 0 1 0 0 1 1 1 0 1 0 0 0 1 0 1 1 1 1 0 0 1 0 1 1 0 1 0 1 1 1 0 1 0 1 1 1 0 1 0 0 1 0 0 1 1 0 1 1 1 1 0 1 1 0 1 0 0 1 1 1 0 1 0 0 0 1 
0 0 1 1 0 1 0 0 1 0 0 0 0 0 1 1 1 1 1 0 0 0 1 0 0 1 0 0 1 1 1 1 0 1 0 1 0 1 1 1 1 0 0 1 0 0 0 1 0 1 0 0 1 1 1 1 1 0 0 0 1 1 0 1 0 1 0 0 1 0 0 0 1 0 0 1 1 0 0 1 1 1 1 0 0 0 1 0 1 0 0 1 1 1 1 0 0 0 0 0 0 0 0 1 1 0 0 1 0 0 1 0 1 1 0 1 1 1 0 0 0 0 0 1 1 0 0 1 0 1 1 1 1 0 0 0 1 1 1 1 0 1 0 1 1 1 0 0 1 0 0 1 1 1 1 1 0 0 1 0 0 0 1 0 0 0 1 1 0 0 0 0 1 1 0 1 0 0 0 1 1 0 1 1 0 0 1 1 0 1 1 1 0 0 1 0 0 1 0 0 
0 1 0 1 0 1 0 0 0 0 0 0 0 0 1 0 1 0 1 0 0 0 1 1 0 0 0 0 1 0 0 0 0 1 0 1 0 1 1 0 1 0 1 0 0 0 0 0 0 0 0 0 0 1 1 1 1 0 0 0 1 1 0 1 0 1 0 0 1 0 0 0 0 0 0 1 0 0 1 1 1 1 1 0 0 0 0 0 0 0 0 1 1 1 0 0 0 0 0 1 0 0 0 0 0 0 0 1 0 1 1 0 1 0 1 0 0 1 0 0 0 0 0 0 1 0 0 0 0 1 0 1 1 0 0 0 1 0 1 0 0 1 0 1 1 0 0 0 0 0 0 0 1 0 0 1 0 0 1 0 0 0 0 0 0 0 0 0 0 0 0 0 0 1 0 1 0 0 0 0 1 0 1 0 0 0 0 1 0 0 1 1 0 0 0 0 0 0 1 0 
0 1 1 0 0 1 0 0 1 0 0 0 0 0 1 1 1 1 1 0 0 1 1 1 0 1 0 0 1 1 1 1 0 1 1 1 1 1 1 1 1 1 1 1 0 0 0 1 0 1 0 1 1 1 1 1 1 0 0 1 1 1 1 1 0 1 0 0 1 0 0 0 1 0 0 1 1 0 1 1 1 1 1 0 0 0 1 0 1 0 0 1 1 1 1 1 1 0 0 1 1 0 0 1 1 0 0 1 0 0 1 1 1 1 1 1 1 1 0 0 0 1 0 1 1 1 0 1 0 1 1 1 1 0 0 1 1 1 1 1 0 1 1 1 1 1 0 0 1 0 0 1 1 1 1 1 1 0 1 0 0 1 1 0 0 0 1 1 1 0 0 1 1 1 0 1 0 0 0 1 1 1 1 1 0 0 1 1 0 1 1 1 1 0 1 0 0 1 0 0 
1 0 0 0 0 0 1 1 1 1 1 0 1 0 0 1 0 1 0 0 0 1 0 0 1 1 1 0 0 1 1 1 0 1 1 0 1 0 0 1 0 1 0 1 1 1 1 1 1 1 0 1 1 1 0 0 0 0 1 1 0 1 1 0 1 1 0 1 0 0 0 0 1 1 0 0 1 1 0 0 0 0 0 1 1 0 1 0 1 1 1 0 0 0 1 0 0 0 0 0 0 1 0 1 1 1 0 0 0 0 0 1 0 1 0 1 1 0 1 1 1 0 1 1 0 1 0 1 0 0 1 0 0 0 1 1 0 1 0 1 1 0 0 0 0 1 1 0 1 0 0 1 1 1 1 0 1 1 0 1 0 1 1 0 0 0 1 1 1 0 0 1 1 0 0 0 0 1 1 1 0 1 0 1 0 0 1 0 0 1 0 1 1 1 1 0 0 1 0 1 
0 1 1 1 0 0 0 0 1 0 0 0 0 0 1 1 1 1 1 0 0 0 1 1 0 1 0 0 1 1 1 1 0 1 0 1 1 1 1 0 1 0 1 1 0 0 0 0 0 1 0 0 1 1 1 1 1 0 0 0 1 1 0 1 0 1 0 0 1 0 0 0 1 0 0 1 1 0 1 1 1 1 1 0 0 0 1 0 0 0 0 1 1 1 1 1 1 0 0 1 1 0 0 0 1 0 0 1 0 1 1 0 1 1 1 1 1 1 0 0 0 1 0 0 1 0 1 1 1 1 1 1 1 0 0 0 1 0 1 1 0 1 1 1 1 0 0 0 1 0 0 1 1 0 1 1 0 0 1 0 0 0 1 1 0 0 1 1 1 0 1 0 1 1 0 1 0 0 0 0 1 0 1 1 0 0 1 1 0 1 1 1 0 0 1 0 1 1 1 0 
1 0 0 0 1 0 0 0 1 1 0 0 1 1 0 0 0 0 0 1 1 1 0 0 1 1 1 0 0 0 0 0 1 0 0 0 1 0 0 0 0 1 0 1 0 0 1 0 1 1 0 1 0 0 0 0 0 0 1 0 0 0 0 0 1 0 1 1 0 0 1 0 1 1 1 0 0 1 0 0 0 0 0 0 0 0 0 1 0 1 1 0 0 0 0 0 0 0 1 0 0 1 1 0 0 1 0 0 0 0 0 0 0 0 0 0 0 0 1 0 1 1 0 0 0 0 0 0 0 0 0 0 0 0 0 0 0 0 0 1 1 0 0 0 0 0 1 0 1 1 1 1 0 0 1 0 1 1 0 1 0 1 1 1 0 1 0 0 1 1 0 1 0 0 1 0 0 1 1 0 0 0 0 0 0 1 0 0 1 0 0 0 1 1 0 1 0 0 0 1 
0 0 0 0 1 0 0 0 1 0 1 0 1 0 0 0 0 1 0 0 0 1 0 0 0 0 0 0 0 1 1 1 0 1 1 0 0 0 0 1 0 1 0 0 1 1 1 1 0 0 0 0 1 0 0 0 0 0 0 1 0 0 1 0 0 0 0 0 0 0 0 0 0 0 0 0 1 0 0 0 0 0 0 1 1 0 1 0 1 0 0 0 0 0 1 0 0 0 0 0 0 0 0 1 1 0 0 0 0 0 0 1 0 1 0 1 1 0 0 1 0 0 1 1 0 1 0 0 0 0 1 0 0 0 1 1 0 1 0 0 0 0 0 0 0 1 0 0 0 0 0 0 0 1 0 0 1 0 0 0 0 1 0 0 0 0 1 1 0 0 0 0 1 0 0 0 0 0 0 1 0 1 0 1 0 0 0 0 0 1 0 0 1 1 1 0 0 1 0 0 
1 1 0 1 1 1 1 1 0 1 1 0 1 0 0 1 0 1 1 0 0 1 1 1 1 1 1 0 1 1 1 1 0 1 1 1 1 0 1 1 0 1 0 1 1 1 1 1 1 1 0 1 1 1 1 1 1 0 1 1 0 1 1 1 1 1 0 1 0 0 0 0 1 1 0 0 1 1 0 0 0 0 1 1 1 0 1 1 1 1 1 1 1 0 1 1 1 0 0 0 0 1 0 1 1 1 0 0 0 0 0 1 0 1 0 1 1 1 1 1 1 1 1 1 0 1 0 1 0 1 1 1 0 0 1 1 0 1 1 1 0 0 1 0 0 1 0 0 1 0 0 1 1 1 1 0 1 1 0 1 0 1 1 1 0 0 1 1 1 1 0 1 1 1 0 1 0 1 1 1 1 1 1 1 0 1 1 0 0 1 0 1 1 1 1 0 0 1 0 1 
1 0 0 0 1 0 1 0 1 0 0 0 1 1 0 1 0 0 0 1 1 1 0 0 1 1 1 1 0 0 0 0 1 0 0 0 1 0 0 0 0 1 0 1 0 0 1 0 1 1 0 1 0 1 0 0 1 0 1 0 0 1 0 0 1 1 1 1 0 0 1 0 1 1 1 0 0 1 0 0 0 0 0 0 0 0 0 1 0 1 1 0 0 0 0 1 1 1 1 0 0 1 1 0 0 1 0 0 0 0 0 0 0 0 0 0 1 0 1 0 1 1 0 1 0 0 0 1 0 1 1 0 0 0 0 1 0 0 0 1 1 0 1 0 0 0 1 0 1 1 1 1 0 0 1 0 1 1 0 1 0 1 1 1 0 1 0 1 1 1 0 1 0 0 1 0 0 1 1 0 0 1 1 0 0 1 1 0 1 0 0 0 1 1 0 1 0 0 0 1 
0 0 0 0 1 0 0 1 1 0 0 0 1 0 0 1 0 1 0 0 0 1 0 0 0 1 0 0 0 1 1 1 0 1 1 0 0 0 0 1 0 1 0 1 1 1 1 1 1 1 0 1 1 1 1 1 0 0 1 1 0 0 1 1 1 0 0 0 0 0 0 0 0 1 0 0 1 1 0 0 0 0 0 1 1 0 1 0 1 1 0 0 0 0 1 0 0 0 0 0 0 0 0 1 1 0 0 0 0 0 0 1 0 1 0 1 1 1 0 1 1 0 1 1 0 1 0 1 0 0 1 0 0 0 1 1 0 1 0 0 0 0 0 0 0 1 0 0 0 0 0 1 1 1 1 0 1 1 0 0 0 1 1 0 0 0 1 1 1 0 0 0 1 1 0 0 0 1 0 1 0 1 0 1 0 0 1 0 0 1 0 1 1 1 1 0 0 1 0 0 
1 0 0 0 0 0 0 0 0 0 0 0 0 1 0 0 0 0 0 1 1 0 1 1 0 0 0 1 0 0 0 0 1 0 0 0 1 0 0 0 0 0 1 0 0 0 0 0 0 0 1 0 0 0 0 0 1 1 0 0 1 0 0 0 0 0 1 0 0 1 1 1 1 0 1 0 0 0 1 0 0 0 0 0 0 1 0 1 0 0 1 0 0 0 0 1 1 1 0 1 1 1 1 0 0 1 1 0 1 1 1 0 0 0 1 0 0 0 1 0 0 1 0 0 0 0 1 0 1 0 0 0 1 1 0 0 0 0 1 1 0 0 1 0 0 0 0 1 1 1 1 0 0 0 0 0 0 0 0 0 1 0 0 1 1 1 0 0 0 1 1 1 0 0 1 0 1 0 1 0 0 0 0 0 1 1 0 0 1 0 0 0 0 0 0 1 1 0 1 1 
1 0 0 0 1 0 1 1 1 1 1 0 0 0 0 1 0 1 0 1 1 1 0 0 1 1 1 0 0 1 1 1 0 1 1 0 1 0 0 1 0 1 0 1 1 1 1 1 1 1 0 1 1 1 0 0 0 0 1 1 0 1 1 0 1 1 1 1 0 0 0 0 1 1 0 0 1 1 0 0 0 0 1 1 1 0 1 1 1 1 1 0 0 0 1 0 0 0 0 0 0 1 0 1 1 1 0 0 0 0 0 1 0 1 0 1 1 0 1 1 1 1 1 1 0 1 0 1 0 1 1 0 0 0 1 1 0 1 0 1 1 0 0 0 0 1 1 0 1 1 0 1 1 1 1 0 1 1 0 1 0 1 1 0 0 0 1 1 1 0 0 1 0 0 0 0 0 1 1 1 1 1 1 1 0 1 1 0 0 1 0 1 1 1 1 0 0 1 0 1 
1 0 0 0 0 0 1 0 0 1 0 1 0 0 0 0 0 0 0 1 1 0 1 1 1 1 1 1 0 0 0 0 1 0 0 0 1 0 0 0 0 0 1 0 0 0 0 0 1 0 1 0 0 0 0 0 1 1 0 0 0 1 0 0 0 1 1 1 0 1 1 1 1 0 1 0 0 0 1 0 0 0 0 0 0 1 0 1 0 0 1 0 0 0 0 1 1 1 1 1 1 1 1 0 0 1 1 0 1 1 1 0 0 0 1 0 0 0 1 0 1 1 0 0 0 0 1 0 1 1 0 0 1 1 0 0 0 0 1 1 1 0 1 0 0 0 0 1 1 1 1 0 0 0 1 0 0 0 0 1 1 0 0 1 1 1 0 0 0 1 1 1 0 0 1 0 1 0 1 0 0 0 1 0 1 1 0 0 1 0 0 0 0 0 0 1 1 0 1 1 
0 1 1 1 0 1 0 0 0 0 0 0 0 0 0 0 1 0 1 0 0 0 1 1 0 0 0 0 1 0 0 0 0 0 0 1 0 1 1 0 1 0 1 0 0 0 0 0 0 0 1 0 0 1 1 1 1 0 0 0 1 1 0 1 0 1 0 0 1 0 0 0 1 0 0 1 0 0 1 1 1 1 1 0 0 0 0 0 0 0 0 1 1 1 0 1 1 0 0 1 1 0 0 0 0 0 0 1 0 1 1 0 1 0 1 0 0 1 0 0 0 0 0 0 1 0 1 0 1 1 0 1 1 0 0 0 1 0 1 0 0 1 1 1 1 0 0 0 0 0 0 0 1 0 0 1 0 0 1 0 1 0 0 0 0 0 0 0 0 0 1 0 0 1 0 1 1 0 0 0 1 0 1 0 0 0 0 1 0 0 1 1 0 0 0 0 1 0 1 0 
1 1 0 1 1 1 0 0 1 1 1 0 1 0 0 0 0 1 1 0 0 1 1 1 1 1 1 0 1 1 1 1 0 1 1 1 1 0 1 1 1 1 1 1 1 1 1 1 1 1 0 1 1 1 1 1 1 0 1 1 1 1 1 1 1 1 0 1 1 0 0 0 1 1 0 0 1 1 1 1 0 1 1 0 1 0 1 1 1 1 1 1 1 1 1 1 1 0 0 1 1 1 0 1 1 1 0 1 0 0 1 1 1 1 1 1 1 1 1 1 1 1 1 1 0 1 1 1 0 1 1 1 1 0 1 1 1 1 1 1 0 1 1 1 1 1 0 0 1 0 0 1 1 1 1 1 1 1 1 0 0 1 1 1 0 1 1 1 1 1 0 1 1 1 0 1 0 1 1 1 1 1 1 1 0 1 1 1 0 1 1 1 1 1 1 1 0 1 0 1 
0 1 1 1 0 1 0 0 0 0 0 0 0 0 1 0 0 0 1 0 0 0 1 0 0 0 0 0 1 0 0 1 0 1 0 1 0 1 1 0 1 0 0 0 0 0 0 0 0 0 0 0 0 1 1 1 0 0 0 0 1 0 0 1 0 0 0 0 1 0 0 0 0 0 0 1 1 0 0 1 1 1 1 0 0 0 0 0 0 0 0 1 1 1 0 0 0 0 0 1 0 0 0 0 0 0 0 1 0 0 1 0 1 0 0 1 0 1 0 0 0 0 0 0 1 0 0 0 0 1 0 1 1 0 0 0 1 0 0 0 0 1 0 1 1 0 0 0 0 0 0 0 1 0 0 1 0 0 1 0 0 0 0 0 0 0 0 0 0 0 0 0 1 1 0 1 0 0 0 0 1 0 1 0 0 0 0 1 0 0 1 1 0 0 0 0 0 1 0 0 
0 1 0 1 1 1 0 1 1 0 1 0 1 0 0 1 0 0 1 0 0 1 0 0 0 1 0 0 1 1 1 1 0 1 1 1 0 0 0 1 0 1 0 1 1 1 0 1 0 1 0 0 1 1 1 1 0 0 0 1 0 1 1 1 0 1 0 0 0 0 0 0 0 0 0 1 1 0 0 0 0 0 1 1 1 0 1 0 1 0 0 1 1 1 1 0 0 0 0 0 0 0 0 1 1 0 0 0 0 0 0 1 1 1 0 1 1 1 0 1 0 0 1 1 0 1 0 1 0 1 1 1 0 0 1 1 1 1 0 0 0 0 0 0 0 1 0 0 0 0 0 1 1 1 1 0 1 0 0 0 0 1 1 0 0 0 1 1 1 0 0 0 1 1 0 1 0 0 0 1 1 1 1 1 0 0 1 0 0 1 1 1 1 1 1 0 0 1 0 0 
0 1 1 1 0 1 0 0 1 0 0 0 0 0 1 1 1 1 0 0 0 0 0 0 0 0 0 0 1 1 1 1 0 1 1 1 0 1 1 1 1 0 0 0 0 0 0 1 0 0 0 0 1 1 1 1 0 0 0 0 0 1 1 1 0 1 0 0 1 0 0 0 0 0 0 1 1 0 0 1 1 1 1 0 0 0 1 0 1 0 0 1 1 1 1 0 0 0 0 0 0 0 0 1 1 0 0 0 0 0 0 1 1 1 0 1 1 1 0 0 0 0 0 0 1 0 0 1 0 1 1 1 0 0 0 0 1 1 0 0 0 1 0 1 0 1 0 0 0 0 0 1 1 1 0 1 0 0 1 0 0 0 0 0 0 0 1 1 0 0 0 0 1 1 0 1 0 0 0 1 1 0 1 1 0 0 1 1 0 1 1 1 0 0 1 0 0 1 0 0 
1 0 0 0 0 0 1 0 0 1 0 1 1 1 0 0 0 0 0 0 1 1 0 0 1 1 1 1 0 0 0 0 1 0 0 0 1 0 0 0 0 1 0 0 0 0 1 0 1 0 0 1 0 0 0 0 0 0 1 0 0 0 0 0 1 0 1 1 0 0 1 0 0 1 1 0 0 1 0 0 0 0 0 0 0 0 0 1 0 1 1 0 0 0 0 0 0 1 1 0 0 1 1 0 0 1 0 0 1 0 0 0 0 0 0 0 0 0 1 0 1 1 0 0 0 0 0 0 0 0 0 0 0 0 0 0 0 0 0 1 1 0 0 0 0 0 1 0 1 1 1 0 0 0 1 0 0 1 0 1 0 0 0 1 0 1 0 0 1 1 0 1 0 0 1 0 0 1 1 0 0 0 0 0 0 1 0 0 1 0 0 0 0 0 0 1 0 0 0 1 
1 0 0 0 0 0 1 0 0 1 0 1 1 1 0 0 0 0 0 1 0 1 0 0 1 1 1 1 0 0 0 0 1 0 0 0 1 0 0 0 0 1 0 1 0 0 1 0 1 0 0 1 0 0 0 0 0 0 1 0 0 0 0 0 1 0 1 1 0 0 1 0 1 1 1 0 0 1 0 0 0 0 0 0 0 0 0 1 0 1 1 0 0 0 0 1 1 1 1 0 0 1 1 0 0 1 0 0 1 0 0 0 0 0 0 0 0 0 1 0 1 1 0 0 0 0 0 0 0 0 0 0 0 0 0 0 0 0 0 1 1 0 1 0 0 0 1 0 1 1 1 0 0 0 1 0 0 1 0 1 0 0 1 1 0 1 0 0 1 1 0 1 0 0 1 0 0 1 1 0 0 0 0 0 0 1 0 0 1 0 0 0 0 0 0 1 0 0 0 1 
1 0 0 1 1 0 1 1 1 1 1 0 1 0 0 1 0 1 0 1 1 0 0 0 1 1 1 0 0 1 1 1 0 1 1 0 1 0 0 1 0 1 0 1 1 1 1 1 1 1 0 1 1 1 0 1 1 0 1 1 0 1 1 0 1 1 1 1 0 0 0 0 1 1 0 0 1 1 0 0 0 0 1 1 1 0 1 1 1 1 1 0 0 0 1 1 0 0 0 0 0 1 0 1 1 1 0 0 0 0 0 1 0 1 0 1 1 1 1 1 1 1 1 1 0 1 0 1 0 1 1 0 0 0 1 1 0 1 0 1 1 0 0 0 0 1 1 0 1 1 1 1 1 1 1 0 1 1 0 1 0 1 1 1 0 0 1 1 1 0 0 1 0 0 0 0 0 1 1 1 1 1 1 1 0 1 1 0 0 1 0 1 1 1 1 0 0 1 0 1 
1 1 1 1 0 1 0 0 1 0 0 1 0 1 1 1 1 0 0 0 0 0 0 1 0 1 1 1 1 1 1 1 0 1 0 1 1 1 1 0 1 1 1 1 0 0 0 0 0 1 1 1 1 1 1 1 1 1 0 0 1 1 0 1 0 1 0 0 1 1 0 1 1 0 0 0 1 0 1 1 0 1 1 0 0 1 0 1 0 0 1 1 1 1 0 1 1 1 0 1 1 1 1 0 0 1 1 1 1 1 1 0 1 1 1 1 1 1 1 0 1 1 0 0 0 0 1 1 1 1 1 1 1 1 0 0 1 0 1 1 0 1 1 1 1 0 0 1 1 0 1 1 1 0 1 1 0 0 1 0 1 0 1 1 1 1 0 1 1 1 1 1 0 1 1 1 1 0 1 0 1 0 1 1 1 1 1 1 0 0 0 1 0 0 0 1 1 0 1 0 
1 0 1 1 0 1 0 0 1 0 0 1 0 1 1 1 0 0 0 0 0 0 1 0 0 1 1 1 1 0 0 0 0 0 0 0 1 1 1 0 1 0 1 1 0 0 0 0 0 1 1 1 0 1 0 0 1 1 0 0 1 1 0 0 0 1 0 0 0 1 0 1 1 0 1 0 0 0 1 1 0 1 1 0 0 1 0 1 0 0 1 1 0 0 0 1 1 1 0 1 1 1 1 0 0 1 1 1 1 1 1 0 0 0 1 0 0 1 1 0 1 1 0 0 0 0 1 1 1 1 1 1 1 1 0 0 0 0 1 1 0 1 1 1 1 0 0 1 1 1 1 1 1 0 1 1 0 0 1 0 1 0 1 1 1 1 0 1 1 1 1 1 0 0 1 1 1 0 1 0 1 0 1 1 1 1 1 0 1 0 0 1 0 0 0 1 1 0 1 1 
1 0 0 0 1 0 1 0 1 1 0 0 1 1 0 1 0 0 0 1 1 1 0 0 0 1 1 0 0 0 0 0 1 0 0 0 1 0 0 0 0 1 0 1 0 0 1 0 1 1 0 1 0 0 0 0 1 0 1 0 0 1 0 0 1 1 1 1 0 0 1 0 1 1 1 0 0 1 0 0 0 0 0 0 0 0 0 1 0 1 1 0 0 0 0 1 1 0 1 0 0 1 1 0 0 1 0 0 0 0 0 0 0 0 0 0 1 0 1 0 1 1 1 1 0 0 0 1 0 0 1 0 0 0 0 1 0 0 0 1 1 0 0 0 0 0 1 0 1 1 1 1 0 0 1 0 1 1 0 1 0 1 1 1 0 1 0 1 1 1 0 1 0 0 1 0 0 1 1 0 0 1 0 0 0 1 1 0 1 0 0 0 1 1 0 1 0 0 0 1 
1 1 0 1 1 1 1 0 1 1 1 0 1 1 0 1 0 1 0 1 1 1 1 1 1 0 1 1 1 1 1 1 0 1 0 1 1 0 1 1 1 1 1 1 1 1 1 1 1 1 0 1 1 1 1 1 1 0 1 1 1 1 1 1 1 1 1 1 0 1 1 0 1 1 1 0 1 1 1 1 0 0 1 0 0 0 1 1 0 1 1 1 1 0 1 1 1 1 0 1 1 1 1 0 1 1 0 1 0 0 1 0 0 1 1 1 1 1 1 0 1 1 1 1 0 1 1 1 1 1 1 1 1 0 1 1 0 1 1 1 1 1 1 1 1 1 0 0 1 1 1 1 1 0 1 1 1 1 0 1 0 1 1 1 0 1 1 1 1 1 1 1 1 1 1 1 0 1 1 1 1 1 1 1 1 1 1 0 1 1 0 1 1 1 1 1 1 1 1 1 
1 0 0 0 1 0 1 0 1 1 0 0 1 1 0 1 0 0 0 1 1 1 1 1 1 1 0 1 0 1 1 0 1 0 0 0 1 0 0 1 0 1 0 1 1 0 1 0 1 1 0 1 1 1 0 0 1 0 1 0 0 1 0 0 1 1 1 1 0 0 1 0 1 1 1 0 0 1 0 0 0 0 1 0 0 0 1 1 0 1 1 0 0 0 0 1 1 1 1 0 1 1 1 0 0 1 0 0 0 0 0 0 0 1 0 0 1 0 1 0 1 1 1 1 0 1 1 1 0 1 1 0 0 0 0 1 0 1 1 1 1 0 1 0 0 0 1 0 1 1 1 1 0 0 1 0 1 1 0 1 0 1 1 1 0 1 0 1 1 1 0 1 0 0 1 0 0 1 1 0 1 1 1 1 0 1 1 0 1 0 0 1 1 1 0 1 0 0 0 1 
1 0 0 0 0 0 0 0 0 1 0 1 0 1 0 0 0 0 0 1 1 0 1 1 0 1 1 0 0 0 0 0 1 0 0 0 1 0 0 0 0 0 1 0 0 0 0 0 0 0 1 0 0 0 0 0 1 1 0 0 1 1 0 0 0 1 1 0 0 1 1 1 1 0 1 0 0 0 1 0 0 0 0 0 0 1 0 1 0 0 1 0 0 0 0 1 1 1 0 1 1 1 1 0 0 1 1 1 1 1 1 0 0 0 1 0 0 0 1 0 1 1 0 0 0 0 1 0 1 1 0 0 1 1 0 0 0 0 1 1 0 0 1 0 1 0 0 1 1 1 1 0 0 0 1 0 0 0 0 0 1 0 0 1 1 1 0 0 0 1 1 1 0 0 1 0 1 0 1 0 0 0 1 0 1 1 0 0 1 0 0 0 0 0 0 1 1 0 1 1 
0 1 1 1 0 1 0 0 1 0 0 0 0 0 1 1 1 1 1 0 0 0 1 1 0 1 0 0 0 1 1 1 0 1 0 1 1 1 1 1 1 0 1 1 0 0 0 0 0 1 0 0 1 1 1 1 1 0 0 0 1 1 0 1 0 1 0 0 1 0 0 0 1 0 0 1 1 0 1 1 1 1 1 0 0 0 1 0 0 0 0 1 1 1 1 1 1 0 0 1 0 0 0 1 1 0 0 1 0 0 1 0 1 1 1 1 1 1 0 0 0 1 0 1 1 0 0 1 0 1 1 1 1 0 0 0 1 1 1 1 0 1 1 1 1 1 0 0 1 0 0 1 1 0 1 1 0 0 1 0 0 0 1 0 0 0 1 1 1 0 0 0 1 1 0 1 0 0 0 1 1 0 1 1 0 0 1 1 0 1 1 1 0 0 1 0 0 1 0 0 
1 1 0 1 1 1 0 1 1 0 1 0 1 0 0 1 0 1 1 0 0 1 1 0 0 1 1 0 1 0 1 1 0 1 1 1 1 0 1 1 1 1 0 1 1 1 1 1 1 1 0 1 1 1 1 1 1 0 1 1 0 1 1 1 1 1 0 0 1 0 0 0 1 1 0 0 1 1 0 0 0 0 1 1 1 0 1 0 1 1 1 1 1 1 1 1 0 0 0 0 0 1 0 1 1 1 0 0 0 0 0 1 1 1 0 1 1 1 0 1 1 1 1 1 0 1 0 1 0 1 1 1 0 0 1 1 1 1 1 1 0 0 0 0 0 1 0 0 1 0 0 1 1 1 1 1 1 1 0 0 0 1 1 0 0 0 1 1 1 0 0 1 1 1 0 1 0 1 1 1 1 1 1 1 0 0 1 0 0 1 1 1 1 1 1 0 0 1 0 0 
0 1 0 1 1 1 0 1 1 0 1 0 1 0 0 1 0 1 1 0 0 1 1 0 0 1 1 0 1 1 0 1 0 1 1 1 1 0 1 1 1 1 0 1 1 1 1 1 1 1 0 1 1 1 1 1 1 0 1 1 0 1 1 1 0 1 0 0 1 0 0 0 1 1 0 1 1 0 0 0 0 0 1 1 1 0 1 0 1 1 0 1 1 1 1 0 0 0 0 0 0 0 0 1 1 1 0 0 0 0 0 1 1 1 0 1 1 1 0 1 1 0 1 1 0 1 0 1 0 1 1 1 0 0 1 1 1 1 1 1 0 0 0 0 0 1 0 0 1 0 0 1 1 1 1 1 1 1 0 0 0 1 1 0 0 0 1 1 1 0 0 1 1 1 0 1 0 1 0 1 1 1 1 1 0 0 1 0 0 1 1 1 1 1 1 0 0 1 0 0 
0 1 0 1 1 1 0 1 1 0 1 0 1 0 0 1 1 1 1 0 0 1 1 0 0 1 0 0 1 1 1 0 0 1 1 1 0 0 1 1 1 1 0 1 1 1 0 1 0 1 0 1 1 1 1 1 0 0 0 1 0 1 1 1 0 1 0 0 1 0 0 0 1 0 0 1 1 0 0 1 1 1 1 1 1 0 1 0 1 0 0 1 1 1 1 0 0 0 0 0 0 0 0 1 1 0 0 0 0 0 0 1 1 1 0 1 1 1 0 1 0 0 1 1 0 1 0 1 0 1 1 1 0 0 1 1 1 1 1 1 0 1 0 1 0 1 0 0 1 0 0 1 1 1 1 1 1 0 0 0 0 1 1 0 0 0 1 1 1 0 0 0 1 1 0 1 0 0 0 1 1 1 1 1 0 0 1 1 0 1 1 1 1 1 1 0 0 1 0 0 
1 0 0 0 0 0 1 0 0 1 0 1 0 1 0 0 0 0 0 1 1 0 0 0 1 0 1 1 0 0 0 0 0 0 0 0 1 0 0 0 0 0 0 0 0 0 1 0 1 0 0 1 0 0 0 0 0 0 1 0 0 0 0 0 1 0 1 1 0 0 1 0 0 1 1 0 0 1 0 0 0 0 0 0 0 0 0 1 0 1 1 0 0 0 0 0 0 1 1 0 0 1 1 0 0 1 0 0 1 0 0 0 0 0 0 0 0 0 1 0 1 1 0 0 0 0 0 0 0 0 0 0 0 0 0 0 0 0 0 1 1 0 0 0 0 0 1 0 0 1 1 0 0 0 0 0 0 1 0 1 0 0 0 1 0 1 0 0 1 1 0 1 0 0 1 0 0 1 1 0 0 0 0 0 0 1 0 0 1 0 0 0 0 0 0 1 0 0 0 1 
0 1 1 1 1 1 0 1 1 0 1 0 1 0 0 1 1 1 1 0 0 1 1 0 0 1 0 0 1 1 1 1 0 0 1 1 0 0 1 1 1 1 0 1 1 1 0 1 0 1 0 1 1 1 1 1 0 0 0 1 0 1 1 1 0 1 0 0 1 0 0 0 1 0 0 1 1 0 0 1 1 1 1 1 1 0 1 0 1 0 0 1 1 1 1 0 0 0 0 0 0 0 0 1 1 0 0 0 0 0 0 1 1 1 0 1 1 1 0 1 0 0 1 1 0 1 0 1 0 1 1 1 0 0 1 1 1 1 1 1 0 1 0 1 0 1 0 0 1 0 0 1 1 1 1 1 1 0 0 0 0 1 1 0 0 0 1 1 1 0 0 0 1 1 0 1 0 0 0 1 1 1 1 1 0 0 1 1 0 1 1 1 1 1 1 0 0 1 0 0 
0 0 0 1 1 0 0 1 1 0 1 0 1 0 0 1 0 1 1 0 0 1 0 0 0 0 0 0 0 1 1 1 0 1 0 0 0 0 0 1 0 1 0 1 1 1 1 1 0 1 0 1 1 1 1 1 0 0 0 1 0 0 1 1 0 0 0 0 0 0 0 0 0 0 0 0 1 0 0 0 0 0 0 1 1 0 1 0 1 0 0 0 0 0 1 0 0 0 0 0 0 0 0 1 1 0 0 0 0 0 0 1 0 1 0 1 1 1 0 1 0 0 1 1 0 1 0 1 0 0 1 0 0 0 1 1 0 1 0 0 0 0 0 0 0 1 0 0 0 0 0 1 1 1 0 0 1 1 0 0 0 1 1 0 0 0 1 1 1 0 0 0 1 1 0 0 0 1 0 1 0 1 0 1 0 0 1 0 0 1 0 1 1 1 1 0 0 1 0 0 
0 1 1 1 0 1 0 0 1 0 0 0 0 0 1 1 1 1 1 0 0 0 1 0 0 1 0 0 1 1 1 1 0 1 0 0 0 1 1 0 1 0 0 1 0 0 0 0 0 1 0 0 1 1 1 1 1 0 0 0 1 1 0 1 0 1 0 0 1 0 0 0 1 0 0 1 1 0 0 1 1 1 1 0 0 0 1 0 0 0 0 1 1 1 1 0 0 0 0 1 0 0 0 0 1 0 0 1 0 0 1 0 1 1 0 1 1 1 0 0 0 0 0 0 1 0 0 1 0 1 1 1 1 0 0 0 1 0 1 0 0 1 0 1 1 0 0 0 1 0 0 1 1 0 1 1 0 0 1 0 0 0 1 0 0 0 1 1 0 0 0 0 1 1 0 1 0 0 0 0 1 0 1 1 0 0 1 1 0 1 1 1 0 0 1 0 0 1 0 0 
1 0 0 1 1 1 1 0 1 1 0 1 1 1 0 1 0 0 0 1 1 1 1 1 1 1 1 1 1 1 1 0 1 0 0 0 0 0 1 1 0 1 1 1 0 0 1 0 1 1 0 1 1 1 0 0 1 0 1 0 0 1 0 0 1 1 1 1 0 1 1 1 1 1 1 0 1 1 1 0 0 0 1 0 0 1 1 1 0 1 1 0 0 0 0 1 1 1 1 0 1 1 1 0 1 1 0 0 1 0 1 0 0 1 1 0 1 1 1 0 1 1 1 1 0 1 1 1 1 1 1 1 1 0 0 1 0 1 1 1 1 0 1 0 0 0 1 0 1 1 1 1 1 0 1 0 1 1 0 1 0 1 1 1 0 1 1 1 1 1 1 1 0 0 1 1 0 1 1 0 1 1 1 1 1 1 1 0 1 0 0 1 1 1 1 1 1 0 1 1 
0 1 1 1 0 1 0 0 0 0 0 0 0 0 1 0 1 0 1 0 0 0 1 1 0 0 0 0 1 0 0 0 0 0 0 1 0 0 1 0 1 0 1 0 0 0 0 0 0 0 1 0 0 1 1 1 1 0 0 0 1 1 0 1 0 1 0 0 1 0 0 0 1 0 0 1 0 0 1 1 1 1 1 0 0 0 0 0 0 0 0 1 1 1 0 1 1 0 0 1 1 0 0 0 0 0 0 1 0 1 1 0 1 0 1 0 0 1 0 0 0 0 0 0 1 0 0 0 1 1 0 1 1 0 0 0 1 0 1 0 0 1 1 1 1 0 0 0 0 0 0 0 1 0 0 1 0 0 1 0 0 0 0 0 0 0 0 0 0 0 1 0 0 1 0 1 1 0 0 0 1 0 1 0 0 0 0 1 0 0 1 1 0 0 0 0 1 0 1 0 
0 1 1 1 0 1 0 0 1 0 0 0 0 0 1 1 1 0 1 0 0 0 1 1 0 1 0 0 1 1 1 1 0 1 0 1 1 1 0 0 1 0 1 1 0 0 0 0 0 1 1 0 1 1 1 1 1 0 0 0 1 1 0 1 0 1 0 0 1 0 0 0 1 0 0 1 1 0 1 1 1 1 1 0 0 1 0 0 0 0 0 1 1 1 0 1 1 0 0 1 1 0 0 0 0 0 0 1 0 1 1 0 1 1 1 1 1 1 0 0 0 1 0 0 1 0 1 1 1 1 1 1 1 0 0 0 1 0 1 1 0 1 1 1 1 0 0 0 1 0 0 1 1 0 1 1 0 0 1 0 1 0 1 1 0 0 0 1 0 1 1 0 1 1 0 1 1 0 0 0 1 0 1 1 0 0 1 1 0 0 1 1 0 0 0 0 1 0 1 0 
0 1 0 1 1 0 0 1 1 0 1 0 1 0 0 1 0 1 1 0 0 1 0 0 0 1 1 0 1 1 1 1 0 1 1 0 1 0 0 0 0 1 0 1 1 1 1 1 1 1 0 1 1 1 1 1 0 0 1 1 0 1 1 1 1 1 0 0 0 0 0 0 0 1 0 0 1 1 0 0 0 0 1 1 1 0 1 0 1 1 0 0 0 0 1 0 0 0 0 0 0 0 0 1 1 0 0 0 0 0 0 1 0 1 0 1 1 1 0 1 1 0 1 1 0 1 0 1 0 1 1 1 0 0 1 1 0 1 0 1 0 0 0 0 0 1 0 0 1 0 0 1 1 1 1 0 1 1 0 0 0 1 1 0 0 0 1 1 1 0 0 1 1 1 0 1 0 1 0 1 1 1 1 1 0 0 1 0 0 1 0 1 1 1 1 0 0 1 0 0 
0 1 1 1 0 1 0 0 0 0 0 0 0 0 1 1 1 0 1 0 0 0 1 1 0 1 0 0 1 1 1 1 0 1 0 1 0 1 1 0 0 0 1 0 0 0 0 0 0 0 0 0 1 1 1 1 1 0 0 0 1 1 0 1 0 1 0 0 1 0 0 0 1 0 0 1 1 0 1 1 1 1 1 0 0 0 0 0 0 0 0 1 1 1 0 0 1 0 0 1 0 0 0 0 0 0 0 1 0 0 1 0 1 1 1 1 0 1 0 0 0 0 0 0 1 0 0 1 0 1 1 1 1 0 0 0 1 0 1 0 0 1 0 1 1 0 0 0 1 0 0 1 1 0 1 1 0 0 1 0 0 0 1 0 0 0 1 1 0 0 0 0 1 1 0 1 0 0 0 0 1 0 1 1 0 0 1 1 0 1 1 1 0 0 1 0 0 1 1 0 
1 0 0 1 1 0 1 1 1 1 1 0 1 0 0 1 0 1 0 1 1 1 1 0 1 1 1 0 0 1 1 1 0 1 1 0 1 0 0 1 0 0 0 1 1 1 1 1 1 1 0 1 1 1 0 1 1 0 1 1 0 1 1 1 1 1 1 1 0 0 0 0 1 1 0 0 1 1 0 0 0 0 1 1 1 0 1 1 1 1 1 0 0 0 1 1 1 0 0 0 0 1 0 1 1 1 0 0 0 0 0 1 0 1 0 1 1 1 1 1 1 1 1 1 0 1 0 1 0 1 1 1 0 0 1 1 0 1 1 1 1 0 0 0 0 1 1 0 1 1 1 1 1 1 1 0 1 1 0 1 0 1 1 1 0 0 1 1 1 1 0 1 1 1 0 1 0 1 1 1 1 1 1 1 0 1 1 0 0 1 0 1 1 1 1 0 0 1 0 1 
0 0 1 1 0 1 0 0 0 0 0 1 0 1 1 1 0 0 0 0 0 0 1 1 0 1 0 1 1 0 0 0 0 0 0 0 1 1 1 0 1 0 0 0 0 0 0 0 0 1 1 0 0 1 0 0 1 1 0 0 1 1 0 0 0 1 0 0 0 1 0 1 1 0 1 0 0 0 1 1 0 1 1 0 0 1 0 1 0 0 0 1 1 0 0 1 1 1 0 1 1 0 1 0 0 0 1 1 1 1 1 0 0 0 1 0 0 1 0 0 0 1 0 0 0 0 1 1 1 1 1 1 1 1 0 0 1 0 1 1 0 1 1 1 1 0 0 1 1 0 1 1 1 0 1 1 0 0 1 0 1 0 1 1 1 1 0 1 1 1 1 1 0 0 1 1 1 0 1 0 1 0 1 0 1 0 1 0 0 0 0 1 0 0 0 1 1 0 1 0 
1 1 0 1 1 1 1 0 1 1 1 0 1 0 0 1 0 1 0 0 1 1 1 1 1 1 1 0 1 1 1 1 0 1 1 1 1 0 1 1 0 1 0 0 1 1 1 1 1 1 0 1 1 1 1 1 1 0 1 1 0 1 1 1 1 1 1 1 0 0 0 0 1 1 0 0 1 1 1 0 0 0 1 0 1 0 1 1 1 1 1 1 0 0 1 1 1 0 0 0 1 1 0 1 1 1 0 0 0 0 1 1 0 1 0 1 1 1 1 1 1 1 1 1 0 1 0 1 0 1 1 1 0 0 1 1 0 1 1 1 1 0 1 0 0 1 1 0 1 1 1 1 1 1 1 0 1 1 0 1 0 1 1 1 0 1 1 1 1 1 0 1 1 1 0 1 0 1 1 1 1 1 1 1 0 1 1 0 1 1 0 1 1 1 1 1 0 1 0 1 
0 0 0 0 1 0 0 1 1 0 1 0 1 0 0 1 0 1 0 0 0 1 0 0 0 1 1 0 0 1 1 1 0 1 1 0 0 0 0 1 0 1 0 1 0 1 1 1 1 1 0 1 1 0 0 0 0 0 1 1 0 0 1 0 1 0 0 0 0 0 0 0 0 1 0 0 1 1 0 0 0 0 0 1 1 0 1 0 1 1 0 0 0 0 1 0 0 0 0 0 0 0 0 1 1 0 0 0 0 0 0 1 0 1 0 1 1 0 0 1 1 0 1 1 0 1 0 1 0 0 1 0 0 0 1 1 0 1 0 0 0 0 0 0 0 1 0 0 0 0 0 1 0 1 0 0 1 1 0 0 0 1 1 0 0 0 1 1 1 0 0 1 0 0 0 0 0 1 0 1 0 1 0 1 0 0 1 0 0 1 0 0 1 1 1 0 0 1 0 0 
0 0 0 0 1 0 0 1 1 0 1 0 1 0 0 1 0 1 0 0 0 1 0 0 0 1 0 0 0 1 1 1 0 1 1 0 0 0 0 1 0 1 0 1 1 0 1 1 1 1 0 1 1 1 1 1 0 0 1 1 0 0 1 1 1 0 0 0 0 0 0 0 0 1 0 0 1 1 0 0 0 0 0 1 1 0 1 0 1 1 0 0 0 0 1 0 0 0 0 0 0 0 0 1 1 0 0 0 0 0 0 1 0 1 0 1 1 0 0 1 0 0 1 1 0 1 0 1 0 0 1 0 0 0 1 1 0 1 0 0 0 0 0 0 0 1 0 0 0 0 0 1 1 1 0 0 1 1 0 0 0 1 1 0 0 0 1 1 1 0 0 0 1 1 0 0 0 1 0 1 0 1 0 1 0 0 1 0 0 1 0 1 1 1 1 0 0 1 0 0 
1 0 0 0 1 0 1 1 1 1 1 0 1 0 0 1 0 0 0 1 1 1 0 0 1 1 1 0 0 1 1 0 1 0 1 0 1 0 0 1 0 1 0 1 1 1 0 1 1 1 0 1 1 1 0 0 0 0 1 1 0 1 1 0 1 1 1 1 0 0 0 0 1 1 0 0 1 1 0 0 0 0 0 1 1 0 1 1 1 1 1 0 0 0 1 0 0 0 1 0 0 1 0 1 1 1 0 0 0 0 0 1 0 1 0 0 1 0 1 1 1 1 1 1 0 1 0 1 0 1 1 0 0 0 1 1 0 1 0 1 1 0 0 0 0 1 1 0 1 1 1 1 0 1 1 0 1 1 0 1 0 1 1 0 0 0 1 1 1 0 0 1 0 0 0 0 0 1 1 1 0 1 0 1 0 1 1 0 0 1 0 1 1 1 1 0 0 0 0 1 
0 1 0 1 1 0 0 1 1 0 1 0 1 0 0 1 0 1 1 0 0 1 0 0 0 1 0 0 0 1 1 1 0 1 1 0 0 0 0 1 0 1 0 1 1 1 1 0 0 1 0 1 1 1 1 1 0 0 1 1 0 0 1 1 0 0 0 0 0 0 0 0 0 1 0 0 1 0 0 0 0 0 0 1 1 0 1 0 1 1 0 0 0 0 1 0 0 0 0 0 0 0 0 1 1 0 0 0 0 0 0 1 0 1 0 1 1 1 0 1 0 0 1 1 0 1 0 1 0 0 1 0 0 0 1 1 0 1 0 0 0 0 0 0 0 1 0 0 0 0 0 1 1 1 1 0 1 1 0 0 0 1 1 0 0 0 1 1 1 0 0 0 1 1 0 0 0 1 0 1 1 1 0 1 0 0 1 0 0 1 0 1 1 1 1 0 0 1 0 0 
1 0 0 0 1 0 1 0 1 1 1 0 1 1 0 1 0 0 0 1 1 1 0 0 1 1 1 0 0 1 1 0 1 0 0 0 1 0 0 1 0 1 0 1 1 1 1 0 0 1 0 1 1 1 0 0 1 0 1 1 0 1 0 0 1 1 1 1 0 0 1 0 1 1 1 0 0 1 0 0 0 0 1 0 0 0 1 1 0 1 1 0 0 0 0 1 1 0 1 0 0 1 1 0 1 1 0 0 0 0 0 0 0 1 0 0 1 0 1 0 1 1 1 1 0 1 0 1 0 1 1 0 0 0 0 1 0 1 1 1 1 0 1 0 0 0 1 0 1 1 1 1 0 0 1 0 1 1 0 1 0 1 1 1 0 1 0 1 1 1 0 1 0 0 1 0 0 1 1 0 1 1 1 1 0 1 1 0 1 0 0 1 1 1 0 1 0 0 0 1 
1 1 0 1 1 1 1 0 1 1 1 0 1 0 0 1 0 1 0 0 0 1 1 1 1 1 1 0 1 1 1 1 0 1 1 1 1 0 1 1 0 1 1 1 1 1 1 1 1 0 0 1 1 1 1 1 1 0 1 1 0 1 1 1 1 1 1 1 0 0 0 0 1 1 0 0 1 1 1 0 0 0 1 0 1 0 1 1 1 1 1 1 1 0 1 1 1 0 0 0 1 1 0 1 1 1 0 0 0 0 1 1 0 1 0 1 1 1 1 1 1 1 1 1 0 1 0 1 0 1 1 1 0 0 1 1 0 1 1 1 1 0 1 0 0 1 0 0 1 0 1 1 1 1 1 1 1 1 0 1 0 1 1 1 0 1 1 1 1 1 0 1 1 1 0 1 0 1 1 1 1 1 1 1 0 1 1 0 0 1 0 1 1 1 1 1 0 1 0 1 
0 0 0 0 0 0 0 0 0 0 0 1 0 1 1 0 0 0 0 0 0 0 1 1 0 0 0 1 0 0 0 0 0 0 0 0 0 1 1 0 0 0 1 0 0 0 0 0 0 0 0 0 0 0 0 0 1 1 0 0 1 0 0 0 0 0 0 0 0 1 0 1 0 0 0 0 0 0 1 1 0 0 0 0 0 1 0 0 0 0 0 0 0 0 0 1 1 1 0 1 1 0 0 0 0 0 1 1 1 1 1 0 0 0 1 0 0 0 0 0 0 1 0 0 0 0 1 0 1 0 0 0 1 1 0 0 0 0 1 0 0 1 1 0 1 0 0 1 0 0 0 0 0 0 0 1 0 0 0 0 1 0 0 1 1 0 0 0 0 1 1 0 0 0 0 0 1 0 0 0 0 0 0 0 1 0 0 0 0 0 0 0 0 0 0 1 1 0 1 0 
1 0 0 1 1 0 1 0 1 1 1 0 1 0 0 1 0 0 0 1 1 1 1 1 1 1 1 0 0 1 1 1 1 1 1 0 1 0 0 1 0 1 0 1 1 1 1 1 1 1 0 0 1 1 0 0 1 0 1 1 0 1 1 0 1 1 1 1 0 0 1 0 1 1 1 0 1 1 0 0 0 0 1 0 1 0 1 1 0 1 1 0 0 0 1 1 1 0 1 0 0 1 1 1 1 1 0 0 0 0 0 1 0 1 0 0 1 1 1 0 1 1 1 1 0 1 0 1 0 1 1 1 0 0 1 1 0 1 1 1 1 0 1 0 0 1 1 0 1 1 1 1 1 0 1 0 1 1 0 1 0 1 1 1 0 1 1 1 1 1 0 1 0 0 1 0 0 1 1 1 1 1 1 1 0 1 1 0 1 1 0 1 1 1 1 1 0 1 0 1 
1 1 0 1 1 1 0 1 1 0 1 0 1 0 0 1 0 1 1 0 0 1 1 0 0 1 1 0 1 1 1 1 0 1 1 1 1 0 1 1 1 1 0 1 1 1 1 1 1 1 0 1 0 1 1 1 1 0 1 1 0 1 1 1 1 1 0 0 0 0 0 0 1 1 0 0 1 1 0 0 0 0 1 1 1 0 1 0 1 1 1 1 1 1 1 1 0 0 0 0 0 1 0 1 1 1 0 0 0 0 0 1 1 1 0 1 1 1 0 1 1 1 1 1 0 1 0 1 0 1 1 1 0 0 1 1 1 1 1 1 0 0 0 0 0 1 0 0 1 0 0 1 1 1 1 0 1 1 0 0 0 1 1 0 0 0 1 1 1 0 0 1 1 1 0 1 0 1 1 1 1 1 1 1 0 0 1 0 0 1 1 1 1 1 1 0 0 1 0 0 
1 1 1 1 1 1 0 0 1 1 1 0 1 0 1 1 1 1 1 0 0 1 1 1 0 1 1 0 1 1 1 1 0 1 1 1 1 1 1 1 1 1 1 1 0 1 1 1 1 1 0 1 1 0 1 1 1 0 0 1 1 1 1 1 0 1 0 0 1 0 0 0 1 1 0 1 1 1 1 1 0 1 1 0 0 0 1 1 1 1 1 1 1 1 1 1 1 0 0 1 1 1 0 1 1 1 0 1 0 0 1 1 1 1 1 1 1 1 1 0 1 1 1 1 0 1 1 1 0 1 1 1 1 0 1 1 1 1 1 1 0 1 1 1 1 1 0 0 1 0 0 1 1 1 1 1 1 1 1 0 0 1 1 1 0 1 1 1 1 1 0 1 1 1 0 1 0 0 1 1 1 1 1 1 0 1 1 1 0 1 1 1 1 1 1 1 1 1 1 1 
0 1 1 1 0 1 0 0 1 0 1 0 0 0 1 1 1 1 1 0 0 0 1 0 0 1 0 0 1 1 1 1 0 1 1 1 0 1 1 1 1 0 0 1 0 1 0 1 0 1 0 0 1 1 0 1 0 0 0 1 0 1 1 1 0 1 0 0 1 0 0 0 0 0 0 1 1 0 0 1 1 1 1 0 0 0 1 0 1 0 0 1 1 1 1 0 0 0 0 0 0 0 0 1 1 0 0 0 0 0 0 1 1 1 0 1 1 1 0 1 0 0 0 1 1 1 0 1 0 1 1 1 0 0 1 1 1 1 0 0 0 1 0 1 0 1 0 0 1 0 0 1 1 1 1 1 1 0 1 0 0 1 1 0 0 0 1 1 1 0 0 0 1 1 0 1 0 0 0 1 1 1 1 1 0 0 1 1 0 1 1 1 1 0 1 0 0 1 0 0 
0 1 1 1 0 1 0 0 1 0 1 0 0 0 1 1 1 1 1 0 0 1 1 0 0 1 0 0 1 1 1 1 0 1 1 1 0 1 1 1 1 1 0 1 0 1 0 1 0 1 0 0 1 1 1 0 1 0 0 1 0 1 1 1 0 1 0 0 1 0 0 0 1 0 0 1 1 0 0 1 1 1 1 0 1 0 1 0 1 0 0 1 1 1 1 0 0 0 0 0 0 0 0 1 1 0 0 0 0 0 1 1 1 1 0 1 1 1 0 1 0 0 1 1 1 1 0 1 0 1 1 1 0 0 1 1 1 1 1 1 0 1 0 1 0 1 0 0 1 0 0 1 1 1 1 1 1 0 1 0 0 1 1 0 0 0 1 1 1 0 0 0 1 1 0 1 0 0 0 1 1 1 1 1 0 0 1 1 0 1 1 1 1 0 1 0 0 1 0 0 
1 1 1 1 0 1 0 0 1 1 0 1 0 1 1 1 0 0 0 0 0 1 1 1 1 1 1 1 1 1 1 0 0 0 0 1 1 1 1 0 1 1 1 1 0 0 0 0 1 1 1 1 1 1 0 1 0 1 0 0 1 1 0 1 0 1 0 1 0 1 0 1 1 1 1 0 0 0 1 1 0 1 1 0 0 1 0 1 0 0 1 1 1 0 0 1 1 1 0 1 1 1 1 0 0 1 1 1 1 1 1 0 0 1 1 0 1 1 1 0 1 1 0 0 0 0 1 1 1 1 1 1 1 1 0 0 1 0 1 1 0 1 1 1 1 0 0 1 1 1 1 1 1 0 1 1 0 0 1 0 1 1 1 1 1 1 0 1 1 1 1 1 0 1 1 1 1 0 1 0 1 0 1 1 1 1 1 0 1 0 0 1 0 0 0 1 1 0 1 1 
0 0 0 0 0 0 0 0 0 0 0 1 0 1 0 0 0 0 0 0 0 0 1 1 0 0 0 1 0 0 0 0 0 0 0 0 0 0 0 0 0 0 1 0 0 0 0 0 0 0 1 0 0 0 0 0 1 0 0 0 1 0 0 0 0 0 0 0 0 1 0 1 1 0 1 0 0 0 1 0 0 0 0 0 0 1 0 1 0 0 0 0 0 0 0 1 1 1 0 1 1 0 1 0 0 0 1 1 1 1 1 0 0 0 1 0 0 0 0 0 0 1 0 0 0 0 1 0 1 0 0 0 1 1 0 0 0 0 1 0 0 0 1 0 1 0 0 1 0 0 1 0 0 0 0 0 0 0 0 0 1 0 0 1 1 1 0 0 0 1 1 0 0 0 1 0 1 0 0 0 0 0 0 0 1 0 0 0 1 0 0 0 0 0 0 1 1 0 1 0 
1 0 0 0 1 0 1 0 1 1 1 0 1 0 0 1 0 0 0 1 1 1 0 0 1 1 1 0 0 1 1 0 1 0 0 0 1 0 0 1 0 1 0 1 1 1 1 1 1 1 0 1 1 0 0 0 0 0 0 1 0 0 1 0 1 0 1 1 0 0 1 0 0 1 0 0 0 1 0 0 0 0 0 0 1 0 1 1 0 1 1 0 0 0 0 0 0 0 1 0 0 1 0 0 1 1 0 0 0 0 0 0 0 0 0 0 1 0 1 0 1 0 1 1 0 1 0 1 0 0 1 0 0 0 1 1 0 1 0 1 1 0 0 0 0 1 1 0 1 1 0 1 0 0 1 0 1 1 0 1 0 1 1 0 0 0 0 1 1 0 0 1 0 0 0 0 0 1 1 1 0 1 0 1 0 1 1 0 1 0 0 0 1 1 0 0 0 0 0 1 
0 0 0 1 1 0 0 1 1 0 1 0 1 0 0 1 0 1 0 0 0 1 0 0 0 1 0 0 0 1 1 1 0 1 1 0 0 0 0 1 0 1 0 1 1 1 1 1 1 1 0 1 1 1 1 1 0 0 1 0 0 0 1 1 1 1 0 0 0 0 0 0 0 1 0 0 1 1 0 0 0 0 0 1 1 0 1 0 1 1 0 0 0 0 1 0 0 0 0 0 0 0 0 1 1 0 0 0 0 0 0 1 0 1 0 1 1 1 0 1 0 0 1 1 0 1 0 1 0 0 1 0 0 0 1 1 0 1 0 0 0 0 0 0 0 1 0 0 1 0 0 1 1 1 1 0 1 1 0 0 0 1 1 0 0 0 1 1 1 0 0 0 1 1 0 0 0 1 0 1 1 1 0 1 0 0 1 0 0 1 0 1 1 1 1 0 0 1 0 0 
0 1 1 1 0 1 0 0 0 0 0 1 0 0 1 1 1 0 0 0 0 0 1 1 0 1 0 1 1 0 0 0 0 0 0 1 0 1 1 0 1 0 1 0 0 0 0 0 0 0 1 0 0 1 0 0 1 1 0 0 0 1 0 0 0 1 0 0 1 1 0 1 1 0 0 0 0 0 1 1 0 1 1 0 0 1 0 0 0 0 0 1 1 0 0 1 1 1 0 1 1 0 0 0 0 0 1 1 0 1 1 0 0 0 1 0 0 1 0 0 0 1 0 0 0 0 1 0 1 1 0 1 1 1 0 0 1 0 1 1 0 1 1 1 1 0 0 1 1 0 0 1 1 0 1 1 0 0 1 0 1 0 0 1 1 0 0 0 0 1 1 0 0 0 0 1 1 0 0 0 1 0 1 0 1 0 1 1 0 0 0 1 0 0 0 1 1 0 1 0 
1 1 1 1 1 1 0 0 1 1 0 0 1 1 1 1 0 1 1 0 0 1 1 1 1 1 1 1 1 1 1 1 0 1 0 1 1 1 1 1 1 1 1 1 0 0 1 0 1 1 0 1 1 1 1 1 1 0 0 0 1 0 0 1 1 1 0 1 0 1 0 1 1 1 1 0 1 1 1 1 0 1 1 0 0 1 1 1 0 1 1 1 1 0 1 1 1 1 0 1 1 1 1 0 1 1 0 1 0 1 1 0 1 1 1 1 1 1 1 0 1 1 0 1 0 0 1 1 1 1 1 1 1 0 0 1 1 1 1 1 0 1 1 1 1 0 0 0 1 0 1 1 1 0 1 1 1 1 1 0 0 1 1 1 0 1 1 1 1 1 1 1 1 1 1 1 0 0 1 0 1 1 1 1 1 1 1 0 1 1 0 1 1 1 1 1 1 1 1 1 
0 0 0 1 1 0 0 1 1 0 1 0 1 0 0 1 0 1 1 0 0 1 0 0 0 1 0 0 0 1 1 1 0 1 1 0 0 0 0 1 0 1 0 1 1 1 1 1 0 1 0 1 1 1 1 1 0 0 1 1 0 0 0 1 0 0 0 0 0 0 0 0 0 0 0 0 1 0 0 0 0 0 0 1 1 0 1 0 1 1 0 0 0 0 1 0 0 0 0 0 0 0 0 1 1 0 0 0 0 0 0 1 0 1 0 1 1 1 0 1 0 0 1 1 0 1 0 1 0 0 1 0 0 0 1 1 0 1 0 0 0 0 0 0 0 1 0 0 0 0 0 1 1 1 0 0 1 1 0 0 0 1 1 0 0 0 1 1 1 0 0 0 1 1 0 0 0 1 0 1 0 1 0 1 0 0 1 0 0 1 0 1 1 1 1 0 0 1 0 0 
0 1 1 1 0 1 0 0 1 0 1 0 0 0 1 1 1 1 1 0 0 0 1 0 0 1 0 0 1 1 1 1 0 1 1 1 0 1 1 1 1 1 0 1 0 1 0 1 0 1 0 0 1 1 1 1 1 0 0 1 0 1 1 0 0 1 0 0 1 0 0 0 1 0 0 1 1 0 0 1 1 1 1 0 0 0 1 0 1 0 0 1 1 1 1 0 0 0 0 0 0 0 0 1 1 0 0 1 0 0 1 1 1 1 0 1 1 1 0 1 0 0 1 1 1 1 0 1 0 1 1 1 1 0 1 1 1 1 1 1 0 1 0 1 1 1 0 0 1 0 0 1 1 1 1 1 1 0 1 0 0 1 1 0 0 0 1 1 1 0 0 0 1 1 0 1 0 0 0 1 1 1 1 1 0 0 1 1 0 1 1 1 1 0 1 0 0 1 0 0 
1 0 0 0 1 0 1 0 1 1 1 0 1 0 0 1 0 0 0 1 1 1 0 0 1 1 1 0 0 1 0 0 1 0 0 0 1 0 0 1 0 1 0 1 1 1 1 0 1 1 0 1 1 0 0 0 0 0 1 1 0 1 0 0 0 1 1 1 0 0 1 0 1 1 1 0 0 1 0 0 0 0 0 0 1 0 0 1 0 1 1 0 0 0 0 0 0 0 1 0 0 1 0 0 0 1 0 0 0 0 0 0 0 0 0 0 1 0 1 0 1 1 1 1 0 1 0 1 0 0 1 0 0 0 1 1 0 1 0 1 1 0 0 0 0 0 1 0 1 1 1 1 0 0 1 0 1 1 0 1 0 1 1 1 0 1 0 1 1 0 0 1 0 0 0 0 0 1 1 0 0 1 0 1 0 1 1 0 1 0 0 0 1 1 0 0 0 0 0 1 
1 1 1 1 1 1 0 0 1 1 0 0 1 1 1 1 0 1 1 0 0 1 1 1 1 1 1 1 1 1 1 1 0 1 0 1 1 1 1 1 1 1 1 1 0 0 1 0 1 1 0 1 1 1 1 1 1 0 0 1 1 1 0 1 1 0 0 1 1 1 0 0 1 1 1 0 1 1 1 1 0 1 1 0 0 1 1 1 0 1 1 1 1 1 1 1 1 1 0 1 1 1 1 0 1 1 0 1 0 1 1 0 1 1 1 1 1 1 1 0 1 1 1 1 0 1 1 1 1 1 1 1 1 0 0 1 1 1 1 1 0 1 1 1 1 1 0 0 1 0 1 1 1 0 1 1 1 1 1 0 0 1 1 1 0 1 1 1 1 1 1 1 1 1 0 1 0 0 1 1 1 1 1 1 1 1 1 1 0 1 0 1 1 1 1 1 1 1 1 1 
1 0 0 0 0 0 1 0 0 1 0 1 1 1 0 0 0 0 0 1 1 1 0 0 1 1 1 1 0 0 0 0 1 0 0 0 1 0 0 0 0 1 0 1 0 0 1 0 1 1 0 1 0 0 0 0 0 0 1 0 0 0 0 0 1 0 0 1 0 0 1 0 1 1 1 0 0 1 0 0 0 0 0 0 0 0 0 1 0 1 1 0 0 0 0 1 0 1 1 0 0 1 1 0 0 1 0 0 1 0 0 0 0 0 0 0 0 0 1 0 1 1 0 0 0 0 0 0 0 0 0 0 0 0 0 0 0 0 0 1 1 0 0 0 0 0 1 0 1 1 1 1 0 0 1 0 0 1 0 1 0 1 1 1 0 1 0 0 1 1 0 1 0 0 1 0 0 1 1 0 0 0 0 0 0 1 0 0 1 0 0 0 0 0 0 1 0 0 0 1 
1 0 0 0 1 0 1 0 1 1 0 0 1 1 0 1 0 0 0 1 1 1 0 0 1 1 1 0 0 0 0 0 1 0 0 0 1 0 0 0 0 1 0 1 0 0 1 0 1 1 0 1 0 0 0 0 1 0 1 0 0 1 0 0 1 1 1 0 0 0 1 0 1 1 1 0 0 1 0 0 0 0 0 0 0 0 0 1 0 1 1 0 0 0 0 1 1 1 1 0 0 1 1 0 0 1 0 0 0 0 0 0 0 0 0 0 1 0 1 0 1 1 0 1 0 0 0 1 0 0 1 0 0 0 0 1 0 0 0 1 1 0 0 0 0 0 1 0 1 1 1 1 0 0 1 0 1 1 0 1 0 1 1 1 0 1 0 1 1 1 0 1 0 0 1 0 0 1 1 0 0 1 0 0 0 1 1 0 1 0 0 0 1 1 0 1 0 0 0 1 
0 1 1 1 0 1 0 0 0 0 0 0 0 0 1 1 1 0 1 0 0 0 1 0 0 0 0 0 1 1 1 1 0 1 0 1 0 1 1 0 1 0 0 0 0 0 0 0 0 0 0 0 0 1 1 1 0 0 0 0 1 0 0 1 0 1 0 0 0 0 0 0 0 0 0 1 1 0 0 1 1 1 1 0 0 0 0 0 0 0 0 1 1 1 0 0 0 0 0 1 0 0 0 0 0 0 0 1 0 0 1 0 1 1 0 1 0 1 0 0 0 0 0 0 1 0 0 0 0 1 0 1 1 0 0 0 1 0 1 0 0 1 0 1 1 0 0 0 0 0 0 0 1 0 0 1 0 0 1 0 0 0 0 0 0 0 0 0 0 0 0 0 1 1 0 1 0 0 0 0 1 0 1 1 0 0 0 1 0 0 1 1 0 0 0 0 0 1 0 0 
0 0 0 0 0 0 0 0 0 0 0 1 0 1 0 0 0 0 0 0 0 0 1 1 0 1 0 1 0 0 0 0 0 0 0 0 1 0 0 0 0 0 1 0 0 0 0 0 0 0 1 0 0 0 0 0 1 1 0 0 1 1 0 0 0 1 0 0 0 0 1 1 1 0 1 0 0 0 1 0 0 0 0 0 0 1 0 1 0 0 1 0 0 0 0 1 1 1 0 1 1 1 1 0 0 0 1 1 1 1 1 0 0 0 1 0 0 0 1 0 0 1 0 0 0 0 1 0 1 1 0 0 1 1 0 0 0 0 1 1 0 0 1 0 1 0 0 1 1 1 1 0 0 0 1 0 0 0 0 0 1 0 0 1 1 1 0 0 0 1 1 1 0 0 1 0 1 0 1 0 0 0 1 0 1 1 0 0 1 0 0 0 0 0 0 1 1 0 1 0 
1 0 0 0 0 0 1 0 0 1 0 1 0 1 0 0 0 0 0 1 1 0 0 0 1 1 1 1 0 0 0 0 1 0 0 0 1 0 0 0 0 0 0 0 0 0 0 0 1 0 0 1 0 0 0 0 0 0 1 0 0 0 0 0 1 0 1 1 0 1 0 0 1 1 1 0 0 1 0 0 0 0 0 0 0 0 0 1 0 1 1 0 0 0 0 1 1 1 1 0 1 1 1 0 0 1 0 0 1 0 0 0 0 0 0 0 0 0 1 0 1 1 0 0 0 0 1 0 0 0 0 0 0 0 0 0 0 0 0 1 1 0 1 0 0 0 1 0 1 1 1 0 0 0 1 0 0 1 0 1 0 0 0 1 0 1 0 0 1 1 0 1 0 0 1 0 0 1 1 0 0 0 0 0 1 1 0 0 1 0 0 0 0 0 0 1 0 0 0 1 
0 0 0 0 0 0 0 0 0 0 0 1 0 1 0 0 0 0 0 0 0 0 1 1 0 0 0 1 0 0 0 0 0 0 0 0 1 0 0 0 0 0 1 0 0 0 0 0 0 0 1 0 0 0 0 0 1 1 0 0 1 1 0 0 0 0 0 0 0 1 0 0 1 0 1 0 0 0 1 0 0 0 0 0 0 1 0 1 0 0 0 0 0 0 0 1 1 1 0 1 1 0 1 0 0 0 1 1 1 1 1 0 0 0 1 0 0 0 0 0 0 1 0 0 0 0 1 0 1 1 0 0 1 1 0 0 0 0 1 1 0 0 1 0 1 0 0 1 1 0 1 0 0 0 0 0 0 0 0 0 1 0 0 1 1 1 0 0 0 1 1 0 0 0 1 0 1 0 0 0 0 0 1 0 1 0 0 0 1 0 0 0 0 0 0 1 1 0 1 0 
1 1 0 1 1 1 1 0 1 1 0 1 1 1 1 1 0 0 0 0 1 1 1 1 1 1 1 1 1 1 1 1 0 1 0 1 1 1 1 0 1 1 1 1 0 0 1 0 1 1 0 1 1 1 0 1 1 1 0 0 1 1 0 1 1 1 1 1 0 1 1 1 0 1 1 0 1 1 1 1 0 0 1 0 0 1 1 1 0 1 1 1 1 0 0 1 1 1 0 1 1 1 1 0 1 1 1 1 1 1 1 0 0 1 1 0 1 1 1 0 1 1 0 1 0 0 1 1 1 1 1 1 1 1 0 1 0 0 1 1 0 1 1 1 1 0 0 0 1 1 1 1 1 0 1 1 1 1 1 1 0 1 1 1 1 1 1 1 1 1 1 1 0 1 1 1 0 0 1 0 1 1 1 1 1 1 1 0 1 0 0 1 1 1 1 1 1 0 1 1 
1 0 0 0 1 0 1 0 1 1 1 0 1 0 0 1 0 0 0 1 1 1 0 0 1 1 1 0 0 1 1 0 1 0 0 0 1 0 0 1 0 1 0 1 1 1 1 1 1 1 0 1 1 1 0 0 1 0 1 1 0 1 0 0 1 1 1 1 0 0 1 0 1 0 1 0 0 1 0 0 0 0 0 0 1 0 1 1 0 1 1 0 0 0 0 1 1 0 1 0 0 1 1 0 1 1 0 0 0 0 0 0 0 1 0 0 1 0 1 0 1 1 1 1 0 1 0 1 0 1 1 0 0 0 1 1 0 1 0 1 1 0 1 0 0 0 1 0 1 1 1 1 0 0 1 0 1 1 0 1 0 1 1 1 0 1 1 1 1 1 0 1 0 0 1 0 0 1 1 1 1 1 1 1 0 1 1 0 1 0 0 1 1 1 0 1 0 0 0 1 
1 0 0 0 0 0 1 0 0 1 0 1 0 1 0 0 0 0 0 1 1 0 0 1 1 1 1 1 0 0 0 0 1 0 0 0 1 0 0 0 0 0 1 0 0 0 0 0 1 0 0 1 0 0 0 0 1 1 0 0 0 1 0 0 1 1 1 1 0 1 1 1 1 1 0 0 0 1 1 0 0 0 0 0 0 1 0 1 0 0 1 0 0 0 0 1 1 1 1 0 1 1 1 0 0 1 1 0 1 0 0 0 0 0 1 0 0 0 1 0 1 1 0 0 0 0 1 0 1 0 0 0 0 1 0 0 0 0 1 1 1 0 1 0 0 0 1 1 1 1 1 1 0 0 1 0 0 1 0 1 0 0 1 1 1 1 0 0 1 1 1 1 0 0 1 0 0 0 1 0 0 0 0 0 1 1 0 0 1 0 0 0 0 0 0 1 1 0 0 1 
0 1 1 1 0 1 0 0 0 0 0 0 0 0 1 0 1 1 1 0 0 0 0 0 0 0 0 0 1 0 1 1 0 1 0 1 0 1 1 0 1 0 0 0 0 0 0 0 0 0 0 0 0 1 1 1 0 0 0 0 0 0 0 1 0 0 0 0 1 0 0 0 0 0 0 0 1 0 0 1 1 1 1 0 0 0 0 0 0 0 0 1 1 1 0 0 0 0 0 0 0 0 0 0 0 0 0 0 0 0 0 0 1 1 0 1 0 1 0 0 0 0 0 0 1 0 0 0 0 0 0 1 0 0 0 0 1 0 0 0 0 1 0 1 1 0 0 0 0 0 0 0 1 0 0 1 0 0 1 0 0 0 0 0 0 0 1 0 0 0 0 0 1 1 0 1 0 0 0 0 1 0 0 1 0 0 0 1 0 1 1 1 0 0 1 0 0 1 0 0 
0 1 0 1 1 1 0 1 1 0 1 0 1 0 0 1 1 1 1 0 0 1 1 0 0 1 0 0 1 1 1 1 0 1 1 1 1 0 1 1 1 1 0 1 1 1 1 1 0 1 0 1 1 1 1 1 0 0 0 1 0 1 1 1 0 1 0 0 1 0 0 0 1 0 0 1 0 0 0 0 0 0 1 1 1 0 1 0 1 0 0 1 1 1 1 0 0 0 0 0 0 0 0 1 1 0 0 0 0 0 0 1 1 1 0 1 1 1 0 1 0 0 1 1 0 1 0 1 0 1 1 1 0 0 1 1 1 1 1 1 0 0 0 1 0 1 0 0 1 0 0 1 1 1 1 1 1 0 0 0 0 1 1 0 0 0 1 1 1 0 0 0 1 1 0 1 0 0 0 1 1 1 1 1 0 0 1 1 0 1 1 1 1 1 1 0 0 1 0 0 
1 0 0 0 1 0 1 0 1 1 1 0 1 0 0 1 0 0 0 1 1 1 0 0 1 1 1 0 0 1 0 0 1 0 0 0 1 0 0 1 0 1 0 1 1 1 1 0 1 1 0 1 1 1 0 0 0 0 1 1 0 1 0 0 1 1 1 1 0 0 1 0 1 1 1 0 0 0 0 0 0 0 0 0 0 0 0 1 0 1 1 0 0 0 0 0 0 0 1 0 0 1 1 0 0 1 0 0 0 0 0 0 0 0 0 0 1 0 1 0 1 1 1 1 0 1 0 1 0 0 1 0 0 0 1 1 0 1 0 1 1 0 0 0 0 0 1 0 1 1 1 1 0 0 1 0 1 1 0 1 0 1 1 1 0 1 0 1 1 1 0 1 0 0 0 0 0 1 1 0 0 1 0 1 0 1 1 0 1 0 0 0 1 1 0 1 0 0 0 1 
0 0 1 1 0 1 0 0 0 0 0 1 0 1 1 1 0 0 0 0 0 0 1 1 0 1 0 1 1 0 0 0 0 0 0 0 1 1 1 0 1 0 1 1 0 0 0 0 0 1 1 0 0 1 0 0 1 1 0 0 1 1 0 0 0 1 0 0 0 1 0 1 1 0 1 0 0 0 0 1 0 1 1 0 0 1 0 1 0 0 1 1 0 0 0 1 1 1 0 1 1 1 1 0 0 0 1 1 1 1 1 0 0 0 1 0 0 1 0 0 0 1 0 0 0 0 1 1 1 1 1 1 1 1 0 0 0 0 1 1 0 1 1 1 1 0 0 1 1 0 1 1 1 0 1 1 0 0 1 0 1 0 1 1 1 1 0 1 1 1 1 1 0 0 1 1 1 0 1 0 1 0 1 0 1 1 1 0 0 0 0 1 0 0 0 1 1 0 1 0 
0 1 1 1 0 1 0 0 0 0 0 0 0 0 1 1 1 0 1 0 0 0 1 1 0 1 0 0 1 0 0 1 0 1 0 1 0 1 1 0 1 0 1 0 0 0 0 0 0 0 1 0 0 1 1 1 1 0 0 0 1 1 0 1 0 1 0 0 1 0 0 0 1 0 0 1 0 0 1 0 1 1 1 0 0 1 0 0 0 0 0 1 1 1 0 1 1 0 0 1 1 0 0 0 0 0 1 1 0 1 1 0 1 0 1 0 0 1 0 0 0 1 0 0 1 0 1 1 1 1 0 1 1 0 0 0 1 0 1 1 0 1 1 1 1 0 0 0 1 0 0 1 1 0 1 1 0 0 1 0 1 0 1 1 0 0 0 1 0 1 1 0 0 1 0 1 1 0 0 0 1 0 1 1 0 0 1 1 0 0 1 1 0 0 0 0 1 0 1 0 
0 1 1 1 0 1 0 0 0 0 0 0 0 0 1 0 1 0 1 0 0 0 0 0 0 0 0 0 1 0 0 1 0 1 0 1 0 1 1 0 1 0 0 0 0 0 0 0 0 0 0 0 0 0 1 1 0 0 0 0 0 0 0 1 0 0 0 0 1 0 0 0 0 0 0 1 0 0 0 1 0 1 1 0 0 0 0 0 0 0 0 1 1 1 0 0 0 0 0 0 0 0 0 0 0 0 0 1 0 0 0 0 1 0 0 1 0 1 0 0 0 0 0 0 1 0 0 0 0 0 0 1 1 0 0 0 1 0 0 0 0 1 0 1 1 0 0 0 0 0 0 0 1 0 0 1 0 0 1 0 0 0 0 0 0 0 0 0 0 0 0 0 1 1 0 1 0 0 0 0 1 0 0 0 0 0 0 1 0 0 1 1 0 0 0 0 0 0 0 0 
0 1 1 1 0 1 0 0 0 0 0 0 0 0 1 1 1 0 1 0 0 0 1 1 0 0 0 0 1 0 0 1 0 1 0 1 0 1 1 0 1 0 1 0 0 0 0 0 0 0 0 0 0 1 1 1 1 0 0 0 1 1 0 1 0 1 0 0 1 0 0 0 0 0 0 1 0 0 1 1 1 0 1 0 0 0 0 0 0 0 0 1 1 1 0 0 0 0 0 1 0 0 0 0 0 0 0 1 0 0 1 0 1 0 1 1 0 1 0 0 0 0 0 0 1 0 0 0 0 1 0 1 1 0 0 0 1 0 1 0 0 1 0 1 1 0 0 0 0 0 0 0 1 0 0 1 0 0 1 0 0 0 0 0 0 0 0 0 0 0 0 0 1 1 0 1 0 0 0 0 1 0 1 1 0 0 0 1 0 0 1 1 0 0 0 0 0 0 1 0 
1 1 1 1 0 1 0 0 1 0 0 0 1 0 1 1 1 1 1 0 0 1 1 1 0 1 1 0 1 1 1 1 0 1 0 1 1 1 1 1 1 1 1 1 0 0 0 0 1 1 0 1 1 1 1 1 1 0 0 0 1 1 0 1 0 1 0 0 1 0 0 0 1 0 0 1 1 0 1 1 1 1 0 0 0 0 1 1 0 0 1 1 1 1 1 1 1 0 0 1 1 1 0 0 1 1 0 1 0 1 1 0 1 1 1 1 1 1 0 0 1 1 0 1 1 0 1 1 1 1 1 1 1 0 0 1 1 1 1 1 0 1 1 1 1 1 0 0 1 0 0 1 1 0 1 1 1 0 1 0 0 1 1 1 0 0 1 1 1 1 0 1 1 1 0 1 0 0 1 1 1 1 1 1 0 0 1 1 0 1 1 1 1 0 1 0 1 1 1 0 
0 0 0 0 1 0 0 1 1 0 1 0 1 0 0 0 0 1 0 0 0 1 0 0 0 0 0 0 0 1 1 1 0 1 1 0 0 0 0 1 0 1 0 0 1 1 1 1 0 0 0 0 1 0 0 0 0 0 0 1 0 0 1 0 0 0 0 0 0 0 0 0 0 0 0 0 1 0 0 0 0 0 0 0 1 0 1 0 1 0 0 0 0 0 1 0 0 0 0 0 0 0 0 1 1 0 0 0 0 0 0 1 0 1 0 1 1 0 0 1 0 0 1 1 0 1 0 1 0 0 1 0 0 0 1 1 0 1 0 0 0 0 0 0 0 1 0 0 0 0 0 0 0 1 0 0 1 0 0 0 0 1 0 0 0 0 1 1 0 0 0 0 1 0 0 0 0 0 0 1 0 1 0 1 0 0 0 0 0 1 0 0 1 1 1 0 0 1 0 0 
0 0 0 0 1 0 0 1 1 0 1 0 1 0 0 1 0 1 0 0 0 1 0 0 0 0 0 0 0 1 1 1 0 1 1 0 0 0 0 1 0 1 0 1 1 1 1 1 0 1 0 1 1 0 0 1 0 0 1 1 0 0 1 0 1 0 0 0 0 0 0 0 0 1 0 0 1 0 0 0 0 0 0 1 0 0 1 0 1 1 0 0 0 0 1 0 0 0 0 0 0 0 0 1 1 0 0 0 0 0 0 1 0 1 0 1 1 0 0 1 0 0 1 1 0 1 0 1 0 0 1 0 0 0 1 1 0 1 0 0 0 0 0 0 0 1 0 0 0 0 0 0 0 1 0 0 1 1 0 0 0 1 1 0 0 0 1 1 1 0 0 0 1 0 0 0 0 1 0 1 0 1 0 1 0 0 1 0 0 1 0 0 1 1 1 0 0 1 0 0 
0 0 0 0 0 0 0 0 0 0 0 1 0 1 0 0 0 0 0 0 0 0 1 1 0 0 0 1 0 0 0 0 0 0 0 0 1 0 1 0 0 0 1 0 0 0 0 0 0 0 1 0 0 0 0 0 1 1 0 0 1 1 0 0 0 1 0 0 0 1 0 1 1 0 1 0 0 0 1 1 0 0 0 0 0 0 0 1 0 0 0 0 0 0 0 1 1 1 0 1 1 0 1 0 0 0 1 1 1 1 1 0 0 0 1 0 0 0 0 0 0 1 0 0 0 0 1 0 1 1 0 0 1 1 0 0 0 0 1 1 0 1 1 0 1 0 0 1 1 0 1 0 0 0 0 0 0 0 0 0 1 0 0 1 1 1 0 0 0 1 1 0 0 0 1 0 1 0 0 0 0 0 1 0 1 0 0 0 1 0 0 0 0 0 0 1 1 0 1 0 
0 1 0 1 1 1 0 1 1 0 1 0 1 0 0 1 0 1 1 0 0 1 0 0 0 1 1 0 1 1 1 1 0 1 1 1 1 0 0 1 0 1 0 1 1 1 1 1 1 1 0 1 1 1 1 1 0 0 1 1 0 1 1 1 0 1 0 0 0 0 0 0 1 1 0 0 1 0 0 0 0 0 1 1 1 0 0 0 1 1 0 1 1 1 1 0 0 0 0 0 0 0 0 1 1 0 0 0 0 0 0 1 1 1 0 1 1 1 0 1 1 0 1 1 0 1 0 1 0 1 1 1 0 0 1 1 0 1 0 1 0 0 0 0 0 1 0 0 1 0 0 1 1 1 1 0 1 1 0 0 0 1 1 0 0 0 1 1 1 0 0 1 1 1 0 1 0 1 0 1 1 1 1 1 0 0 1 0 0 1 1 1 1 1 1 0 0 1 0 0 
1 0 0 0 0 0 1 0 1 1 0 1 1 1 0 1 0 0 0 1 1 1 1 1 1 1 1 1 0 0 0 0 1 0 0 0 1 0 0 0 0 1 1 1 0 0 1 0 1 1 0 1 0 1 0 0 1 1 1 0 0 1 0 0 1 1 1 1 0 1 1 1 1 1 1 0 0 1 1 0 0 0 1 0 0 1 0 0 0 1 1 0 0 0 0 1 1 1 1 1 1 1 1 0 0 1 1 0 1 1 1 0 0 0 1 0 1 0 1 0 1 1 0 0 0 0 1 1 1 1 1 1 1 1 0 0 0 0 1 1 1 0 1 0 0 0 1 1 1 1 1 1 0 0 1 0 1 1 0 1 0 1 1 1 1 1 0 1 1 1 1 1 0 0 1 0 0 1 1 0 1 0 1 0 1 1 1 0 1 0 0 1 0 0 0 1 1 0 1 1 
0 1 0 1 1 0 0 1 1 0 1 0 1 0 0 1 0 1 1 0 0 1 0 0 0 0 0 0 0 1 1 1 0 1 1 0 0 0 0 1 0 1 0 1 1 1 1 1 0 1 0 0 1 1 1 1 0 0 0 1 0 0 1 1 0 0 0 0 0 0 0 0 0 0 0 0 1 0 0 0 0 0 0 1 1 0 1 0 0 0 0 0 0 0 1 0 0 0 0 0 0 0 0 1 1 0 0 0 0 0 0 1 0 1 0 1 1 1 0 1 0 0 1 1 0 1 0 1 0 0 1 0 0 0 1 1 0 1 0 0 0 0 0 0 0 1 0 0 0 0 0 1 1 1 0 0 1 0 0 0 0 1 1 0 0 0 1 1 1 0 0 0 1 1 0 0 0 0 0 1 0 1 0 1 0 0 1 0 0 1 0 1 1 1 1 0 0 1 0 0 
1 0 0 0 1 0 1 0 1 1 1 0 1 0 0 1 0 0 0 1 1 1 0 0 1 1 1 0 0 1 1 0 1 0 0 0 1 0 0 1 0 1 0 1 1 1 1 1 1 1 0 1 1 1 0 0 0 0 1 1 0 1 1 0 1 1 1 1 0 0 1 0 1 1 0 0 0 1 0 0 0 0 0 0 1 0 1 1 0 0 1 0 0 0 0 0 0 0 1 0 0 1 0 0 1 1 0 0 0 0 0 0 0 1 0 0 1 0 1 0 1 1 1 1 0 1 0 1 0 0 1 0 0 0 1 1 0 1 0 1 1 0 0 0 0 1 1 0 1 1 1 1 0 0 1 0 1 1 0 1 0 1 1 0 0 0 0 1 1 0 0 1 0 0 0 0 0 1 1 1 0 1 0 1 0 1 1 0 1 0 0 0 1 1 0 0 0 0 0 1 
1 0 0 0 1 0 1 0 1 1 0 1 1 1 0 1 0 0 0 1 1 1 1 1 1 1 1 1 0 1 0 0 1 0 0 0 1 0 0 0 0 1 0 1 0 0 1 0 1 1 0 1 1 1 0 0 1 0 1 0 0 1 0 0 1 1 1 1 0 1 1 0 1 1 1 0 0 1 1 0 0 0 1 0 0 0 0 1 0 1 0 0 0 0 0 1 1 1 1 0 1 1 1 0 0 1 0 0 1 0 0 0 0 0 0 0 1 0 1 0 1 1 0 1 0 0 1 1 0 1 1 0 0 0 0 1 0 0 1 1 1 0 1 0 0 0 1 0 1 1 1 1 0 0 1 0 1 1 0 1 0 1 1 1 0 1 0 1 1 1 0 1 0 0 1 0 0 1 1 0 1 1 1 1 1 1 1 0 1 0 0 1 1 1 0 1 0 0 0 1 
0 1 1 1 0 1 0 0 1 0 0 0 0 0 1 1 1 1 1 0 0 0 1 1 0 1 0 0 1 1 1 1 0 1 0 1 0 1 1 0 1 0 1 1 0 0 0 0 0 1 0 0 1 1 1 1 1 0 0 0 1 1 0 1 0 1 0 0 1 0 0 0 1 0 0 1 1 0 1 1 1 1 1 0 0 0 1 0 0 0 0 0 1 1 1 1 1 0 0 1 1 0 0 0 1 0 0 1 0 0 1 0 1 1 1 1 1 1 0 0 0 0 0 0 1 0 0 1 0 1 1 1 1 0 0 0 1 0 1 1 0 1 1 1 1 0 0 0 1 0 0 1 1 0 1 1 0 0 1 0 0 0 1 0 0 0 1 1 0 0 0 0 1 1 0 1 0 0 0 0 1 0 1 1 0 0 1 1 0 1 1 1 0 0 1 0 0 1 1 0 
0 1 1 1 0 1 0 0 1 0 0 0 0 0 1 1 1 1 1 0 0 0 1 0 0 1 0 0 1 1 1 1 0 1 0 1 0 1 1 0 1 0 1 0 0 0 0 0 0 1 0 0 1 1 1 1 1 0 0 0 1 1 0 1 0 1 0 0 1 0 0 0 1 0 0 1 1 0 0 1 1 1 1 0 0 0 1 0 0 0 0 1 0 1 1 0 0 0 0 1 0 0 0 0 1 0 0 1 0 0 1 0 1 1 0 1 1 1 0 0 0 0 0 0 1 0 0 1 0 1 1 1 1 0 0 0 1 0 1 0 0 1 0 1 1 0 0 0 1 0 0 1 1 0 1 1 0 0 1 0 0 0 1 0 0 0 1 1 0 0 0 0 1 1 0 1 0 0 0 0 1 0 1 1 0 0 1 1 0 1 1 1 0 0 1 0 0 1 0 0 
0 1 1 1 0 1 0 0 0 0 0 0 0 0 1 1 1 1 1 0 0 0 1 0 0 0 0 0 1 1 1 1 0 1 0 1 0 1 1 0 1 0 0 0 0 0 0 0 0 0 0 0 1 1 1 1 0 0 0 0 0 0 0 1 0 1 0 0 1 0 0 0 0 0 0 1 1 0 0 1 1 1 1 0 0 0 1 0 0 0 0 1 1 0 1 0 0 0 0 0 0 0 0 0 1 0 0 1 0 0 0 0 1 1 0 1 0 1 0 0 0 0 0 0 1 0 0 1 0 1 0 1 0 0 0 0 1 0 0 0 0 1 0 1 1 0 0 0 0 0 0 0 1 0 0 1 0 0 1 0 0 0 0 0 0 0 1 1 0 0 0 0 1 1 0 1 0 0 0 0 1 0 1 1 0 0 0 1 0 1 1 1 0 0 1 0 0 1 0 0 
0 1 0 1 1 1 0 1 1 0 1 0 1 0 0 1 0 1 1 0 0 1 0 0 0 1 0 0 1 1 1 1 0 1 1 1 0 0 0 1 0 1 0 1 1 1 1 1 0 1 0 1 1 1 1 1 0 0 0 1 0 1 1 1 0 1 0 0 0 0 0 0 0 0 0 0 1 0 0 0 0 0 1 1 1 0 1 0 1 0 0 1 1 1 0 0 0 0 0 0 0 0 0 1 1 0 0 0 0 0 0 1 1 1 0 1 1 1 0 1 0 0 1 1 0 1 0 1 0 1 1 1 0 0 1 1 0 1 0 1 0 0 0 0 0 1 0 0 1 0 0 1 1 1 1 0 1 1 0 0 0 1 1 0 0 0 1 1 1 0 0 0 1 1 0 1 0 0 0 1 1 1 1 1 0 0 1 0 0 1 1 1 1 1 1 0 0 1 0 0 
1 0 0 1 0 1 0 0 1 1 0 1 0 1 1 1 0 0 0 0 1 1 1 1 1 1 1 1 1 1 0 0 0 0 0 0 1 1 1 0 0 1 1 1 0 0 0 0 1 1 1 1 1 1 0 0 1 1 0 0 1 1 0 0 0 1 1 1 0 1 1 1 1 1 1 0 0 0 1 1 0 0 1 0 0 1 0 1 0 0 1 1 0 0 0 0 1 1 0 1 1 1 1 0 0 1 1 1 1 1 1 0 0 0 1 0 1 1 1 0 1 1 0 0 0 0 1 1 1 1 1 1 1 1 0 0 0 0 1 1 0 1 1 1 1 0 0 1 1 1 1 1 1 0 1 1 0 0 1 0 1 1 1 1 1 1 0 1 1 1 1 1 0 0 1 1 1 0 1 0 1 0 1 1 1 1 1 0 1 0 0 1 0 0 0 1 1 0 1 1 
1 0 0 1 0 1 0 0 1 1 0 1 0 1 1 1 0 0 0 0 1 0 1 1 1 1 1 1 1 0 0 0 0 0 0 0 1 1 1 0 1 1 1 1 0 0 0 0 1 1 1 1 0 1 0 0 1 1 0 0 1 1 0 0 0 1 0 1 0 1 1 1 1 1 1 0 0 0 1 1 0 0 1 0 0 1 0 1 0 0 1 1 0 0 0 1 0 1 0 1 1 1 1 0 0 1 1 1 1 1 1 0 0 0 1 0 1 1 1 0 1 1 0 0 0 0 1 1 1 1 1 1 1 1 0 0 0 0 1 1 0 1 1 1 1 0 0 1 1 1 1 1 1 0 1 1 0 0 1 0 1 0 1 1 1 1 0 1 1 1 1 1 0 0 1 1 1 0 1 0 1 0 1 1 1 1 1 0 1 0 0 1 0 0 0 1 1 0 1 1 
1 0 0 0 0 0 0 0 0 1 0 1 0 1 0 0 0 0 0 1 1 0 1 1 0 1 1 1 0 0 0 0 1 0 0 0 1 0 0 0 0 0 1 0 0 0 0 0 0 0 1 0 0 0 0 0 1 1 0 0 1 1 0 0 0 1 1 1 0 1 1 1 1 0 1 0 0 0 1 0 0 0 0 0 0 1 0 1 0 0 1 0 0 0 0 1 1 0 0 1 1 1 1 0 0 1 1 0 1 1 1 0 0 0 1 0 0 0 1 0 1 1 0 0 0 0 1 0 1 1 0 0 1 1 0 0 0 0 1 1 0 0 1 0 0 0 0 1 1 1 1 1 0 0 1 0 0 0 0 0 1 0 0 1 1 1 0 0 0 1 1 1 0 0 1 0 1 0 1 0 0 0 1 0 1 1 0 0 1 0 0 0 0 0 0 1 1 0 1 1 
1 0 0 0 0 0 1 0 0 1 0 0 0 1 0 0 0 0 0 1 1 0 0 0 1 0 1 0 0 0 0 0 1 0 0 0 1 0 0 0 0 0 0 0 0 0 1 0 1 0 0 1 0 0 0 0 0 0 1 0 0 0 0 0 1 0 1 1 0 0 1 0 0 1 1 0 0 1 0 0 0 0 0 0 0 0 0 1 0 1 1 0 0 0 0 0 0 0 0 0 0 1 1 0 0 1 0 0 0 0 0 0 0 0 0 0 0 0 1 0 1 0 0 0 0 0 0 0 0 0 0 0 0 0 0 0 0 0 0 0 1 0 0 0 0 0 1 0 0 1 1 0 0 0 0 0 0 1 0 1 0 0 0 0 0 1 0 0 0 0 0 1 0 0 1 0 0 1 1 0 0 0 0 0 0 1 0 0 1 0 0 0 0 0 0 1 0 0 0 1 
0 0 1 1 0 1 0 0 0 0 0 1 0 1 1 1 1 0 0 0 0 0 1 1 0 1 0 1 1 0 0 0 0 0 0 1 0 1 1 0 1 0 1 0 0 0 0 0 0 0 1 0 0 1 0 0 1 1 0 0 1 1 0 0 0 1 0 0 1 1 0 1 1 0 0 0 0 0 1 1 0 1 1 0 0 1 0 1 0 0 0 1 1 0 0 1 1 1 0 0 1 0 0 0 0 0 1 1 1 1 1 0 0 0 1 0 0 1 0 0 0 1 0 0 0 0 1 0 1 1 0 1 1 1 0 0 1 0 1 1 0 1 1 1 1 0 0 1 1 0 0 1 1 0 1 1 0 0 1 0 1 0 0 1 1 1 0 0 0 1 1 0 0 0 0 1 1 0 0 0 1 0 1 0 1 0 1 1 0 0 0 1 0 0 0 1 1 0 1 0 
1 0 0 1 0 1 0 0 0 0 0 1 0 1 1 1 0 0 0 0 0 0 1 1 0 1 1 1 0 0 0 0 0 0 0 0 1 1 1 0 0 0 1 1 0 0 0 0 0 1 1 0 0 1 0 0 1 1 0 0 1 1 0 0 0 1 0 0 0 1 1 1 1 0 1 0 0 0 1 1 0 0 1 0 0 1 0 1 0 0 1 1 0 0 0 1 1 1 0 1 0 1 1 0 0 1 1 1 1 1 1 0 0 0 1 0 0 1 1 0 1 1 0 0 0 0 1 1 1 1 1 1 1 1 0 0 0 0 1 1 0 1 1 1 1 0 0 1 1 1 1 1 0 0 1 1 0 0 1 0 1 0 1 1 1 1 0 0 1 1 1 1 0 0 1 1 1 0 1 0 1 0 1 0 1 1 1 0 1 0 0 1 0 0 0 1 1 0 1 1 
1 0 0 0 1 0 1 0 1 1 0 1 1 1 0 1 0 0 0 1 1 1 1 1 1 1 1 1 0 1 0 0 1 0 0 0 1 0 0 0 0 1 0 1 0 0 1 0 1 1 0 1 1 1 0 0 1 0 1 0 0 1 0 0 1 1 1 1 0 1 1 0 1 1 1 0 0 1 1 0 0 0 1 0 0 0 0 1 0 1 1 0 0 0 0 1 1 1 1 0 1 0 1 0 0 1 0 0 1 0 0 0 0 0 0 0 1 0 1 0 1 1 1 1 0 0 1 1 0 1 1 0 0 0 0 1 0 0 1 1 1 0 1 0 0 0 1 0 1 1 1 1 0 0 1 0 1 1 0 1 0 1 1 1 0 1 0 1 1 1 0 1 0 0 1 0 0 1 1 0 1 1 1 1 0 1 1 0 1 0 0 1 1 1 0 1 0 0 0 1 
1 0 0 0 0 0 1 0 0 1 0 1 0 1 0 0 0 0 0 1 1 0 1 1 1 1 1 1 0 0 0 0 1 0 0 0 1 0 0 0 0 0 1 0 0 0 0 0 1 0 0 1 0 0 0 0 1 1 0 0 0 1 0 0 0 1 1 1 0 1 1 1 1 1 1 0 0 1 1 0 0 0 0 0 0 1 0 1 0 0 1 0 0 0 0 1 1 1 1 0 1 1 0 0 0 1 1 0 1 1 1 0 0 0 1 0 0 0 1 0 1 1 0 0 0 0 1 0 1 1 0 0 0 1 0 0 0 0 1 1 1 0 1 0 0 0 1 1 1 1 1 1 0 0 1 0 0 0 0 1 1 0 1 1 1 1 0 0 1 1 1 1 0 0 1 0 0 0 1 0 0 0 1 0 1 1 0 0 1 0 0 0 0 0 0 1 1 0 1 1 
0 1 0 1 1 0 0 1 1 0 1 0 1 0 0 1 0 1 1 0 0 1 0 0 0 0 0 0 1 1 1 1 0 1 1 0 0 0 0 1 0 1 0 1 1 1 1 1 0 1 0 1 1 1 1 1 0 0 0 1 0 0 1 1 0 0 0 0 0 0 0 0 0 0 0 0 1 0 0 0 0 0 0 1 1 0 1 0 1 0 0 0 0 0 1 0 0 0 0 0 0 0 0 0 1 0 0 0 0 0 0 1 0 1 0 1 1 1 0 1 0 0 1 1 0 1 0 1 0 0 1 0 0 0 1 1 0 1 0 0 0 0 0 0 0 1 0 0 0 0 0 1 1 1 0 0 1 0 0 0 0 1 1 0 0 0 1 1 1 0 0 0 1 1 0 0 0 0 0 1 0 1 0 1 0 0 1 0 0 1 0 1 1 1 1 0 0 1 0 0 
0 1 0 1 1 1 0 1 1 0 1 0 1 0 0 1 0 1 1 0 0 1 0 0 0 1 0 0 1 1 1 1 0 1 1 1 1 0 0 1 0 1 0 1 1 1 1 1 1 1 0 1 1 1 1 1 0 0 1 1 0 1 1 1 0 1 0 0 0 0 0 0 1 1 0 0 1 0 0 0 0 0 1 1 1 0 1 0 1 1 0 1 1 1 1 0 0 0 0 0 0 0 0 1 0 0 0 0 0 0 0 1 1 1 0 1 1 1 0 1 1 0 1 1 0 1 0 1 0 1 1 1 0 0 1 1 0 1 0 1 0 0 0 0 0 1 0 0 1 0 0 1 1 1 1 0 1 1 0 0 0 1 1 0 0 0 1 1 1 0 0 1 1 1 0 1 0 1 0 1 1 1 1 1 0 0 1 0 0 1 1 1 1 1 1 0 0 1 0 0 
1 0 0 0 1 0 1 0 1 1 0 1 1 1 0 1 0 0 0 1 1 1 1 1 1 1 1 1 0 1 1 0 1 0 0 0 1 0 0 0 0 1 0 1 0 0 1 0 1 1 0 1 1 1 0 0 1 0 1 0 0 1 0 0 1 1 1 1 0 0 1 0 1 1 1 0 0 1 0 0 0 0 1 0 0 0 0 1 0 1 1 0 0 0 0 1 1 1 1 0 1 1 1 0 0 0 0 0 1 0 0 0 0 0 0 0 1 0 1 0 1 1 1 1 0 1 1 1 0 1 1 0 0 0 0 1 0 1 1 1 1 0 1 0 0 0 1 0 1 1 1 1 0 0 1 0 1 1 0 1 0 1 1 1 0 1 0 1 1 1 0 1 0 0 1 0 0 1 1 0 1 1 1 1 0 1 1 0 1 0 0 1 1 1 0 1 0 0 0 1 
0 0 0 0 0 0 0 0 0 0 0 1 0 1 0 0 0 0 0 0 0 0 1 1 0 0 0 1 0 0 0 0 0 0 0 0 0 0 0 0 0 0 1 0 0 0 0 0 0 0 1 0 0 0 0 0 1 1 0 0 1 0 0 0 0 0 0 0 0 1 0 1 1 0 1 0 0 0 1 1 0 0 0 0 0 1 0 1 0 0 0 0 0 0 0 1 1 1 0 1 1 0 1 0 0 0 0 1 1 1 1 0 0 0 1 0 0 0 0 0 0 1 0 0 0 0 1 0 1 1 0 0 1 1 0 0 0 0 1 0 0 0 1 0 1 0 0 1 0 0 1 0 0 0 0 0 0 0 0 0 1 0 0 1 1 1 0 0 0 1 1 0 0 0 1 0 1 0 0 0 0 0 1 0 1 0 0 0 1 0 0 0 0 0 0 1 1 0 1 0 
0 1 1 1 0 1 0 0 0 0 0 0 0 0 1 1 1 0 0 0 0 0 1 1 0 1 0 1 1 0 0 0 0 0 0 1 0 1 1 0 1 0 1 0 0 0 0 0 0 0 1 0 0 1 0 0 1 1 0 0 1 1 0 1 0 1 0 0 1 1 0 1 1 0 0 0 0 0 1 1 1 1 1 0 0 1 0 0 0 0 0 1 1 1 0 1 1 0 0 1 1 0 0 0 0 0 1 0 0 1 1 0 1 0 1 0 0 1 0 0 0 1 0 0 1 0 1 0 1 1 0 1 1 1 0 0 1 0 1 1 0 1 1 1 1 0 0 1 1 0 0 1 1 0 1 1 0 0 1 0 1 0 0 1 1 0 0 0 0 1 1 0 0 1 0 1 1 0 0 0 1 0 1 0 1 0 1 1 0 0 0 1 0 0 0 0 1 0 1 0 
1 0 0 0 0 0 0 0 0 0 0 1 0 1 0 0 0 0 0 1 1 0 1 1 0 0 0 1 0 0 0 0 1 0 0 0 1 0 0 0 0 0 1 0 0 0 0 0 0 0 1 0 0 0 0 0 1 1 0 0 0 0 0 0 0 0 1 0 0 1 1 1 1 0 1 0 0 0 1 0 0 0 0 0 0 1 0 1 0 0 1 0 0 0 0 1 1 1 0 1 1 1 1 0 0 1 1 0 0 1 1 0 0 0 1 0 0 0 1 0 0 1 0 0 0 0 1 0 1 0 0 0 1 1 0 0 0 0 1 1 0 0 1 0 0 0 0 1 1 1 1 0 0 0 1 0 0 0 0 0 1 0 0 1 1 1 0 0 0 1 1 1 0 0 1 0 1 0 1 0 0 0 0 0 1 1 0 0 1 0 0 0 0 0 0 1 1 0 1 1 
0 0 1 0 0 1 0 0 0 0 0 1 0 1 1 0 0 0 0 0 0 0 1 1 0 0 0 1 0 0 0 0 0 0 0 0 0 1 1 0 0 0 1 0 0 0 0 0 0 0 1 0 0 0 0 0 1 1 0 0 1 1 0 0 0 1 0 0 0 1 0 1 1 0 0 0 0 0 1 1 0 0 1 0 0 1 0 1 0 0 0 0 0 0 0 1 1 1 0 1 1 0 1 0 0 0 1 1 1 0 1 0 0 0 1 0 0 0 0 0 0 1 0 0 0 0 1 0 1 1 0 1 1 1 0 0 0 0 1 0 0 1 1 1 1 0 0 1 0 0 0 0 0 0 0 1 0 0 1 0 1 0 0 1 1 1 0 0 0 1 1 0 0 0 1 0 1 0 0 0 1 0 1 0 1 0 0 0 0 0 0 0 0 0 0 1 1 0 1 0 
0 1 1 1 0 1 0 0 0 0 0 1 0 1 1 1 1 0 0 0 0 0 1 1 0 1 0 1 1 0 0 0 0 0 0 1 1 1 1 0 1 0 1 1 0 0 0 0 0 1 1 0 0 1 0 1 1 1 0 0 1 1 0 1 0 1 0 0 1 1 0 1 1 0 0 0 0 0 1 1 0 1 1 0 0 1 0 1 0 0 0 1 1 0 0 1 1 1 0 1 1 0 1 0 0 0 1 1 1 1 0 0 1 0 1 0 0 1 0 0 0 1 0 0 0 0 1 1 1 1 1 1 1 1 0 0 1 0 1 1 0 1 1 1 1 0 0 1 1 0 0 1 1 0 1 1 0 0 1 0 1 0 1 1 1 1 0 1 0 1 1 1 0 1 0 1 1 0 0 0 1 0 1 1 1 0 1 1 0 0 0 1 0 0 0 1 1 0 1 0 
0 0 0 1 1 0 0 1 1 0 1 0 1 0 0 1 0 1 1 0 0 1 0 0 0 0 0 0 0 1 1 1 0 1 1 0 0 0 0 1 0 1 0 1 1 1 1 1 0 1 0 1 1 1 1 1 0 0 0 1 0 0 1 1 0 0 0 0 0 0 0 0 0 0 0 0 1 0 0 0 0 0 0 1 1 0 1 0 1 0 0 0 0 0 1 0 0 0 0 0 0 0 0 1 1 0 0 0 0 0 0 0 0 1 0 1 1 1 0 1 0 0 1 1 0 1 0 1 0 0 1 0 0 0 1 1 0 1 0 0 0 0 0 0 0 1 0 0 0 0 0 1 1 1 0 0 1 1 0 0 0 1 1 0 0 0 1 1 1 0 0 0 1 1 0 0 0 1 0 1 0 1 0 1 0 0 1 0 0 1 0 1 1 1 1 0 0 1 0 0 
0 1 1 1 0 1 0 0 0 0 0 0 0 0 1 1 1 1 1 0 0 0 1 0 0 0 0 0 1 1 1 1 0 1 0 1 0 1 1 0 1 0 0 0 0 0 0 0 0 0 0 0 1 1 1 1 0 0 0 0 0 1 0 1 0 1 0 0 1 0 0 0 0 0 0 1 1 0 0 1 1 1 1 0 0 0 1 0 0 0 0 1 1 1 1 0 0 0 0 0 0 0 0 0 1 0 0 1 0 0 1 0 0 1 0 1 0 1 0 0 0 0 0 0 1 0 0 1 0 1 1 1 1 0 0 0 1 0 0 0 0 1 0 1 1 0 0 0 0 0 0 0 1 0 0 1 0 0 1 0 0 0 0 0 0 0 1 1 0 0 0 0 1 1 0 1 0 0 0 0 1 0 1 1 0 0 1 1 0 1 1 1 0 0 1 0 0 1 0 0 
0 1 0 1 1 1 0 1 1 0 1 0 1 0 0 1 0 1 1 0 0 1 1 0 0 1 1 0 1 1 1 1 0 1 1 1 1 0 1 1 1 1 0 1 1 1 1 1 1 1 0 1 1 1 1 1 1 0 0 1 0 1 1 1 0 1 0 0 1 0 0 0 1 1 0 1 1 0 0 0 0 0 1 1 1 0 1 0 1 1 0 1 1 1 1 0 0 0 0 0 0 0 0 1 1 0 0 0 0 0 0 1 1 0 0 1 1 1 0 1 1 0 1 1 0 1 0 1 0 1 1 1 0 0 1 1 1 1 1 1 0 0 0 0 0 1 0 0 1 0 0 1 1 1 1 1 1 1 0 0 0 1 1 0 0 0 1 1 1 0 0 1 1 1 0 1 0 0 0 1 1 1 1 1 0 0 1 1 0 1 1 1 1 1 1 0 0 1 0 0 
0 0 1 1 0 1 0 0 0 0 0 1 0 1 1 1 0 0 0 0 0 0 1 1 0 1 0 1 1 0 0 0 0 0 0 0 1 1 1 0 1 0 1 0 0 0 0 0 0 0 1 0 0 1 0 0 1 1 0 0 1 1 0 0 0 1 0 0 0 1 0 1 1 0 1 0 0 0 1 1 0 1 1 0 0 1 0 1 0 0 0 1 0 0 0 1 1 1 0 1 1 0 1 0 0 0 1 1 1 1 1 0 0 0 0 0 0 1 0 0 0 1 0 0 0 0 1 0 1 1 0 1 1 1 0 0 0 0 1 1 0 1 1 1 1 0 0 1 1 0 1 1 0 0 1 1 0 0 1 0 1 0 1 1 1 1 0 0 0 1 1 0 0 0 1 1 1 0 0 0 1 0 1 0 1 0 1 0 0 0 0 1 0 0 0 1 1 0 1 0 
0 1 0 1 1 1 0 1 1 0 1 0 1 0 0 1 1 1 1 0 0 1 1 0 0 1 0 0 1 1 1 1 0 1 1 1 0 0 1 1 1 1 0 1 1 1 0 1 0 1 0 0 1 1 1 1 0 0 0 1 0 1 1 1 0 1 0 0 1 0 0 0 0 0 0 1 1 0 0 0 1 1 1 1 1 0 1 0 1 0 0 1 1 1 1 0 0 0 0 0 0 0 0 1 1 0 0 0 0 0 0 1 1 1 0 0 1 1 0 1 0 0 1 1 0 1 0 1 0 1 1 1 0 0 1 1 1 1 0 1 0 0 0 1 0 1 0 0 1 0 0 1 1 1 1 1 1 0 0 0 0 1 1 0 0 0 1 1 1 0 0 0 1 1 0 1 0 0 0 1 1 1 1 1 0 0 1 1 0 1 1 1 1 1 1 0 0 1 0 0 
1 1 0 1 1 1 0 1 1 1 1 0 1 0 0 1 0 1 1 0 0 1 1 0 1 1 1 0 1 1 1 1 0 1 1 1 1 0 1 1 0 1 0 1 1 1 1 1 1 1 0 1 1 1 1 1 1 0 1 1 0 1 1 1 1 1 0 1 0 0 0 0 1 1 0 0 1 1 0 0 0 0 1 1 1 0 1 1 1 1 1 1 1 0 1 1 1 0 0 0 0 1 0 1 1 1 0 0 0 0 0 1 0 1 0 1 0 1 1 1 1 1 1 1 0 1 0 1 0 1 1 1 0 0 1 1 0 1 1 1 0 0 1 0 0 1 0 0 1 0 0 1 1 1 1 0 1 1 0 1 0 1 1 1 0 0 1 1 1 1 0 1 1 1 0 1 0 1 1 1 1 1 1 1 0 1 1 0 0 1 0 1 1 1 1 0 0 1 0 1 
0 1 1 1 0 1 0 0 1 0 1 0 0 0 1 1 1 1 1 0 0 1 1 1 0 1 0 0 1 1 1 1 0 1 1 1 1 1 1 1 1 1 1 1 0 0 0 1 0 1 0 1 1 1 1 1 1 0 0 1 1 1 1 1 0 1 0 0 1 0 0 0 1 0 0 1 1 0 1 1 1 1 1 0 0 0 1 0 1 0 0 1 1 1 1 1 1 0 0 1 1 0 0 1 1 0 0 1 0 0 1 1 1 1 1 1 1 0 0 0 0 1 0 1 1 1 0 1 0 1 1 1 1 0 0 1 1 1 1 1 0 1 1 1 1 1 0 0 1 0 0 1 1 1 1 1 1 0 1 0 0 1 1 0 0 0 1 1 1 0 0 1 1 1 0 1 0 0 0 1 1 1 1 1 0 0 1 1 0 1 1 1 1 0 1 0 0 1 0 0 
1 0 0 0 1 0 1 0 1 1 0 1 1 1 0 1 0 0 0 1 1 1 1 1 1 1 1 1 0 0 0 0 1 0 0 0 1 0 0 0 0 1 0 1 0 0 1 0 1 1 0 1 0 1 0 0 1 0 1 0 0 1 0 0 1 1 1 1 0 1 1 0 1 1 1 0 0 1 0 0 0 0 0 0 0 0 0 1 0 1 1 0 0 0 0 1 1 1 1 0 1 1 1 0 0 1 0 0 1 0 0 0 0 0 0 0 1 0 0 0 1 1 0 1 0 0 1 1 0 1 1 0 0 0 0 0 0 0 1 1 1 0 1 0 0 0 1 0 1 1 1 1 0 0 1 0 1 1 0 1 0 1 1 1 0 1 0 1 1 1 0 1 0 0 1 0 0 1 1 0 0 0 1 0 1 1 1 0 1 0 0 0 1 1 0 1 0 0 0 1 
0 0 0 0 1 0 0 1 1 0 1 0 1 0 0 1 0 1 0 0 0 1 0 0 0 0 0 0 0 1 1 1 0 1 1 0 0 0 0 1 0 1 0 1 1 1 1 1 0 1 0 0 1 0 1 1 0 0 0 1 0 0 1 1 0 0 0 0 0 0 0 0 0 0 0 0 1 0 0 0 0 0 0 1 1 0 1 0 1 0 0 0 0 0 1 0 0 0 0 0 0 0 0 1 1 0 0 0 0 0 0 1 0 1 0 1 1 0 0 0 0 0 1 1 0 1 0 1 0 0 1 0 0 0 1 1 0 1 0 0 0 0 0 0 0 1 0 0 0 0 0 0 1 1 0 0 1 0 0 0 0 1 0 0 0 0 1 1 0 0 0 0 1 1 0 0 0 0 0 1 0 1 0 1 0 0 1 0 0 1 0 1 1 1 1 0 0 1 0 0 
1 0 0 0 1 0 1 0 1 1 1 0 1 1 0 1 0 0 0 1 1 1 1 1 1 1 1 1 0 1 1 0 1 0 0 0 1 0 0 1 0 1 0 1 1 0 1 0 1 1 0 1 1 1 0 0 1 0 1 0 0 1 0 0 1 1 1 1 0 0 1 0 1 1 1 0 0 1 0 0 0 0 1 0 0 0 1 1 0 1 1 0 0 0 0 1 1 1 1 0 1 1 1 0 1 1 0 0 0 0 0 0 0 1 0 0 1 0 1 0 0 1 1 1 0 1 1 1 0 1 1 0 0 0 0 1 0 1 1 1 1 0 1 0 0 0 1 0 1 1 1 1 0 0 1 0 1 1 0 1 0 1 1 1 0 1 0 1 1 1 0 1 0 0 1 0 0 1 1 0 1 1 1 1 0 1 1 0 1 0 0 1 1 1 0 1 0 0 0 1 
1 0 0 1 0 1 1 0 1 1 0 1 1 1 0 1 0 0 0 1 1 1 1 1 1 1 1 1 1 1 0 0 1 0 0 0 1 0 1 0 0 1 1 1 0 0 1 0 1 1 1 1 1 1 0 0 1 1 0 0 1 1 0 0 1 1 1 1 0 1 1 1 1 1 1 0 0 1 1 1 0 0 1 0 0 1 0 1 0 1 1 0 0 0 0 1 1 1 0 1 1 1 1 0 0 1 1 1 1 1 1 0 0 0 1 0 1 1 1 0 1 0 0 0 0 0 1 1 1 1 1 1 1 1 0 0 0 0 1 1 1 1 1 0 1 0 0 1 1 1 1 1 1 0 1 1 1 1 0 1 1 1 1 1 1 1 0 1 1 1 1 1 0 0 1 1 1 0 1 0 1 0 1 1 1 1 1 0 1 0 0 1 0 0 0 1 1 0 1 1 
1 0 0 0 1 0 0 1 1 0 1 0 1 0 0 1 0 1 0 0 0 1 0 0 1 1 1 0 0 1 1 1 0 1 1 0 1 0 0 1 0 1 0 1 1 1 1 1 1 1 0 1 1 1 0 1 0 0 1 1 0 0 1 1 1 1 0 0 0 0 0 0 0 1 0 0 1 1 0 0 0 0 0 1 1 0 1 0 1 1 0 0 0 0 1 0 0 0 0 0 0 1 0 1 1 1 0 0 0 0 0 1 0 1 0 1 1 0 0 1 1 0 0 1 0 1 0 1 0 0 1 0 0 0 1 1 0 1 0 1 0 0 0 0 0 1 0 0 1 0 0 1 1 1 1 0 1 1 0 0 0 1 1 0 0 0 1 1 1 0 0 1 1 0 0 0 0 1 0 1 0 1 0 1 0 0 1 0 0 1 0 1 1 1 1 0 0 1 0 0 
1 1 0 1 1 0 0 1 1 1 1 0 1 0 0 1 0 1 0 0 0 1 0 0 1 1 1 0 1 1 1 1 0 1 1 0 1 0 0 1 0 1 0 1 1 1 1 1 1 1 0 1 1 1 1 1 0 0 1 1 0 1 1 1 1 1 0 1 0 0 0 0 1 1 0 0 1 1 0 0 0 0 1 1 1 0 1 0 1 1 1 0 0 0 1 0 0 0 0 0 0 1 0 1 1 1 0 0 0 0 0 1 0 1 0 1 1 1 1 1 1 0 1 0 0 1 0 1 0 1 1 1 0 0 1 1 0 1 0 1 0 0 0 0 0 1 0 0 1 0 0 1 1 1 1 0 1 1 0 1 0 1 1 0 0 0 1 1 1 0 0 1 1 1 0 1 0 1 1 1 1 1 1 1 0 0 1 0 0 1 0 1 1 1 1 0 0 1 0 1 
0 1 1 1 0 1 0 0 0 0 0 0 0 0 1 0 1 0 1 0 0 0 0 0 0 0 0 0 1 0 0 0 0 0 0 1 0 1 1 0 1 0 0 0 0 0 0 0 0 0 0 0 0 0 1 1 0 0 0 0 0 0 0 1 0 0 0 0 1 0 0 0 0 0 0 1 0 0 0 1 1 1 1 0 0 0 0 0 0 0 0 1 1 1 0 0 0 0 0 0 0 0 0 0 0 0 0 1 0 0 0 0 1 0 0 0 0 1 0 0 0 0 0 0 0 0 0 0 0 0 0 1 0 0 0 0 1 0 0 0 0 1 0 1 1 0 0 0 0 0 0 0 1 0 0 1 0 0 1 0 0 0 0 0 0 0 0 0 0 0 0 0 0 1 0 1 0 0 0 0 0 0 0 0 0 0 0 1 0 0 1 0 0 0 0 0 0 0 0 0 
0 0 0 1 1 0 0 1 1 0 1 0 1 0 0 1 0 1 0 0 0 1 0 0 0 1 1 0 0 1 1 1 0 1 1 0 1 0 0 1 0 1 0 1 1 1 1 1 1 1 0 1 1 1 1 1 0 0 1 1 0 0 1 1 1 1 0 0 0 0 0 0 0 1 0 0 1 1 0 0 0 0 0 1 1 0 1 0 1 1 0 0 0 0 1 0 0 0 0 0 0 0 0 1 1 1 0 0 0 0 0 1 0 1 0 1 1 1 0 1 1 0 1 1 0 0 0 1 0 0 1 0 0 0 1 1 0 1 0 1 0 0 0 0 0 1 0 0 1 0 0 1 1 1 1 0 1 1 0 0 0 1 1 0 0 0 1 1 1 0 0 1 1 1 0 0 0 1 0 1 0 1 0 1 0 0 1 0 0 1 0 1 1 1 1 0 0 1 0 0 
1 0 0 0 0 1 0 0 0 0 0 1 0 1 1 1 0 0 0 0 0 0 1 1 0 1 1 1 0 0 0 0 0 0 0 0 1 0 1 0 0 0 1 0 0 0 0 0 0 0 1 0 0 1 0 0 1 1 0 0 1 1 0 0 0 1 0 0 0 1 1 1 1 0 1 0 0 0 1 1 0 0 1 0 0 1 0 1 0 0 1 0 0 0 0 1 1 1 0 1 1 1 1 0 0 1 1 1 1 1 1 0 0 0 1 0 0 0 1 0 1 1 0 0 0 0 0 0 1 1 0 1 1 1 0 0 0 0 1 1 0 1 1 0 1 0 0 1 1 1 1 1 0 0 1 1 0 0 0 0 1 0 1 1 1 1 0 0 1 1 1 1 0 0 1 0 1 0 1 0 1 0 1 0 1 1 1 0 1 0 0 1 0 0 0 1 1 0 1 1 
1 1 0 1 1 1 0 0 1 1 1 0 1 0 0 1 0 1 1 0 0 1 1 1 1 1 1 0 1 1 1 1 0 1 1 1 1 0 1 1 1 1 1 1 1 1 1 1 1 1 0 1 1 1 1 1 1 0 1 1 0 1 1 1 1 1 0 1 0 0 0 0 1 1 0 0 1 1 1 1 0 0 1 1 1 0 1 1 1 1 1 1 1 1 1 1 1 0 0 0 1 1 0 1 1 1 0 0 0 0 1 1 1 1 0 1 1 1 1 1 1 1 1 1 0 1 0 0 0 1 1 1 1 0 1 1 1 1 1 1 0 1 1 1 0 1 0 0 1 0 0 1 1 1 1 1 1 1 0 0 0 1 1 1 0 0 1 1 1 1 0 1 1 1 0 1 0 1 1 1 1 1 1 1 0 1 1 0 0 1 0 1 1 1 1 0 0 1 0 1 
0 0 0 0 0 1 0 0 0 0 0 1 0 1 1 0 0 0 0 0 0 0 1 1 0 1 0 1 0 0 0 0 0 0 0 0 1 1 1 0 0 0 1 0 0 0 0 0 0 0 1 0 0 0 0 0 1 1 0 0 1 1 0 0 0 1 0 0 0 1 0 1 1 0 1 0 0 0 1 1 0 0 1 0 0 1 0 1 0 0 0 0 0 0 0 1 1 1 0 1 1 0 1 0 0 0 1 1 1 1 1 0 0 0 1 0 0 0 0 0 0 1 0 0 0 0 1 0 0 1 0 1 1 1 0 0 0 0 1 1 0 1 1 1 1 0 0 1 1 0 1 0 0 0 1 1 0 0 1 0 1 0 0 1 1 1 0 0 0 1 1 0 0 0 1 0 1 0 0 0 1 0 1 0 1 0 0 0 0 0 0 0 0 0 0 1 1 0 1 0 
1 1 1 1 0 1 0 0 1 1 0 0 1 1 1 1 1 1 1 0 0 1 1 1 0 1 1 1 1 1 1 1 0 1 0 1 1 1 1 1 1 1 1 1 0 0 1 0 1 1 0 1 1 1 1 1 1 0 0 0 1 1 0 1 0 1 0 0 1 1 0 1 1 1 0 0 1 0 1 1 0 1 1 0 0 1 1 1 0 0 1 1 1 1 1 1 1 1 0 1 1 1 1 0 1 1 1 1 0 1 1 0 1 1 1 1 1 1 1 0 1 1 0 1 0 0 1 1 1 0 1 1 1 0 0 1 1 1 1 1 0 1 1 1 1 0 0 0 1 0 1 1 1 0 1 1 1 1 1 0 0 1 1 1 0 1 1 1 1 1 1 1 1 1 0 1 0 0 1 0 1 1 1 1 1 1 1 1 0 1 0 1 1 0 1 1 1 1 1 1 
1 1 0 1 1 1 0 1 1 1 1 0 1 0 0 1 0 1 1 0 0 1 1 1 1 1 1 0 1 1 1 1 0 1 1 1 1 0 1 1 1 1 1 1 1 1 1 1 1 1 0 1 1 1 1 1 1 0 1 1 0 1 1 1 1 1 0 1 0 0 0 0 1 1 0 0 1 1 1 0 0 0 1 1 1 0 1 1 1 1 1 1 1 0 1 1 1 0 0 0 1 1 0 1 1 1 0 0 0 0 1 1 1 1 0 1 1 1 1 1 1 1 1 1 0 1 0 1 0 1 0 1 0 0 1 1 0 1 1 1 0 0 1 0 0 1 0 0 1 0 0 1 1 1 1 1 1 1 0 1 0 1 1 1 0 0 1 1 1 1 0 1 1 1 0 1 0 1 1 1 1 1 1 1 0 1 1 0 0 1 0 1 1 1 1 0 0 1 0 1 
0 1 1 1 0 1 0 0 1 0 0 0 0 0 1 1 1 1 1 0 0 0 1 1 0 1 0 0 1 1 1 1 0 1 0 1 1 1 1 1 1 1 1 1 0 0 0 0 0 1 0 1 1 1 1 1 1 0 0 0 1 1 0 1 0 1 0 0 1 0 0 0 1 0 0 1 1 0 1 1 1 1 1 0 0 0 1 1 0 0 0 1 1 1 1 1 1 0 0 1 1 0 0 0 1 0 0 1 0 1 1 0 1 1 1 1 1 1 0 0 0 1 0 1 1 0 1 1 1 1 1 0 1 0 0 0 1 1 1 1 0 1 1 1 1 0 0 0 1 0 0 1 1 0 1 1 1 0 1 0 0 1 1 1 0 0 1 1 1 1 1 1 1 1 0 1 0 0 0 0 1 0 1 1 0 0 1 1 0 1 1 1 0 0 1 0 1 1 1 0 
0 1 1 1 0 1 0 0 0 0 0 1 0 1 1 1 1 0 0 0 0 0 1 1 0 1 0 1 1 0 0 0 0 0 0 1 1 1 1 0 1 0 1 0 0 0 0 0 0 0 1 0 0 1 0 0 1 1 0 0 1 1 0 1 0 1 0 0 1 1 0 1 1 0 0 0 0 0 1 1 1 1 1 0 0 1 0 1 0 0 0 1 1 0 0 1 1 1 0 1 1 0 0 0 0 0 1 1 1 1 1 0 1 0 1 0 0 1 0 0 0 1 0 0 0 0 1 1 1 1 0 1 0 1 0 0 1 0 1 1 0 1 1 1 1 0 0 1 1 0 0 1 1 0 1 1 0 0 1 0 1 0 1 1 1 1 0 1 0 1 1 0 0 1 0 1 1 0 0 0 1 0 1 1 1 0 1 1 0 0 0 1 0 0 0 1 1 0 1 0 
0 0 0 0 0 0 0 0 0 0 0 1 0 1 0 0 0 0 0 0 0 0 1 1 0 0 0 1 0 0 0 0 0 0 0 0 0 0 0 0 0 0 1 0 0 0 0 0 0 0 1 0 0 0 0 0 1 1 0 0 1 0 0 0 0 0 0 0 0 1 0 1 1 0 1 0 0 0 1 0 0 0 0 0 0 1 0 1 0 0 0 0 0 0 0 1 1 1 0 1 1 0 1 0 0 0 1 1 1 1 1 0 0 0 1 0 0 0 0 0 0 1 0 0 0 0 1 0 1 0 0 0 1 0 0 0 0 0 1 0 0 0 1 0 1 0 0 1 0 0 1 0 0 0 0 0 0 0 0 0 1 0 0 1 1 1 0 0 0 1 1 0 0 0 1 0 1 0 0 0 0 0 0 0 1 0 0 0 1 0 0 0 0 0 0 1 1 0 1 0 
0 0 0 0 1 0 0 1 1 0 1 0 1 0 0 1 0 1 0 0 0 1 0 0 0 1 0 0 0 1 1 1 0 1 1 0 0 0 0 1 0 1 0 1 1 1 1 1 0 1 0 1 1 1 1 1 0 0 1 1 0 0 1 1 1 0 0 0 0 0 0 0 0 1 0 0 1 1 0 0 0 0 0 1 1 0 1 0 1 1 0 0 0 0 1 0 0 0 0 0 0 0 0 1 1 0 0 0 0 0 0 1 0 1 0 1 1 0 0 1 0 0 1 1 0 1 0 1 0 0 1 0 0 0 0 1 0 1 0 0 0 0 0 0 0 1 0 0 0 0 0 1 1 1 0 0 1 1 0 0 0 1 1 0 0 0 1 1 1 0 0 0 1 0 0 0 0 1 0 1 0 1 0 1 0 0 1 0 0 1 0 1 1 1 1 0 0 1 0 0 
1 0 0 1 1 0 0 1 1 1 1 0 1 0 0 1 0 1 0 0 0 1 0 0 1 1 1 0 0 1 1 1 0 1 1 0 1 0 0 1 0 1 0 1 1 1 1 1 1 1 0 1 1 1 1 1 0 0 1 1 0 1 1 1 1 1 0 1 0 0 0 0 1 1 0 0 1 1 0 0 0 0 1 1 1 0 1 0 1 1 1 0 0 0 1 0 0 0 0 0 0 1 0 1 1 1 0 0 0 0 0 1 0 1 0 1 1 1 0 1 1 0 1 1 0 1 0 1 0 1 1 0 0 0 1 0 0 1 0 1 0 0 0 0 0 1 0 0 1 0 0 1 1 1 1 0 1 1 0 1 0 1 1 0 0 0 1 1 1 0 0 1 1 1 0 0 0 1 1 1 1 1 1 1 0 0 1 0 0 1 0 1 1 1 1 0 0 1 0 1 
0 1 1 1 0 1 0 0 0 0 0 0 0 0 1 1 1 1 1 0 0 0 1 0 0 0 0 0 1 1 1 1 0 1 0 1 0 1 1 0 1 0 1 0 0 0 0 0 0 0 0 0 1 1 1 1 1 0 0 0 1 1 0 1 0 1 0 0 1 0 0 0 0 0 0 1 1 0 0 1 1 1 1 0 0 0 0 0 0 0 0 1 1 1 0 0 0 0 0 1 0 0 0 0 0 0 0 1 0 0 1 0 1 1 0 1 0 1 0 0 0 0 0 0 1 0 0 1 0 1 0 1 1 0 0 0 0 0 1 0 0 1 0 1 1 0 0 0 0 0 0 1 1 0 0 1 0 0 1 0 0 0 0 0 0 0 1 1 0 0 0 0 1 1 0 1 0 0 0 0 1 0 1 1 0 0 1 1 0 1 1 1 0 0 1 0 0 1 0 0 
0 1 0 1 1 0 0 1 1 0 1 0 1 0 0 1 0 1 1 0 0 1 0 0 0 1 1 0 1 1 1 1 0 1 1 0 1 0 0 1 0 1 0 1 1 1 1 1 1 1 0 1 1 1 1 1 0 0 1 1 0 1 1 1 1 1 0 0 0 0 0 0 0 1 0 0 1 1 0 0 0 0 1 1 1 0 1 0 1 1 0 0 0 0 1 0 0 0 0 0 0 0 0 1 1 1 0 0 0 0 0 1 0 1 0 1 1 1 0 1 1 0 1 1 0 1 0 1 0 1 1 1 0 0 1 1 0 0 0 1 0 0 0 0 0 1 0 0 1 0 0 1 1 1 1 0 1 1 0 0 0 1 1 0 0 0 1 1 1 0 0 1 1 1 0 1 0 1 0 1 1 1 1 1 0 0 1 0 0 1 0 1 1 1 1 0 0 1 0 0 
1 1 1 1 0 1 0 0 1 0 0 1 0 1 1 1 0 0 0 0 0 0 1 1 0 1 1 1 1 1 1 1 0 1 0 1 1 1 1 0 1 1 1 1 0 0 0 0 1 1 1 1 1 1 0 1 1 1 0 0 1 1 0 1 0 1 0 0 1 1 0 1 1 0 1 0 1 0 1 1 0 1 1 0 0 1 0 1 0 0 1 1 1 0 0 1 1 1 0 1 1 1 1 0 0 1 1 1 1 1 1 0 0 1 1 0 1 1 1 0 1 1 0 0 0 0 1 1 1 1 1 1 1 1 0 0 1 0 0 1 0 1 1 1 1 0 0 1 1 0 1 1 1 0 1 1 0 0 1 0 1 0 1 1 1 1 0 1 1 1 1 1 0 1 1 1 1 0 1 0 1 0 1 1 1 1 1 0 1 0 0 1 0 0 0 1 1 0 1 0 
1 1 0 1 1 1 1 0 1 1 0 1 1 1 0 1 0 0 0 1 1 1 1 1 1 1 1 1 1 1 1 1 1 1 0 0 1 0 1 1 0 1 1 1 0 0 1 0 1 1 0 1 1 1 0 1 1 0 1 0 1 1 0 1 1 1 1 1 0 1 1 1 1 1 1 0 1 1 1 1 0 0 1 0 0 1 1 1 0 1 1 1 0 0 1 1 1 1 0 1 1 1 1 0 1 1 0 1 1 0 1 0 0 1 1 1 1 1 1 0 1 1 1 1 0 1 1 1 1 1 1 1 1 0 0 1 0 1 1 0 1 1 1 0 1 0 1 0 1 1 1 1 1 0 1 1 1 1 0 1 0 1 1 1 0 1 1 1 1 1 1 1 0 1 1 1 0 1 1 0 1 1 1 1 1 1 1 0 1 0 0 1 1 1 1 1 1 1 1 1 
1 0 0 0 1 0 1 0 0 1 0 0 1 1 0 0 0 0 0 1 1 1 0 0 1 1 1 0 0 0 0 0 1 0 0 0 1 0 0 0 0 1 0 1 0 0 1 0 1 1 0 1 0 0 0 0 0 0 1 0 0 0 0 0 1 0 1 1 0 0 1 0 0 1 1 0 0 1 0 0 0 0 0 0 0 0 0 1 0 1 1 0 0 0 0 0 0 0 1 0 0 1 1 0 0 1 0 0 0 0 0 0 0 0 0 0 0 0 1 0 1 1 0 0 0 0 0 0 0 0 0 0 0 0 0 0 0 0 0 1 0 0 0 0 0 0 1 0 1 1 1 0 0 0 1 0 1 1 0 1 0 1 1 1 0 1 0 0 1 1 0 1 0 0 1 0 0 1 1 0 0 0 0 0 0 1 0 0 1 0 0 0 0 1 0 1 0 0 0 1 
0 1 1 1 0 1 0 0 0 0 0 0 0 0 1 1 1 0 1 0 0 0 1 1 0 1 0 0 1 0 0 1 0 1 0 1 0 1 1 0 1 0 1 0 0 0 0 0 0 0 1 0 0 1 1 1 1 0 0 0 1 1 0 1 0 1 0 0 1 0 0 0 1 0 0 1 0 0 1 1 1 1 1 0 0 1 0 0 0 0 0 1 1 1 0 1 1 0 0 1 1 0 0 0 0 0 0 1 0 1 1 0 1 0 1 0 0 1 0 0 0 1 0 0 1 0 1 1 1 1 0 1 1 0 0 0 1 0 1 1 0 0 1 1 1 0 0 0 1 0 0 1 1 0 1 1 0 0 1 0 1 0 1 1 0 0 0 1 0 0 1 0 0 1 0 1 1 0 0 0 1 0 1 1 0 0 1 1 0 0 1 1 0 0 0 0 1 0 1 0 
1 0 0 1 0 1 0 0 1 1 0 1 0 1 1 1 0 0 0 0 1 0 1 1 0 1 1 1 1 0 0 0 0 0 0 0 1 1 1 0 0 0 1 1 0 0 0 0 1 1 1 1 0 1 0 0 1 1 0 0 1 1 0 0 0 1 0 0 0 1 1 1 1 1 1 0 0 0 1 1 0 0 1 0 0 1 0 1 0 0 1 1 0 0 0 1 1 1 0 1 1 1 1 0 0 1 1 1 1 1 1 0 0 0 1 0 1 1 1 0 1 1 0 0 0 0 1 1 1 1 1 1 1 1 0 0 0 0 1 1 0 1 0 1 1 0 0 1 1 1 1 1 0 0 1 1 0 0 1 0 1 0 1 1 1 1 0 1 1 1 1 1 0 0 1 1 1 0 1 0 1 0 1 1 1 1 1 0 1 0 0 1 0 0 0 1 1 0 1 1 
0 1 1 1 0 1 0 0 0 0 0 0 0 0 1 1 1 0 1 0 0 0 1 1 0 1 0 0 1 0 0 1 0 1 0 1 0 1 1 0 1 0 1 0 0 0 0 0 0 0 0 0 0 1 1 1 1 0 0 0 1 1 0 1 0 1 0 0 1 0 0 0 1 0 0 1 1 0 1 1 1 1 1 0 0 0 0 0 0 0 0 1 1 1 0 1 1 0 0 1 1 0 0 0 0 0 0 1 0 1 1 0 1 0 1 1 0 1 0 0 0 0 0 0 1 0 0 1 1 1 0 1 1 0 0 0 1 0 1 0 0 1 1 0 1 0 0 0 1 0 0 1 1 0 1 1 0 0 1 0 0 0 0 0 0 0 0 1 0 0 1 0 1 1 0 1 1 0 0 0 1 0 1 1 0 0 1 1 0 0 1 1 0 0 0 0 1 0 1 0 
0 1 1 1 0 1 0 0 0 0 0 0 0 0 1 1 1 0 0 0 0 0 1 1 0 1 0 1 1 0 0 0 0 0 0 1 0 1 1 0 1 0 1 0 0 0 0 0 0 0 1 0 0 1 0 0 1 1 0 0 1 1 0 1 0 1 0 0 1 1 0 1 1 0 0 1 0 0 1 1 1 1 1 0 0 1 0 0 0 0 0 1 1 1 0 1 1 0 0 1 1 0 0 0 0 0 1 1 0 1 1 0 1 0 1 0 0 1 0 0 0 1 0 0 1 0 1 0 1 1 0 1 1 1 0 0 1 0 1 1 0 1 1 1 0 0 0 1 1 0 0 1 1 0 1 1 0 0 1 0 1 0 1 1 1 0 0 0 0 1 1 0 0 1 0 1 1 0 0 0 1 0 1 0 1 0 1 1 0 0 0 1 0 0 0 0 1 0 1 0 
0 1 0 1 1 0 0 1 1 0 1 0 1 0 0 1 0 1 1 0 0 1 0 0 0 1 0 0 1 1 1 1 0 1 1 0 0 0 0 1 0 1 0 1 1 1 1 1 0 1 0 1 1 1 1 1 0 0 1 1 0 0 1 1 0 1 0 0 0 0 0 0 0 0 0 0 1 0 0 0 0 0 1 1 1 0 1 0 1 1 0 0 0 0 1 0 0 0 0 0 0 0 0 1 1 0 0 0 0 0 0 1 0 1 0 1 1 1 0 1 0 0 1 1 0 1 0 1 0 0 1 0 0 0 1 1 0 1 0 0 0 0 0 0 0 0 0 0 0 0 0 1 1 1 1 0 1 1 0 0 0 1 1 0 0 0 1 1 1 0 0 0 1 1 0 1 0 1 0 1 1 1 0 1 0 0 1 0 0 1 0 1 1 1 1 0 0 1 0 0 
1 0 0 0 1 0 1 0 0 1 0 0 1 0 0 0 0 0 0 1 1 1 0 0 1 0 1 0 0 0 0 0 1 0 0 0 1 0 0 0 0 1 0 1 0 0 1 0 1 0 0 1 0 0 0 0 0 0 1 0 0 0 0 0 1 0 1 1 0 0 1 0 0 1 1 0 0 1 0 0 0 0 0 0 0 0 0 1 0 1 1 0 0 0 0 0 0 0 1 0 0 1 1 0 0 1 0 0 0 0 0 0 0 0 0 0 0 0 1 0 1 0 0 0 0 0 0 0 0 0 0 0 0 0 0 0 0 0 0 1 1 0 0 0 0 0 0 0 0 1 1 0 0 0 0 0 1 1 0 1 0 1 0 0 0 1 0 0 1 0 0 1 0 0 1 0 0 1 1 0 0 0 0 0 0 1 0 0 1 0 0 0 0 1 0 1 0 0 0 1 
0 0 0 0 0 0 0 0 0 0 0 1 0 1 0 0 0 0 0 0 0 0 1 1 0 0 0 1 0 0 0 0 0 0 0 0 0 0 0 0 0 0 1 0 0 0 0 0 0 0 1 0 0 0 0 0 1 1 0 0 1 0 0 0 0 0 0 0 0 1 0 1 0 0 1 0 0 0 1 0 0 0 0 0 0 1 0 1 0 0 0 0 0 0 0 1 1 1 0 1 1 0 1 0 0 0 1 1 1 1 1 0 0 0 1 0 0 0 0 0 0 1 0 0 0 0 1 0 1 0 0 0 1 1 0 0 0 0 1 0 0 0 1 0 1 0 0 0 0 0 1 0 0 0 0 0 0 0 0 0 1 0 0 1 1 1 0 0 0 1 1 0 0 0 1 0 1 0 0 0 0 0 0 0 1 0 0 0 0 0 0 0 0 0 0 1 1 0 1 0 
1 1 0 1 1 1 1 0 1 1 0 1 1 1 0 1 0 0 0 1 1 1 1 1 1 1 1 1 1 1 1 1 0 1 0 1 1 0 1 1 1 1 1 1 0 0 1 0 1 1 0 1 1 1 1 1 1 0 1 1 1 1 0 1 1 1 1 1 0 1 1 1 1 1 1 0 1 1 1 1 0 0 1 0 0 1 1 1 0 1 1 1 1 0 1 1 1 1 0 1 1 1 1 0 1 1 0 1 1 0 1 0 0 1 1 1 1 1 1 0 1 1 1 1 0 1 1 1 1 1 1 1 1 0 0 1 0 1 1 1 1 1 1 1 1 0 0 0 0 1 1 1 1 0 1 1 1 1 0 1 0 1 1 1 0 1 1 1 1 1 1 1 0 1 1 1 0 1 1 0 1 1 1 1 1 1 1 0 1 1 0 1 1 1 1 1 1 1 1 1 
1 0 0 0 0 0 1 0 0 1 0 1 1 1 0 0 0 0 0 1 1 1 0 1 1 1 1 1 0 0 0 0 1 0 0 0 1 0 0 0 0 1 0 1 0 0 1 0 1 0 0 1 0 0 0 0 1 0 1 0 0 0 0 0 1 0 1 1 0 1 1 0 1 1 1 0 0 1 0 0 0 0 0 0 0 0 0 1 0 1 1 0 0 0 0 1 1 1 1 0 1 1 1 0 0 1 0 0 1 0 0 0 0 0 0 0 0 0 1 0 1 1 0 0 0 0 1 0 0 0 0 0 0 0 0 0 0 0 0 1 1 0 1 0 0 0 1 0 1 0 1 1 0 0 1 0 0 1 0 1 0 0 1 1 0 1 0 0 1 1 0 1 0 0 1 0 0 1 1 0 0 0 0 0 1 1 0 0 1 0 0 0 0 0 0 1 0 0 0 1 
1 0 0 0 0 0 1 0 0 1 0 1 0 1 0 0 0 0 0 1 1 1 1 1 1 1 1 1 0 0 0 0 1 0 0 0 1 0 0 0 0 1 1 1 0 0 1 0 1 1 0 1 0 0 0 0 1 1 0 0 0 1 0 0 1 1 1 1 0 1 1 1 1 1 1 0 0 1 1 0 0 0 0 0 0 1 0 1 0 1 1 0 0 0 0 1 1 1 1 0 1 1 1 0 0 1 1 0 1 0 0 0 0 0 1 0 0 0 1 0 1 1 0 0 0 0 1 0 1 1 0 0 0 1 0 0 0 0 1 1 1 0 1 0 0 0 1 1 1 1 0 1 0 0 1 0 0 1 0 1 0 0 1 1 1 1 0 0 1 1 1 1 0 0 1 0 0 0 1 0 0 0 1 0 1 1 1 0 1 0 0 0 0 0 0 1 1 0 0 1 
1 1 0 1 1 1 1 0 1 1 1 0 1 0 0 1 0 1 1 0 0 1 1 1 1 1 1 0 1 1 1 1 0 1 1 1 1 0 1 1 1 1 1 1 1 1 1 1 1 1 0 1 1 1 1 1 1 0 1 1 1 1 1 1 1 1 1 1 0 0 0 0 1 1 1 0 1 1 1 1 0 0 1 0 0 0 1 1 1 1 1 1 1 0 1 1 1 1 0 1 1 1 1 1 1 1 0 1 0 0 1 1 0 1 1 1 1 1 1 0 1 1 1 1 0 1 1 1 0 1 1 1 1 0 1 1 1 1 1 1 0 1 1 1 1 1 0 0 1 1 1 0 1 0 1 1 1 1 0 1 0 1 1 1 0 1 1 1 1 1 0 1 1 1 0 1 0 1 1 1 1 1 1 1 0 1 1 0 1 1 0 1 1 1 1 1 1 1 1 1 
0 1 1 1 1 1 0 0 1 0 1 0 1 0 1 1 1 1 1 0 0 1 1 1 0 1 0 0 1 1 1 1 0 1 1 1 1 1 1 1 1 1 1 1 0 1 0 1 0 1 0 1 1 1 1 1 1 0 0 1 1 1 1 1 0 1 0 0 1 0 0 0 1 0 0 1 1 0 1 1 1 1 1 0 0 0 1 0 1 0 0 1 1 1 1 1 1 0 0 1 0 0 0 1 1 0 0 1 0 0 1 1 1 1 0 1 1 1 0 1 0 1 1 1 1 1 0 1 0 1 1 1 1 0 1 1 1 1 1 1 0 1 0 1 1 1 0 0 1 0 0 1 0 1 1 1 1 0 1 0 0 1 1 0 0 0 1 1 1 0 0 1 1 1 0 1 0 0 0 1 1 1 1 1 0 0 1 1 0 1 1 1 1 0 1 0 0 1 0 0 
0 1 0 1 1 0 0 1 1 0 1 0 1 0 0 1 0 1 1 0 0 1 0 0 0 0 0 0 0 1 1 1 0 1 1 0 0 0 0 1 0 1 0 1 1 1 1 1 0 1 0 0 1 1 1 1 0 0 0 1 0 0 1 1 0 0 0 0 0 0 0 0 0 0 0 0 1 0 0 0 0 0 0 1 1 0 1 0 1 0 0 0 0 0 1 0 0 0 0 0 0 0 0 1 1 0 0 0 0 0 0 1 0 1 0 1 1 1 0 1 0 0 1 1 0 1 0 1 0 0 1 0 0 0 1 1 0 1 0 0 0 0 0 0 0 1 0 0 0 0 0 0 1 0 0 0 1 0 0 0 0 1 1 0 0 0 1 1 0 0 0 0 1 1 0 0 0 0 0 1 0 1 0 1 0 0 1 0 0 1 0 1 1 1 1 0 0 1 0 0 
1 1 0 1 1 1 1 0 1 1 1 0 1 1 0 1 0 1 0 1 1 1 1 1 1 1 1 1 1 1 1 1 0 1 0 1 1 0 1 1 1 1 1 1 0 0 1 1 1 1 0 1 1 1 1 1 1 0 1 1 1 1 0 1 1 1 1 1 0 1 1 0 1 1 1 0 1 1 1 1 0 0 1 0 0 0 1 1 0 1 1 1 1 0 1 1 1 1 0 1 1 1 1 0 1 1 0 1 1 0 1 0 0 1 1 1 1 1 1 0 1 1 1 1 0 1 1 1 1 1 1 1 1 0 0 1 0 1 1 1 1 1 1 1 1 1 0 0 1 1 1 1 1 0 0 1 1 1 0 1 0 1 1 1 0 1 1 1 1 1 1 1 1 1 1 1 0 1 1 1 1 1 1 1 1 1 1 0 1 1 0 1 1 1 1 1 1 1 1 1 
0 1 1 1 0 1 0 0 0 0 0 0 0 0 1 1 1 0 1 0 0 0 1 1 0 1 0 0 1 1 1 1 0 1 0 1 0 1 1 0 1 0 1 0 0 0 0 0 0 1 1 0 0 1 1 1 1 0 0 0 1 1 0 1 0 1 0 0 1 0 0 0 1 0 0 1 1 0 1 1 1 1 1 0 0 0 0 0 0 0 0 1 1 1 0 1 1 0 0 1 1 0 0 0 0 0 0 1 0 1 1 0 1 1 1 1 0 1 0 0 0 1 0 0 1 0 1 1 1 1 1 1 1 0 0 0 1 0 1 1 0 1 1 1 1 0 0 0 1 0 0 1 1 0 1 0 0 0 1 0 0 0 1 1 0 0 0 1 0 1 1 0 1 1 0 1 1 0 0 0 1 0 1 1 0 0 1 1 0 0 1 1 0 0 0 0 1 0 1 0 
1 0 0 1 1 0 1 1 1 1 1 0 1 0 0 1 0 1 0 0 0 1 0 0 1 1 1 0 0 1 1 1 0 1 1 0 1 0 0 1 0 1 0 1 1 1 1 1 1 1 0 1 1 1 1 1 0 0 1 1 0 1 1 1 1 1 0 1 0 0 0 0 1 1 0 0 1 1 0 0 0 0 1 1 1 0 1 1 1 1 1 0 0 0 1 0 0 0 0 0 0 1 0 1 1 1 0 0 0 0 0 1 0 1 0 1 1 1 1 1 1 1 1 1 0 1 0 1 0 1 1 1 0 0 1 1 0 1 0 1 1 0 0 0 0 1 1 0 1 0 0 1 1 1 1 0 0 1 0 1 0 1 1 0 0 0 1 1 1 0 0 1 1 1 0 0 0 1 1 1 1 1 1 1 0 1 1 0 0 1 0 1 1 1 1 0 0 1 0 1 
1 0 0 0 1 0 1 0 1 1 1 0 1 0 0 1 0 0 0 1 1 1 0 0 1 1 1 0 0 1 1 0 1 0 1 0 1 0 0 1 0 1 0 1 1 1 1 1 1 1 0 1 1 1 0 0 0 0 1 1 0 1 1 0 1 1 1 1 0 0 1 0 1 1 1 0 0 1 0 0 0 0 0 0 1 0 1 1 0 1 1 0 0 0 1 0 0 0 1 0 0 1 0 0 1 1 0 0 0 0 0 1 0 1 0 0 1 0 1 0 1 1 1 1 0 1 0 1 0 1 1 0 0 0 1 1 0 1 0 1 1 0 0 0 0 1 1 0 1 1 1 1 0 0 1 0 1 0 0 1 0 1 1 1 0 1 1 1 1 0 0 1 0 0 0 0 0 1 1 1 0 1 0 1 0 1 1 0 1 0 0 1 1 1 1 0 0 0 0 1 
0 1 1 1 0 1 0 0 0 0 0 0 0 0 1 1 1 0 1 0 0 0 1 1 0 0 0 0 1 0 0 0 0 0 0 1 0 1 1 0 1 0 1 0 0 0 0 0 0 0 0 0 0 1 1 1 1 0 0 0 1 1 0 1 0 1 0 0 1 0 0 0 1 0 0 1 0 0 1 1 1 1 1 0 0 0 0 0 0 0 0 1 1 1 0 1 1 0 0 1 1 0 0 0 0 0 0 1 0 1 1 0 1 0 1 0 0 1 0 0 0 0 0 0 1 0 0 0 1 1 0 1 1 0 0 0 1 0 1 0 0 1 1 1 1 0 0 0 0 0 0 0 1 0 0 1 0 0 0 0 0 0 0 0 0 0 0 0 0 0 1 0 0 1 0 1 1 0 0 0 1 0 1 0 0 0 0 1 0 0 1 1 0 0 0 0 1 0 1 0 
1 0 0 0 1 0 1 0 1 1 0 0 1 1 0 0 0 0 0 1 1 1 0 0 1 1 1 0 0 0 0 0 1 0 0 0 1 0 0 0 0 1 0 1 0 0 1 0 1 1 0 1 0 0 0 0 0 0 1 0 0 0 0 0 1 0 1 1 0 0 1 0 1 1 1 0 0 1 0 0 0 0 0 0 0 0 0 1 0 1 1 0 0 0 0 0 0 0 1 0 0 1 1 0 0 1 0 0 0 0 0 0 0 0 0 0 1 0 1 0 1 1 0 1 0 0 0 0 0 0 1 0 0 0 0 1 0 0 0 1 1 0 0 0 0 0 1 0 1 1 1 1 0 0 1 0 1 1 0 0 0 1 1 1 0 1 0 0 1 1 0 1 0 0 1 0 0 1 1 0 0 1 0 0 0 1 1 0 1 0 0 0 1 1 0 1 0 0 0 1 
0 0 0 0 0 0 0 0 0 0 0 1 0 1 1 0 0 0 0 0 0 0 1 1 0 0 0 1 0 0 0 0 0 0 0 0 0 0 1 0 0 0 1 0 0 0 0 0 0 0 1 0 0 0 0 0 1 1 0 0 1 0 0 0 0 0 0 0 0 1 0 1 0 0 0 0 0 0 1 1 0 0 0 0 0 1 0 0 0 0 0 0 0 0 0 1 1 1 0 1 1 0 1 0 0 0 1 1 1 1 1 0 0 0 1 0 0 0 0 0 0 1 0 0 0 0 1 0 1 0 0 0 1 1 0 0 0 0 1 0 0 1 1 0 1 0 0 1 0 0 0 0 0 0 0 0 0 0 0 0 0 0 0 1 1 1 0 0 0 1 1 0 0 0 1 0 1 0 0 0 0 0 0 0 1 0 0 0 0 0 0 0 0 0 0 1 1 0 1 0 
1 0 0 1 1 0 1 1 1 1 1 0 1 0 0 1 0 1 0 0 0 1 0 0 1 1 1 0 0 1 1 1 0 1 1 0 1 0 0 1 0 1 0 1 1 1 1 1 1 1 0 1 1 1 1 1 1 0 1 1 0 1 1 1 1 1 1 1 0 0 0 0 1 1 0 0 1 1 0 0 0 0 1 1 1 0 1 1 1 1 1 0 0 0 1 1 0 0 0 0 0 1 0 1 1 1 0 0 0 0 0 1 0 1 0 1 1 1 1 1 1 1 1 1 0 1 0 1 0 1 1 1 0 0 1 1 0 1 0 1 1 0 0 0 0 1 1 0 1 0 0 1 1 1 1 0 1 1 0 1 0 0 1 0 0 0 1 1 1 0 0 1 1 1 0 1 0 1 1 1 1 1 1 1 0 1 1 0 0 1 0 1 1 1 1 0 0 1 0 1 
1 1 0 1 1 1 1 0 1 1 1 0 1 0 0 1 0 1 0 0 1 1 1 1 1 1 1 0 1 1 1 1 0 1 1 1 1 0 1 1 1 1 1 1 1 1 1 1 1 1 0 1 1 1 1 1 1 0 1 1 0 1 1 1 1 1 1 1 0 0 0 0 1 1 1 0 1 1 1 1 0 0 1 0 1 0 1 1 1 1 1 1 1 0 1 1 1 0 0 0 1 1 1 1 1 1 0 0 0 0 1 1 0 1 1 1 1 1 1 0 1 1 1 1 0 1 1 1 0 1 1 1 1 0 1 1 0 1 1 1 1 1 1 0 1 1 0 0 1 1 1 1 1 1 1 1 1 1 0 1 0 1 0 1 0 1 1 1 1 1 0 1 1 1 0 1 0 1 1 1 1 1 1 1 0 1 1 0 1 1 0 1 1 1 1 1 0 1 0 1 
1 0 0 0 0 1 1 0 1 1 0 1 0 1 0 1 0 0 0 1 1 1 1 1 1 1 1 1 0 0 0 0 1 0 0 0 1 0 1 0 0 1 1 1 0 0 0 0 1 1 1 1 0 1 0 0 1 1 0 0 1 1 0 0 1 1 1 1 0 1 1 1 1 1 1 0 0 1 1 1 0 0 1 0 0 1 0 1 0 0 1 0 0 0 0 1 1 1 0 1 1 1 1 0 0 1 1 1 1 1 1 0 0 0 1 0 1 0 1 0 1 1 0 0 0 0 1 1 1 1 1 1 1 1 0 0 0 0 1 1 1 1 1 0 1 0 0 1 1 1 1 1 0 0 1 1 0 1 0 1 1 0 1 0 1 1 0 1 1 1 1 1 0 0 1 0 1 0 1 0 1 0 1 1 1 1 1 0 1 0 0 1 0 0 0 1 1 0 1 1 
0 0 0 0 0 0 0 0 0 0 0 1 0 1 0 0 0 0 0 0 0 0 1 1 0 0 0 1 0 0 0 0 0 0 0 0 0 0 0 0 0 0 1 0 0 0 0 0 0 0 1 0 0 0 0 0 1 1 0 0 1 0 0 0 0 0 0 0 0 1 0 1 1 0 1 0 0 0 1 0 0 0 0 0 0 1 0 1 0 0 0 0 0 0 0 1 1 1 0 1 1 0 1 0 0 0 1 1 1 1 1 0 0 0 1 0 0 0 0 0 0 1 0 0 0 0 1 0 1 0 0 0 1 1 0 0 0 0 1 0 0 0 1 0 1 0 0 1 0 0 1 0 0 0 0 0 0 0 0 0 1 0 0 1 0 1 0 0 0 1 1 0 0 0 1 0 1 0 0 0 0 0 0 0 1 0 0 0 1 0 0 0 0 0 0 1 1 0 1 0 
1 0 0 0 0 0 1 0 0 1 0 1 0 1 0 1 0 0 0 1 1 0 1 1 1 1 1 1 0 0 0 0 1 0 0 0 1 0 0 0 0 0 1 1 0 0 0 0 1 1 0 1 0 1 0 0 1 1 0 0 0 1 0 0 1 1 1 1 0 1 1 1 1 1 1 0 0 1 1 0 0 0 0 0 0 1 0 1 0 0 1 0 0 0 0 1 1 1 1 1 1 1 1 0 0 1 1 0 1 1 1 0 0 0 1 0 0 0 1 0 1 1 0 0 0 0 1 0 1 1 0 0 1 1 0 0 0 0 1 1 1 0 1 0 0 0 1 1 1 1 1 1 0 0 1 0 0 1 0 1 1 0 1 1 1 0 0 0 1 1 1 1 0 0 1 0 0 0 1 0 0 0 1 0 1 1 1 0 1 0 0 0 0 0 0 1 1 0 1 1 
0 1 0 1 1 1 0 1 1 0 1 0 1 0 0 1 0 1 1 0 0 1 0 0 0 1 0 0 1 1 1 1 0 1 1 1 1 0 0 1 1 1 0 1 1 1 1 1 0 1 0 1 1 1 1 1 0 0 0 1 0 1 1 1 0 1 0 0 0 0 0 0 1 1 0 1 1 0 0 0 0 0 1 1 1 0 1 0 1 0 0 1 1 1 1 0 0 0 0 0 0 0 0 1 1 0 0 0 0 0 0 1 1 1 0 1 1 1 0 1 0 0 1 1 0 1 0 1 0 1 1 1 0 0 1 1 1 1 0 1 0 0 0 0 0 1 0 0 1 0 0 1 1 1 1 0 1 1 0 0 0 1 1 0 0 0 0 1 1 0 0 1 1 1 0 1 0 0 0 1 1 1 1 1 0 0 1 0 0 1 1 1 1 1 1 0 0 1 0 0 
1 1 0 1 1 1 0 1 1 1 1 0 1 0 0 1 0 1 1 0 0 1 1 1 1 1 1 0 1 1 1 1 0 1 1 1 1 0 1 1 1 1 1 1 1 1 1 1 1 1 0 1 1 1 1 1 1 0 1 1 0 1 1 1 1 1 0 1 0 0 0 0 1 1 0 0 1 1 1 1 0 0 1 1 1 0 1 1 1 1 1 1 1 1 1 1 1 0 0 0 0 1 0 1 1 1 0 0 0 0 1 1 1 1 0 1 1 1 1 1 1 1 1 1 0 1 0 1 0 1 1 1 1 0 1 1 1 1 1 1 0 1 1 1 0 1 0 0 1 0 0 1 1 1 1 1 1 1 0 0 0 1 1 1 0 0 1 0 1 1 0 1 1 1 0 1 0 1 1 1 1 1 1 1 0 1 1 0 0 1 1 1 1 1 1 0 0 1 0 1 
1 0 0 1 1 1 1 0 1 1 1 0 1 0 0 1 0 1 0 1 1 1 1 1 1 1 1 0 1 1 1 1 1 1 1 0 1 0 0 1 0 1 1 1 1 1 1 1 1 1 0 1 1 1 1 1 1 0 1 1 0 1 1 1 1 1 1 1 0 0 1 0 1 1 1 0 1 1 1 0 0 0 1 0 1 0 1 1 1 1 1 0 0 0 1 1 1 0 0 0 1 1 1 1 1 1 0 0 0 0 0 1 0 1 0 1 1 1 1 0 1 1 1 1 0 1 1 1 0 1 1 1 0 0 1 1 0 1 1 1 1 0 1 0 0 1 1 0 1 1 1 1 1 0 1 0 1 1 0 1 0 1 1 1 0 1 1 1 0 1 0 1 1 1 1 1 0 1 1 1 1 1 1 1 0 1 1 0 1 1 0 1 1 1 1 1 0 1 0 1 
1 0 0 0 0 0 1 0 1 1 0 1 0 1 0 1 0 0 0 1 1 0 1 1 1 1 1 1 0 0 0 0 1 0 0 0 1 0 1 0 0 1 1 1 0 0 0 0 1 1 1 1 0 1 0 0 1 1 0 0 1 1 0 0 0 1 1 1 0 1 1 1 1 1 1 0 0 1 1 1 0 0 1 0 0 1 0 1 0 0 1 0 0 0 0 1 1 1 0 1 1 1 1 0 0 1 1 1 1 1 1 0 0 0 1 0 1 0 1 0 1 1 0 0 0 0 1 1 1 1 1 1 1 1 0 0 0 0 1 1 1 0 1 0 1 0 0 1 1 1 1 1 0 0 1 1 0 0 0 1 1 0 1 1 1 1 0 1 1 0 1 1 0 0 1 0 1 0 1 0 1 0 1 0 1 1 1 0 1 0 0 1 0 0 0 1 1 0 1 1 
0 0 0 0 0 1 0 0 0 0 0 1 0 1 1 0 0 0 0 0 0 0 1 1 0 1 0 1 0 0 0 0 0 0 0 0 1 1 1 0 0 0 1 0 0 0 0 0 0 0 1 0 0 0 0 0 1 1 0 0 1 1 0 0 0 1 0 0 0 1 0 1 1 0 1 0 0 0 1 1 0 0 0 0 0 1 0 1 0 0 0 0 0 0 0 1 1 1 0 1 1 0 1 0 0 0 1 1 1 1 1 0 0 0 1 0 0 0 0 0 0 1 0 0 0 0 1 0 1 1 0 1 1 1 0 0 0 0 1 1 0 1 1 1 1 0 0 1 1 0 1 0 0 0 1 1 0 0 1 0 1 0 0 1 1 1 0 0 0 1 0 0 0 0 1 0 1 0 0 0 1 0 1 0 1 0 0 0 0 0 0 0 0 0 0 1 1 0 1 0 
1 0 0 1 1 0 1 0 1 1 0 1 1 1 0 1 0 0 0 1 1 1 1 1 1 1 1 1 0 1 1 0 1 0 0 0 1 0 0 1 0 1 1 1 1 0 1 0 1 1 0 1 1 1 0 0 1 0 1 0 0 1 0 0 1 1 1 1 0 1 1 0 1 1 1 0 0 1 1 0 0 0 1 0 0 0 1 1 0 1 1 0 0 0 0 1 1 1 1 0 1 1 1 0 1 1 0 0 1 0 1 0 0 1 0 0 1 1 1 0 1 1 1 1 0 1 1 1 0 1 1 1 0 0 0 1 0 1 1 1 1 0 1 0 0 0 1 0 1 1 1 1 1 0 1 0 1 1 0 1 0 1 1 1 0 1 1 1 1 1 0 0 0 0 1 0 0 1 1 0 1 1 1 1 1 1 1 0 1 0 0 1 1 1 1 1 0 0 0 1 
0 1 0 1 1 1 0 1 1 0 1 0 0 0 0 1 1 1 1 0 0 0 0 0 0 1 0 0 1 1 1 1 0 1 1 1 0 0 1 1 1 1 0 1 0 1 0 1 0 1 0 0 1 1 1 1 0 0 0 1 0 1 1 1 0 1 0 0 1 0 0 0 0 0 0 1 1 0 0 0 1 1 1 1 1 0 1 0 1 0 0 1 1 1 1 0 0 0 0 0 0 0 0 1 1 0 0 0 0 0 0 1 1 1 0 1 1 1 0 1 0 0 1 1 0 1 0 1 0 1 1 1 0 0 1 1 1 1 0 0 0 0 0 1 0 1 0 0 0 0 0 1 1 1 1 1 1 0 0 0 0 1 1 0 0 0 1 1 1 0 0 0 0 1 0 1 0 0 0 1 1 1 1 1 0 0 1 1 0 1 1 1 1 0 1 0 0 1 0 0 
0 1 1 1 0 1 0 0 1 0 1 0 0 0 1 1 1 1 1 0 0 0 1 0 0 1 0 0 1 1 1 1 0 1 1 1 0 1 1 1 1 1 0 1 0 1 0 1 0 1 0 0 1 1 1 1 1 0 0 1 0 1 1 1 0 1 0 0 1 0 0 0 1 0 0 1 1 0 0 1 1 1 1 0 0 0 1 0 1 0 0 1 1 1 1 0 0 0 0 0 0 0 0 1 1 0 0 1 0 0 1 1 1 1 0 1 1 1 0 1 0 0 0 1 1 1 0 1 0 1 1 1 1 0 0 1 1 1 1 1 0 1 0 1 1 1 0 0 1 0 0 1 1 1 1 1 1 0 1 0 0 1 1 0 0 0 1 1 1 0 0 0 1 0 0 1 0 0 0 1 1 1 1 1 0 0 1 1 0 1 1 1 1 0 1 0 0 1 0 0 
1 0 0 0 0 0 1 0 0 1 0 1 0 1 0 0 0 0 0 1 1 0 1 1 1 1 1 1 0 0 0 0 1 0 0 0 1 0 0 0 0 0 1 0 0 0 0 0 1 0 0 1 0 0 0 0 1 1 0 0 0 1 0 0 0 0 1 1 0 1 1 1 1 1 1 0 0 0 1 0 0 0 0 0 0 1 0 1 0 0 1 0 0 0 0 1 1 1 1 0 1 1 1 0 0 1 1 0 1 1 0 0 0 0 1 0 0 0 1 0 1 1 0 0 0 0 1 0 1 0 0 0 0 1 0 0 0 0 1 1 1 0 1 0 0 0 1 1 1 1 1 0 0 0 1 0 0 0 0 1 1 0 0 1 1 1 0 0 1 1 1 1 0 0 0 0 0 0 1 0 0 0 0 0 1 1 0 0 1 0 0 0 0 0 0 1 1 0 1 1 
0 1 1 1 0 1 0 0 1 0 0 0 0 0 1 1 1 1 1 0 0 0 1 1 0 1 0 0 1 1 1 1 0 1 0 1 1 1 1 1 1 1 1 1 0 0 0 0 0 1 0 0 1 1 1 1 1 0 0 0 1 1 0 1 0 1 0 0 1 0 0 0 1 0 0 1 1 0 1 1 1 1 1 0 0 0 1 0 0 0 0 1 1 1 1 1 1 0 0 1 1 0 0 0 1 0 0 1 0 0 1 0 1 1 1 1 1 1 0 0 0 1 0 1 1 0 0 1 0 1 1 1 1 0 0 0 1 1 1 1 0 1 1 1 1 1 0 0 1 0 0 1 1 0 1 1 0 0 1 0 0 1 1 0 0 0 1 1 1 0 0 0 1 1 0 0 0 0 0 1 1 0 1 1 0 0 1 1 0 1 1 1 0 0 1 0 0 1 1 0 
0 0 0 0 0 0 0 0 0 0 0 1 0 1 1 0 0 0 0 0 0 0 1 1 0 0 0 1 0 0 0 0 0 0 0 0 0 1 1 0 0 0 1 0 0 0 0 0 0 0 1 0 0 0 0 0 1 1 0 0 1 0 0 0 0 0 0 0 0 1 0 1 0 0 0 0 0 0 1 1 0 0 0 0 0 1 0 0 0 0 0 0 0 0 0 1 1 1 0 1 1 0 0 0 0 0 1 1 1 1 1 0 0 0 1 0 0 0 0 0 0 1 0 0 0 0 1 0 1 0 0 0 1 1 0 0 0 0 1 0 0 1 1 1 1 0 0 1 0 0 0 0 0 0 0 1 0 0 1 0 1 0 0 1 1 0 0 0 0 1 1 0 0 0 0 0 0 0 0 0 0 0 1 0 1 0 0 0 0 0 0 0 0 0 0 1 1 0 1 0 
1 0 0 0 1 0 1 0 1 1 1 0 1 0 0 1 0 0 0 1 1 1 0 0 1 1 1 0 0 1 1 0 1 0 1 0 1 0 0 1 0 1 0 1 1 1 1 1 1 1 0 1 1 0 0 0 0 0 1 1 0 0 1 0 1 0 1 1 0 0 1 0 0 1 0 0 0 1 0 0 0 0 0 0 1 0 1 1 0 1 1 0 0 0 0 0 0 0 1 0 0 1 0 0 1 1 0 0 0 0 0 1 0 0 0 0 1 0 1 0 1 0 1 1 0 1 0 1 0 0 1 0 0 0 1 1 0 1 0 1 1 0 0 0 0 1 1 0 1 1 0 1 0 0 1 0 1 1 0 1 0 1 1 0 0 0 0 1 1 0 0 1 0 0 0 0 0 0 1 1 0 1 0 1 0 1 1 0 0 0 0 0 1 1 0 0 0 0 0 1 
1 0 0 0 1 0 1 0 1 1 0 1 1 1 0 1 0 0 0 1 1 1 1 1 1 1 1 1 0 1 0 0 1 0 0 0 1 0 0 0 0 1 1 1 0 0 1 0 1 1 0 1 1 1 0 0 1 0 1 0 0 1 0 0 1 1 1 1 0 1 1 0 1 1 1 0 0 1 1 0 0 0 1 0 0 0 0 1 0 1 1 0 0 0 0 1 1 1 1 0 1 1 1 0 0 1 0 0 1 0 0 0 0 0 0 0 1 0 1 0 1 1 0 1 0 0 1 1 0 1 1 0 0 0 0 1 0 0 1 1 1 0 1 0 0 0 1 0 1 1 1 1 0 0 1 0 1 1 0 1 0 1 1 1 0 1 0 1 1 1 0 1 0 0 1 0 0 1 0 0 1 1 1 1 1 1 1 0 1 0 0 1 1 1 0 1 0 0 0 1 
0 1 0 1 1 0 0 1 1 0 1 0 1 0 0 1 0 1 1 0 0 1 0 0 0 1 0 0 1 1 1 1 0 1 1 0 0 0 0 1 0 1 0 1 1 1 1 1 0 1 0 1 1 1 1 1 0 0 1 1 0 0 1 1 0 1 0 0 0 0 0 0 0 1 0 0 1 0 0 0 0 0 1 1 1 0 1 0 1 1 0 0 0 0 1 0 0 0 0 0 0 0 0 1 1 0 0 0 0 0 0 1 0 1 0 1 1 1 0 1 0 0 1 1 0 1 0 1 0 0 1 0 0 0 1 1 0 1 0 0 0 0 0 0 0 1 0 0 0 0 0 1 1 1 1 0 1 1 0 0 0 1 1 0 0 0 1 1 1 0 0 0 1 1 0 1 0 1 0 0 1 1 0 1 0 0 1 0 0 1 0 1 1 1 1 0 0 1 0 0 
1 1 1 1 0 1 0 0 1 0 0 0 1 0 1 1 1 1 1 0 0 1 1 1 0 1 1 0 1 1 1 1 0 1 0 1 1 1 1 1 1 1 1 1 0 0 0 1 1 1 0 1 1 1 1 1 1 0 0 1 1 1 0 1 0 1 0 0 1 0 0 0 1 1 0 1 1 0 1 1 1 1 1 0 0 0 1 1 0 0 1 1 1 1 1 1 1 0 0 1 1 1 0 0 1 1 0 1 0 1 1 0 1 1 1 1 1 1 0 0 1 1 0 1 0 0 1 1 1 1 1 1 1 0 0 1 1 1 1 1 0 1 1 1 1 1 0 0 1 0 0 1 1 0 1 1 1 0 1 0 0 1 1 1 0 0 1 1 1 1 1 1 1 1 0 1 0 0 1 1 0 1 1 1 0 0 1 1 0 1 1 1 1 0 1 1 1 1 1 0 
1 0 0 1 1 0 0 1 1 1 1 0 1 0 0 1 0 1 0 0 0 1 0 0 1 1 1 0 0 1 1 1 0 1 1 0 1 0 0 1 0 1 0 1 1 1 1 1 1 1 0 1 1 1 1 1 0 0 1 1 0 1 1 1 1 1 0 1 0 0 0 0 1 1 0 0 1 1 0 0 0 0 1 1 1 0 1 0 1 1 1 0 0 0 1 0 0 0 0 0 0 1 0 1 1 1 0 0 0 0 0 1 0 1 0 1 1 1 0 1 1 0 1 1 0 1 0 1 0 1 1 0 0 0 1 1 0 1 0 1 0 0 0 0 0 1 0 0 1 0 0 1 1 1 1 0 1 1 0 1 0 1 1 0 0 0 1 1 1 0 0 1 1 1 0 0 0 1 1 1 1 0 1 1 0 0 1 0 0 1 0 1 1 1 1 0 0 1 0 1 
1 1 1 1 0 1 0 0 1 1 0 0 1 1 1 1 1 1 1 0 0 1 1 1 0 1 1 1 1 1 1 1 0 1 0 1 1 1 1 1 1 1 1 1 0 0 0 0 1 1 0 1 1 1 1 1 1 0 0 0 1 1 0 1 0 1 0 0 1 1 0 1 1 1 0 0 1 0 1 1 0 1 1 0 0 1 1 1 0 0 1 1 1 1 1 1 1 1 0 1 1 1 1 0 1 1 1 1 0 1 1 0 1 1 1 1 1 1 1 0 1 1 0 1 0 0 1 1 1 1 1 1 1 0 0 1 1 1 1 1 0 1 1 1 1 0 0 0 1 0 1 1 1 0 1 1 1 0 1 0 0 1 1 1 0 1 1 1 1 1 1 1 1 1 0 1 1 0 1 0 1 1 0 1 1 1 1 1 0 1 1 1 1 0 1 1 1 1 1 1 
1 1 0 1 1 1 0 1 1 0 1 0 1 0 0 1 0 1 1 0 0 1 1 1 0 1 1 0 1 1 1 1 0 1 1 1 1 0 1 1 1 1 0 1 1 1 1 1 1 1 0 1 1 1 1 1 1 0 1 1 0 1 1 1 1 1 0 0 1 0 0 0 1 1 0 1 1 1 0 1 0 1 1 1 1 0 1 0 1 1 1 1 1 1 1 1 1 0 0 0 0 1 0 1 1 1 0 0 0 0 1 1 1 1 0 1 1 1 0 1 1 1 1 1 0 1 0 1 0 1 1 1 1 0 1 1 1 1 1 1 0 1 1 1 0 1 0 0 1 0 0 1 1 1 1 1 1 1 0 0 0 1 1 1 0 0 1 1 1 0 0 1 1 1 0 1 0 1 1 1 1 1 1 0 0 0 1 1 0 1 1 1 1 1 1 0 0 1 0 0 
0 0 0 0 0 0 0 0 0 0 0 1 0 1 0 0 0 0 0 0 0 0 1 1 0 1 0 1 0 0 0 0 0 0 0 0 1 0 0 0 0 0 1 0 0 0 0 0 0 0 1 0 0 0 0 0 1 1 0 0 1 1 0 0 0 1 0 0 0 1 1 1 1 0 1 0 0 0 1 0 0 0 0 0 0 1 0 1 0 0 1 0 0 0 0 1 1 1 0 1 1 0 1 0 0 0 1 1 1 1 1 0 0 0 1 0 0 0 1 0 0 1 0 0 0 0 1 0 1 1 0 0 1 1 0 0 0 0 1 1 0 0 1 0 1 0 0 1 1 1 1 0 0 0 1 0 0 0 0 0 1 0 0 1 1 1 0 0 0 1 1 1 0 0 1 0 1 0 1 0 0 0 1 0 0 1 0 0 1 0 0 0 0 0 0 1 1 0 1 0 
1 0 0 0 0 0 1 0 1 1 0 1 1 1 0 1 0 0 0 1 1 1 1 1 1 1 1 1 0 0 0 0 1 0 0 0 1 0 0 0 0 1 0 1 0 0 1 0 1 1 0 1 0 1 0 0 1 0 1 0 0 1 0 0 1 1 1 1 0 1 1 0 1 1 1 0 0 1 1 0 0 0 0 0 0 0 0 1 0 1 1 0 0 0 0 1 1 1 1 0 1 1 1 0 0 1 0 0 1 0 0 0 0 0 0 0 1 0 1 0 1 1 0 0 0 0 1 1 0 1 1 0 0 0 0 0 0 0 1 1 1 0 1 0 0 0 1 0 1 1 1 1 0 0 1 0 1 1 0 1 0 1 1 1 0 1 0 1 1 1 0 1 0 0 1 0 0 1 1 0 0 0 1 0 1 0 1 0 1 0 0 0 1 1 0 1 0 0 0 1 
1 1 0 1 1 1 0 0 1 1 1 0 1 0 0 1 0 1 1 0 0 1 1 1 1 1 1 0 1 1 1 1 0 1 1 1 1 0 1 1 1 1 1 1 1 1 1 1 1 1 0 1 1 1 1 1 1 0 1 1 1 1 1 1 1 1 0 1 0 0 0 0 1 1 0 0 1 1 1 1 0 0 1 0 1 0 1 1 1 1 1 1 1 0 1 1 1 0 0 1 1 1 0 1 1 1 0 1 0 0 1 1 1 1 1 1 1 1 1 1 1 1 1 1 0 1 1 1 0 1 1 1 1 0 1 1 1 1 1 1 0 1 1 1 1 1 0 0 1 0 1 1 1 1 1 1 1 1 0 1 0 1 1 1 0 1 1 1 1 1 0 1 1 1 0 1 0 1 1 1 1 1 1 1 0 1 0 0 0 1 0 1 1 1 1 1 0 1 0 1 
0 1 1 1 0 1 0 0 0 0 0 0 0 0 1 1 1 0 1 0 0 0 1 0 0 0 0 0 1 0 0 1 0 1 0 1 0 1 1 0 1 0 0 0 0 0 0 0 0 0 0 0 0 1 1 1 0 0 0 0 1 0 0 1 0 1 0 0 1 0 0 0 0 0 0 1 1 0 0 1 1 1 1 0 0 0 0 0 0 0 0 1 1 1 0 0 0 0 0 1 0 0 0 0 0 0 0 1 0 0 1 0 1 1 0 1 0 1 0 0 0 0 0 0 1 0 0 0 0 1 0 1 1 0 0 0 1 0 0 0 0 1 0 1 1 0 0 0 0 0 0 0 1 0 0 1 0 0 1 0 0 0 0 0 0 0 0 0 0 0 0 0 1 1 0 1 0 0 0 0 1 0 1 1 0 0 0 0 0 0 1 1 0 0 0 0 0 1 0 0 
1 0 0 0 0 0 1 0 0 1 0 1 0 1 0 0 0 0 0 1 1 0 0 1 1 1 1 1 0 0 0 0 1 0 0 0 1 0 0 0 0 0 0 1 0 0 0 0 1 0 0 1 0 0 0 0 1 1 1 0 0 1 0 0 1 0 1 1 0 1 1 1 1 1 1 0 0 1 0 0 0 0 0 0 0 1 0 1 0 1 1 0 0 0 0 1 1 1 1 0 1 1 1 0 0 1 1 0 1 0 0 0 0 0 0 0 0 0 1 0 1 1 0 0 0 0 1 0 0 0 0 0 0 1 0 0 0 0 1 1 1 0 1 0 0 0 1 0 1 1 1 1 0 0 1 0 0 1 0 1 0 0 1 1 1 1 0 0 1 1 0 1 0 0 1 0 0 0 1 0 0 0 0 0 1 1 0 0 0 0 0 0 0 0 0 1 0 0 0 1 
0 1 0 1 1 1 0 1 1 0 1 0 1 0 0 1 0 1 1 0 0 1 0 0 0 1 0 0 1 1 1 1 0 1 1 1 0 0 0 1 1 1 0 1 1 1 1 1 0 1 0 1 1 1 1 1 0 0 0 1 0 1 1 1 0 1 0 0 0 0 0 0 0 0 0 1 1 0 0 0 0 0 1 1 1 0 1 0 1 0 0 1 1 1 1 0 0 0 0 0 0 0 0 1 1 0 0 0 0 0 0 1 1 1 0 1 1 1 0 1 0 0 1 1 0 1 0 1 0 1 1 1 0 0 1 1 1 1 0 0 0 0 0 0 0 1 0 0 1 0 0 1 1 1 1 0 1 0 0 0 0 1 1 0 0 0 1 1 1 0 0 0 1 1 0 1 0 0 0 1 1 1 1 1 0 0 1 0 0 0 1 1 1 1 1 0 0 1 0 0 
0 1 1 1 0 1 0 0 0 0 0 0 0 0 1 1 1 1 1 0 0 0 0 0 0 0 0 0 1 1 1 1 0 1 0 1 0 1 1 0 1 0 0 0 0 0 0 0 0 0 0 0 1 1 1 1 0 0 0 0 0 0 0 1 0 0 0 0 1 0 0 0 0 0 0 1 1 0 0 1 1 1 1 0 0 0 1 0 0 0 0 1 1 1 1 0 0 0 0 0 0 0 0 0 1 0 0 0 0 0 0 0 1 1 0 1 0 1 0 0 0 0 0 0 1 0 0 0 0 0 0 1 0 0 0 0 1 0 0 0 0 1 0 1 0 0 0 0 0 0 0 0 1 0 0 1 0 0 1 0 0 0 0 0 0 0 1 1 0 0 0 0 1 1 0 1 0 0 0 0 1 0 1 1 0 0 0 1 0 1 0 1 0 0 1 0 0 1 0 0 
1 1 1 1 1 1 0 0 1 0 1 0 1 0 1 1 1 1 1 0 0 1 1 1 0 1 1 0 1 1 1 1 0 1 1 1 1 1 1 1 1 1 1 1 0 1 1 1 1 1 0 1 1 1 1 1 1 0 0 1 1 1 1 1 0 1 0 0 1 0 0 0 1 1 0 1 1 0 1 1 1 1 1 0 0 0 1 1 1 0 1 1 1 1 1 1 1 0 0 1 1 1 0 1 1 1 0 1 0 0 1 1 1 1 1 1 1 1 0 1 1 1 1 1 0 1 1 1 0 1 1 1 1 0 1 1 1 1 1 1 0 1 1 1 1 1 0 0 1 0 0 1 1 1 1 1 1 1 1 0 0 1 1 1 0 0 1 1 1 1 0 1 1 1 0 1 0 0 1 1 1 1 1 1 0 0 1 1 0 1 1 0 1 1 1 0 0 1 0 0 
1 0 0 1 1 0 1 1 1 1 1 0 1 0 0 1 0 1 0 0 0 1 0 0 1 1 1 0 0 1 1 1 0 1 1 0 1 0 0 1 0 1 0 1 1 1 1 1 1 1 0 1 1 1 1 1 0 0 1 1 0 1 1 1 1 1 0 1 0 0 0 0 1 1 0 0 1 1 0 0 0 0 1 1 1 0 1 0 1 1 1 0 0 0 1 0 0 0 0 0 0 1 0 1 1 1 0 0 0 0 0 1 0 1 0 1 1 1 1 1 1 0 1 1 0 1 0 1 0 1 1 0 0 0 1 1 0 1 0 1 0 0 0 0 0 1 0 0 1 0 0 1 1 1 1 0 1 1 0 1 0 1 1 0 0 0 1 1 1 0 0 1 1 1 0 0 0 1 1 1 1 1 1 1 0 1 1 0 0 1 0 1 0 1 1 0 0 1 0 1 
1 0 0 0 1 0 1 1 1 1 1 0 1 0 0 1 0 1 0 0 0 1 0 0 1 1 1 0 0 1 1 1 0 1 1 0 1 0 0 1 0 1 0 1 1 1 1 1 1 1 0 1 1 1 0 0 0 0 1 1 0 1 1 0 1 1 0 1 0 0 0 0 1 1 0 0 1 1 0 0 0 0 0 1 1 0 1 0 1 1 1 0 0 0 1 0 0 0 0 0 0 1 0 1 1 1 0 0 0 0 0 1 0 1 0 1 1 0 1 1 1 0 1 1 0 1 0 1 0 0 1 0 0 0 1 1 0 1 0 1 1 0 0 0 0 1 1 0 1 0 0 1 0 1 1 0 1 1 0 1 0 1 1 0 0 0 1 1 1 0 0 1 0 0 0 0 0 1 1 1 0 1 0 1 0 1 1 0 0 1 0 1 1 0 1 0 0 1 0 1 
0 1 0 1 1 1 0 1 1 0 1 0 1 0 0 1 0 1 1 0 0 1 0 0 0 1 0 0 1 1 1 1 0 1 1 1 1 0 0 1 1 1 0 1 1 1 1 1 0 1 0 1 1 1 1 1 0 0 0 1 0 1 1 1 0 1 0 0 0 0 0 0 1 0 0 1 1 0 0 0 0 0 1 1 1 0 1 0 1 0 0 1 1 1 1 0 0 0 0 0 0 0 0 1 1 0 0 0 0 0 0 1 1 1 0 1 1 1 0 1 0 0 1 1 0 1 0 1 0 1 1 1 0 0 1 1 1 1 0 1 0 0 0 0 0 1 0 0 1 0 0 1 1 1 1 0 1 1 0 0 0 1 1 0 0 0 1 1 1 0 0 1 1 1 0 1 0 0 0 1 1 1 1 1 0 0 1 0 0 1 1 1 1 1 0 0 0 1 0 0 
1 0 0 0 0 0 1 0 0 1 0 1 0 1 0 1 0 0 0 1 1 0 1 1 1 1 1 1 0 0 0 0 1 0 0 0 1 0 0 0 0 0 1 1 0 0 0 0 1 1 1 1 0 1 0 0 1 1 0 0 1 1 0 0 0 1 1 1 0 1 1 1 1 1 1 0 0 1 1 0 0 0 0 0 0 1 0 1 0 0 1 0 0 0 0 1 1 1 1 1 1 1 1 0 0 1 1 0 1 1 1 0 0 0 1 0 0 0 1 0 1 1 0 0 0 0 1 0 1 1 0 0 1 1 0 0 0 0 1 1 1 0 1 0 0 0 1 1 1 1 1 1 0 0 1 0 0 0 0 1 1 0 1 1 1 1 0 0 1 1 1 1 0 0 1 0 1 0 1 0 1 0 1 0 1 1 1 0 1 0 0 0 0 0 0 0 1 0 1 1 
0 0 0 0 0 1 0 0 0 0 0 1 0 1 1 0 0 0 0 0 0 0 1 1 0 1 0 1 0 0 0 0 0 0 0 0 1 1 1 0 0 0 1 0 0 0 0 0 0 0 1 0 0 1 0 0 1 1 0 0 1 1 0 0 0 1 0 0 0 1 0 1 1 0 1 0 0 0 1 1 0 0 1 0 0 1 0 1 0 0 0 0 0 0 0 1 1 1 0 1 1 0 1 0 0 0 1 1 1 1 1 0 0 0 1 0 0 0 0 0 0 1 0 0 0 0 1 0 1 1 0 1 1 1 0 0 0 0 1 1 0 1 1 1 1 0 0 1 1 0 1 1 0 0 1 1 0 0 1 0 1 0 0 1 1 1 0 0 0 1 1 0 0 0 1 0 1 0 0 0 1 0 1 0 1 0 0 0 0 0 0 0 0 0 0 1 0 0 1 0 
0 1 0 1 1 1 0 1 1 0 1 0 1 0 0 1 1 1 1 0 0 1 0 0 0 1 0 0 1 1 1 1 0 1 1 1 0 0 0 1 1 1 0 1 1 1 0 1 0 1 0 1 1 1 1 1 0 0 0 1 0 1 1 1 0 1 0 0 1 0 0 0 0 0 0 1 1 0 0 0 0 0 1 1 1 0 1 0 1 0 0 1 1 1 1 0 0 0 0 0 0 0 0 1 1 0 0 0 0 0 0 1 1 1 0 1 1 1 0 1 0 0 1 1 0 1 0 1 0 1 1 1 0 0 1 1 1 1 0 1 0 0 0 0 0 1 0 0 1 0 0 1 1 1 1 0 1 0 0 0 0 1 1 0 0 0 1 1 1 0 0 0 1 1 0 1 0 0 0 1 1 1 1 1 0 0 1 1 0 1 1 1 1 1 1 0 0 0 0 0 
0 0 1 0 0 1 0 0 0 0 0 1 0 1 1 0 0 0 0 0 0 0 1 1 0 1 0 1 0 0 0 0 0 0 0 0 1 1 1 0 1 0 1 0 0 0 0 0 0 0 1 0 0 1 0 0 1 1 0 0 1 1 0 0 0 1 0 0 0 1 0 1 1 0 0 0 0 0 1 1 0 1 1 0 0 1 0 1 0 0 0 1 0 0 0 1 1 1 0 1 1 0 1 0 0 0 1 1 1 1 1 0 0 0 1 0 0 0 0 0 0 1 0 0 0 0 1 0 1 1 0 1 1 1 0 0 0 0 1 1 0 1 1 1 1 0 0 1 1 0 0 1 0 0 1 1 0 0 1 0 1 0 0 1 1 1 0 0 0 1 1 0 0 0 1 1 1 0 0 0 1 0 1 0 1 0 0 0 0 0 0 0 0 0 0 1 1 0 0 0 
1 0 0 0 1 0 1 0 1 1 0 1 1 1 0 1 0 0 0 1 1 1 0 1 1 1 1 1 0 0 0 0 1 0 0 0 1 0 0 0 0 1 0 1 0 0 1 0 1 1 0 1 0 1 0 0 1 0 1 0 0 1 0 0 1 1 1 1 0 0 1 0 1 1 1 0 0 1 0 0 0 0 0 0 0 0 0 1 0 1 1 0 0 0 0 1 1 1 1 0 1 1 1 0 0 1 0 0 1 0 0 0 0 0 0 0 1 0 1 0 1 1 0 1 0 0 1 1 0 1 1 0 0 0 0 1 0 0 0 1 1 0 1 0 0 0 1 0 1 1 1 1 0 0 1 0 1 1 0 1 0 1 1 1 0 1 0 1 1 1 0 1 0 0 1 0 0 1 1 0 0 1 1 0 0 1 1 0 1 0 0 0 1 1 0 1 0 0 0 0 
