200 50 0.503769
1 13 44
2 45 66
3 5 88
4 10 36
5 99 61
6 67 57
7 57 32
8 37 87
9 64 74
10 64 80
11 85 29
12 72 9
13 36 46
14 24 30
15 92 36
16 41 28
17 2 39
18 51 3
19 41 45
20 67 53
21 37 97
22 84 26
23 27 97
24 52 66
25 53 98
26 5 92
27 27 1
28 53 20
29 60 50
30 35 64
31 58 98
32 54 70
33 95 98
34 32 86
35 3 43
36 16 78
37 92 22
38 7 80
39 38 32
40 73 26
41 7 29
42 77 49
43 15 82
44 82 39
45 70 1
46 100 52
47 55 96
48 72 10
49 27 28
50 99 32
51 7 91
52 34 64
53 78 43
54 2 89
55 62 14
56 20 31
57 72 47
58 32 96
59 74 95
60 77 43
61 78 95
62 64 95
63 32 55
64 18 34
65 64 56
66 15 42
67 28 90
68 57 24
69 62 53
70 21 95
71 34 29
72 40 8
73 75 12
74 47 80
75 59 82
76 99 5
77 60 95
78 99 4
79 81 52
80 49 6
81 37 11
82 89 49
83 62 44
84 91 38
85 89 4
86 66 45
87 41 5
88 75 13
89 97 58
90 48 20
91 42 49
92 26 17
93 65 6
94 74 92
95 85 98
96 31 41
97 51 95
98 59 21
99 27 26
100 54 42
101 82 58
102 7 22
103 96 63
104 86 57
105 100 63
106 58 2
107 86 96
108 52 54
109 21 82
110 59 79
111 53 26
112 49 13
113 90 62
114 66 30
115 33 31
116 48 23
117 34 89
118 79 41
119 3 86
120 50 37
121 20 18
122 32 84
123 48 49
124 20 50
125 55 18
126 87 81
127 48 98
128 40 37
129 40 82
130 84 80
131 83 56
132 91 80
133 52 17
134 27 53
135 87 89
136 37 96
137 56 28
138 91 71
139 66 53
140 55 44
141 90 57
142 59 44
143 50 39
144 56 36
145 47 63
146 57 3
147 10 4
148 97 8
149 55 36
150 98 100
151 81 93
152 45 24
153 65 87
154 92 94
155 93 74
156 63 51
157 49 1
158 1 48
159 13 70
160 16 34
161 30 78
162 47 38
163 25 11
164 69 100
165 92 96
166 48 31
167 44 61
168 23 78
169 95 4
170 38 82
171 27 95
172 69 64
173 46 39
174 75 56
175 76 80
176 61 30
177 65 50
178 56 64
179 99 44
180 51 48
181 92 6
182 64 7
183 88 84
184 57 54
185 6 45
186 26 1
187 63 98
188 21 73
189 51 72
190 76 14
191 66 43
192 38 1
193 90 31
194 77 85
195 11 58
196 44 17
197 19 100
198 41 85
199 32 60
200 19 33
0 1 1 1 0 0 1 1 0 0 0 0 1 1 0 1 1 0 1 0 0 0 0 1 0 1 1 1 1 1 0 1 0 1 1 1 0 1 1 0 1 0 1 0 0 0 0 0 1 0 1 1 0 1 0 1 0 0 0 0 0 0 1 1 0 1 1 1 1 0 1 1 0 1 0 0 0 0 0 0 1 0 1 0 0 0 1 0 0 1 1 1 0 0 0 1 0 0 1 1 0 1 0 0 0 0 0 1 1 0 1 1 0 0 1 1 1 0 1 1 1 1 1 1 1 0 0 1 1 0 0 0 1 1 0 0 1 0 0 1 0 1 1 1 1 0 1 0 1 0 0 1 0 0 0 0 0 1 1 1 1 1 1 0 0 1 1 1 0 1 0 0 1 0 0 1 0 1 0 1 0 0 0 1 1 1 0 1 1 0 0 1 0 0 1 1 0 1 1 1 
1 0 1 1 0 1 1 1 1 1 0 0 1 1 0 1 0 0 1 1 1 0 1 1 1 1 0 1 1 1 1 1 0 1 1 1 0 1 1 1 0 1 1 1 0 0 1 0 1 0 1 1 1 1 0 1 1 1 1 1 1 1 1 1 1 1 1 1 1 1 1 0 0 1 1 0 1 0 1 0 0 1 1 0 0 1 0 0 0 1 1 0 0 1 0 1 1 1 1 1 1 0 0 1 0 0 0 1 1 1 1 0 1 1 1 1 1 1 1 1 0 1 1 1 1 1 1 1 1 1 1 1 1 1 1 1 1 1 1 1 1 1 1 1 1 0 0 0 1 0 1 1 1 0 1 1 0 1 1 1 1 1 0 1 0 1 1 1 0 1 1 1 1 1 1 1 1 1 0 1 0 0 1 1 1 0 1 1 1 0 1 0 0 1 1 1 1 1 1 1 
1 1 0 0 0 0 0 1 0 0 0 0 0 0 0 0 1 0 0 0 1 0 1 0 1 1 0 0 0 1 0 0 0 1 1 1 0 1 0 0 0 0 1 0 0 0 0 0 0 0 1 1 0 1 0 0 0 1 0 0 0 0 1 0 0 1 1 0 0 1 0 0 0 1 0 0 0 0 0 0 0 0 0 0 0 0 0 0 0 0 0 0 0 0 0 0 1 0 0 0 0 0 0 0 0 0 0 0 1 0 0 0 0 0 0 0 1 0 1 0 0 1 0 1 0 0 1 0 1 0 0 0 0 1 0 1 0 0 0 0 0 0 0 0 1 0 0 0 0 0 0 0 0 0 0 0 0 1 1 0 1 0 0 0 0 0 1 1 0 1 1 0 0 0 0 0 0 0 0 0 0 0 0 0 1 0 0 1 1 0 0 0 0 0 1 0 1 1 1 0 
1 1 0 0 0 0 1 0 0 0 0 0 1 1 0 1 1 0 1 0 0 0 0 0 0 0 1 1 0 1 0 0 0 0 1 1 0 1 1 0 1 0 1 0 0 0 0 0 1 0 0 1 0 0 0 1 0 0 0 0 0 0 1 1 0 1 0 1 0 0 1 1 0 0 0 0 0 0 0 1 1 0 0 0 0 0 1 0 0 1 1 1 0 0 0 1 0 0 1 1 0 1 0 0 0 0 0 1 1 0 1 1 0 0 1 1 0 0 0 1 1 0 1 1 1 0 0 1 0 0 0 0 1 1 0 0 1 0 0 1 0 1 1 1 1 0 1 0 1 0 0 1 0 0 0 0 0 1 1 1 1 1 1 0 0 1 1 1 0 0 0 0 1 0 0 0 0 0 0 1 0 0 0 0 1 1 0 1 0 0 0 1 0 0 1 1 0 0 1 1 
0 0 0 0 0 1 0 0 1 1 1 0 0 0 1 0 0 0 0 1 0 1 0 1 0 0 0 0 1 0 0 1 1 0 0 0 1 0 0 1 0 1 0 1 0 1 0 0 0 1 0 0 1 0 0 0 1 0 1 1 1 1 0 0 1 0 0 0 1 0 0 0 0 0 1 0 0 0 1 0 0 1 1 1 0 1 0 0 1 0 0 0 0 1 1 0 0 0 0 1 1 0 1 1 1 0 1 1 0 1 0 0 1 1 0 0 0 1 0 0 0 0 0 0 0 1 0 0 0 1 1 1 0 0 1 0 0 1 1 1 1 1 0 1 0 0 0 0 0 1 1 0 1 1 1 1 0 0 0 0 0 0 0 1 1 0 0 0 0 0 0 1 0 1 1 1 1 1 1 1 0 0 1 1 0 0 0 0 1 0 1 0 1 1 0 0 0 0 0 0 
0 1 0 0 1 0 1 1 1 1 1 1 1 0 1 1 0 0 1 1 1 1 0 1 1 0 0 1 1 1 1 1 1 1 0 0 1 0 1 1 0 1 0 1 0 1 1 1 1 1 0 1 1 0 1 0 1 0 1 1 1 1 1 0 1 0 0 1 1 0 1 0 1 1 1 0 1 0 1 0 0 1 1 1 0 1 0 1 1 1 1 0 0 1 1 1 1 1 0 1 1 0 1 1 1 0 1 1 0 1 1 1 1 1 1 1 1 1 0 1 0 1 1 1 1 1 1 1 1 1 1 1 1 1 1 1 1 1 1 1 1 1 1 1 1 0 0 0 1 0 1 1 1 1 1 1 0 0 0 0 1 1 0 1 1 1 1 1 0 1 0 1 1 1 1 1 1 1 1 1 0 0 1 1 0 0 1 1 1 1 1 0 1 1 0 1 0 1 1 0 
1 1 0 1 0 1 0 0 1 1 1 1 1 1 1 1 0 1 1 1 0 1 0 1 0 0 1 1 1 1 0 1 0 0 0 0 1 0 1 1 0 1 0 1 1 1 0 1 1 1 0 1 1 0 1 1 1 0 0 1 0 0 1 1 1 1 0 1 1 0 1 1 1 1 0 1 0 0 1 1 1 1 1 1 1 1 1 1 1 1 1 1 1 0 0 1 0 1 1 1 1 0 1 1 0 1 0 1 0 1 1 1 1 1 1 1 0 1 0 1 1 0 1 1 1 0 0 1 0 0 1 0 1 1 0 0 1 0 1 1 1 1 1 1 1 1 0 1 1 0 0 1 0 0 0 1 1 0 0 1 0 1 1 0 0 1 1 0 1 0 0 1 1 1 0 1 1 1 1 1 1 1 0 1 0 1 0 0 1 1 1 1 1 0 0 1 0 0 1 1 
1 1 1 0 0 1 0 0 1 1 0 0 1 0 0 0 0 0 1 1 1 0 1 1 1 1 0 0 1 1 1 1 0 1 0 1 0 1 0 0 0 0 1 0 0 0 1 0 0 0 1 1 0 1 0 0 0 1 1 0 1 1 1 0 1 0 1 0 1 1 0 0 0 1 1 0 1 0 0 0 0 0 1 0 0 0 0 0 0 0 1 0 0 1 1 1 1 0 0 1 0 0 0 0 0 0 1 1 1 1 0 0 0 0 0 0 1 0 1 0 0 1 1 1 0 0 1 0 1 1 0 0 0 1 0 1 0 0 1 1 0 1 1 0 1 0 0 0 0 0 1 0 1 0 0 1 0 0 1 0 1 0 0 1 0 0 1 1 0 1 1 1 1 1 1 0 1 1 0 1 0 0 0 1 0 0 1 1 1 0 0 0 0 1 1 0 1 1 1 0 
0 1 0 0 1 1 1 1 0 1 1 0 1 0 1 0 0 0 1 1 1 0 1 1 1 0 0 0 1 1 1 1 1 1 0 1 0 0 1 1 0 1 1 1 0 1 1 0 0 0 0 1 1 0 0 0 1 1 1 1 1 1 1 0 1 0 1 0 1 1 0 0 0 1 1 0 1 0 1 0 0 1 1 1 0 1 0 0 1 0 1 0 0 1 1 1 1 0 0 1 1 0 1 1 1 0 1 1 1 1 1 0 1 1 0 0 1 1 0 1 0 1 1 0 0 1 1 1 1 1 1 1 0 1 1 1 1 1 1 1 1 1 1 1 1 0 0 0 1 1 1 0 1 1 1 1 0 0 0 0 1 1 0 1 1 1 1 1 0 1 1 1 1 1 1 1 1 1 1 1 0 0 1 1 0 0 1 1 1 0 1 0 0 1 0 0 0 1 1 0 
0 1 0 0 1 1 1 1 1 0 0 0 1 0 0 0 0 0 1 1 1 0 1 1 1 0 0 0 1 1 1 1 1 1 0 1 0 0 0 0 0 1 1 1 0 1 1 0 0 0 0 1 1 0 0 0 1 1 1 1 1 1 1 0 1 0 1 0 1 1 0 0 0 1 1 0 1 0 1 0 0 1 1 1 0 1 0 0 1 0 1 0 0 1 1 0 1 0 0 1 1 0 1 1 1 0 1 1 1 1 0 0 1 0 0 0 1 1 0 1 0 1 1 0 0 1 1 1 1 1 1 1 0 1 1 1 0 1 1 1 1 1 1 1 1 0 0 0 1 1 1 0 1 1 1 1 0 0 0 0 1 1 0 1 1 0 1 1 0 1 1 1 1 1 1 0 1 1 0 1 0 0 1 1 0 0 1 1 1 0 1 0 0 1 0 0 1 1 1 0 
0 0 0 0 1 1 1 0 1 0 0 1 0 0 1 1 0 1 1 1 0 1 0 1 0 0 0 1 1 0 0 0 0 0 0 0 1 0 1 1 0 1 0 1 1 1 0 1 0 1 0 0 1 0 1 0 1 0 0 1 0 0 0 0 1 0 0 1 1 0 0 1 1 0 0 1 0 1 1 1 0 1 1 1 1 1 0 1 1 1 1 0 1 0 0 0 0 1 0 1 1 0 1 1 1 1 0 1 0 0 1 1 1 1 0 1 0 1 0 1 0 0 1 0 1 0 0 1 0 0 1 0 1 0 0 0 1 1 1 1 1 1 1 1 0 1 0 1 1 0 0 1 0 0 1 1 1 0 0 0 0 1 0 0 0 1 0 0 1 0 0 1 1 1 0 1 1 1 1 1 1 1 0 1 0 0 0 0 0 1 1 0 1 0 0 1 0 0 0 0 
0 0 0 0 0 1 1 0 0 0 1 0 0 0 1 1 0 1 1 1 0 1 0 0 0 0 1 1 1 0 0 0 0 0 0 0 1 0 1 1 0 1 0 1 1 0 0 1 1 1 0 0 1 0 1 0 1 0 0 1 0 0 0 0 1 0 0 1 1 0 1 1 1 0 0 1 0 1 1 1 1 1 1 1 1 1 1 1 0 1 1 1 1 0 0 0 0 1 1 1 0 0 0 1 0 1 0 1 0 0 1 1 0 1 1 1 0 1 0 1 0 0 1 0 1 0 0 1 0 0 1 0 1 0 0 0 1 0 1 1 0 1 1 1 0 1 0 1 1 0 0 1 0 0 0 1 1 0 0 0 0 1 1 0 0 1 0 0 1 0 0 0 1 1 0 1 1 0 1 1 1 1 0 1 0 1 0 0 0 1 1 1 1 0 0 1 0 0 0 0 
1 1 0 1 0 1 1 1 1 1 0 0 0 1 0 1 1 1 1 1 0 0 0 1 0 0 1 1 1 1 0 1 0 1 1 1 0 1 1 1 1 1 1 1 0 0 0 0 1 0 0 1 1 0 1 1 1 0 0 1 0 0 1 1 1 1 1 1 1 0 1 1 0 1 1 0 0 0 1 1 1 0 1 0 0 1 1 0 0 1 1 1 1 0 0 1 0 1 1 1 1 1 0 0 0 1 0 1 1 1 1 1 0 1 1 1 1 1 0 1 1 1 1 1 1 0 0 1 1 0 1 0 1 1 0 0 1 0 1 1 0 1 1 1 1 1 1 0 1 0 0 1 0 0 0 1 1 1 1 1 1 1 1 0 0 1 1 1 0 1 1 1 1 1 0 1 1 1 0 1 0 1 0 1 1 1 0 1 1 0 1 1 0 0 1 1 0 1 1 1 
1 1 0 1 0 0 1 0 0 0 0 0 1 0 0 1 1 1 1 1 0 0 0 1 0 0 1 1 1 1 0 1 0 0 1 1 0 0 1 1 1 0 0 0 0 0 0 0 1 0 0 1 0 0 1 1 0 0 0 0 0 0 1 1 1 1 0 1 1 0 1 1 0 0 0 0 0 0 0 1 1 0 1 0 0 1 1 0 0 1 1 1 1 0 0 1 0 1 1 1 0 1 0 0 0 1 0 1 0 0 1 1 0 1 1 1 0 0 0 1 1 0 1 1 1 0 0 1 0 0 0 0 1 1 0 0 1 0 1 1 0 1 1 1 1 1 1 0 1 0 0 1 0 0 0 1 1 1 1 1 1 1 1 0 0 1 1 1 0 0 0 0 1 0 0 1 1 1 0 1 0 1 0 1 1 1 0 1 1 0 1 1 0 0 1 1 0 0 1 1 
0 0 0 0 1 1 1 0 1 0 1 1 0 0 0 0 0 0 0 1 0 1 0 1 0 0 0 1 1 0 0 0 0 0 0 0 1 0 0 1 0 1 0 1 1 1 0 1 0 1 0 0 1 0 1 0 1 0 0 1 0 0 0 0 1 0 0 1 1 0 0 0 1 0 0 1 0 1 1 0 0 1 1 1 1 1 0 1 1 1 0 0 1 0 0 0 0 1 0 1 1 0 1 1 1 1 0 1 0 0 1 1 1 1 0 1 0 1 0 1 0 0 1 0 1 1 0 0 0 1 1 1 1 0 0 0 1 1 1 1 1 1 1 1 0 1 0 1 1 0 0 1 0 0 1 1 0 0 0 0 0 1 0 0 0 1 0 0 1 0 0 1 1 1 1 1 1 1 1 1 1 1 1 1 0 0 0 0 0 1 1 0 1 0 0 0 0 0 0 0 
1 1 0 1 0 1 1 0 0 0 1 1 1 1 0 0 1 1 1 1 0 1 0 1 0 0 1 1 1 1 0 1 0 0 1 0 0 0 1 1 1 1 0 1 1 0 0 1 1 0 0 1 1 0 1 1 1 0 0 1 0 0 1 1 1 1 0 1 1 0 1 1 1 0 0 0 0 0 1 1 1 0 1 0 0 1 1 1 0 1 1 1 1 0 0 1 0 1 1 1 0 1 0 0 0 1 0 1 0 0 1 1 0 1 1 1 0 1 0 1 1 0 1 1 1 0 0 1 0 0 0 0 1 1 0 0 1 0 1 1 0 1 1 1 1 1 1 0 1 0 0 1 0 0 0 1 1 1 0 1 0 1 1 0 0 1 1 0 0 0 0 1 1 1 0 1 1 1 0 1 0 1 0 1 1 1 0 1 1 1 1 1 1 0 1 1 0 0 1 1 
1 0 1 1 0 0 0 0 0 0 0 0 1 1 0 1 0 0 1 0 0 0 0 0 0 0 1 0 0 1 0 0 0 0 1 1 0 1 1 0 1 0 1 0 0 0 0 0 1 0 0 1 0 1 0 1 0 0 0 0 0 0 1 1 0 1 0 0 0 0 1 1 0 0 0 0 0 0 0 0 1 0 0 0 0 0 0 0 0 1 1 1 0 0 0 1 0 0 1 0 0 1 0 0 0 0 0 0 1 0 0 0 0 0 1 1 0 0 1 1 1 0 1 1 0 0 0 1 0 0 0 0 0 1 0 0 0 0 0 0 0 0 1 0 0 0 1 0 0 0 0 1 0 0 0 0 0 1 1 1 1 1 1 0 0 1 1 1 0 0 0 0 1 0 0 0 0 0 0 1 0 0 0 0 1 1 0 1 0 0 0 0 0 0 1 1 0 0 1 1 
0 0 0 0 0 0 1 0 0 0 1 1 1 1 0 1 0 0 1 0 0 1 0 0 0 0 1 1 1 0 0 0 0 0 0 0 1 0 1 1 0 0 0 1 1 0 0 1 1 0 0 0 1 0 1 1 1 0 0 1 0 0 0 1 0 0 0 1 0 0 1 1 1 0 0 1 0 1 0 1 1 0 1 0 1 1 1 1 0 1 1 1 1 0 0 1 0 1 1 1 0 1 0 0 0 1 0 0 0 0 1 1 0 1 1 1 0 1 0 1 1 0 1 0 1 0 0 1 0 0 0 0 1 0 0 0 1 0 0 1 0 1 1 1 0 1 1 1 1 0 0 1 0 0 0 1 1 0 0 1 0 1 1 0 0 1 0 0 1 0 0 0 1 0 0 1 1 0 0 1 1 1 0 0 0 1 0 0 0 1 1 1 1 0 0 1 0 0 0 1 
1 1 0 1 0 1 1 1 1 1 1 1 1 1 0 1 1 1 0 1 0 1 0 1 0 0 1 1 1 1 0 1 0 1 1 1 0 1 1 1 1 1 1 1 0 0 0 1 1 0 0 1 1 0 1 1 1 0 0 1 0 0 1 1 1 1 1 1 1 0 1 1 1 1 1 0 0 0 1 1 1 1 1 0 0 1 1 1 0 1 1 1 1 0 0 1 0 1 1 1 1 1 0 1 0 1 0 1 1 1 1 1 0 1 1 1 1 1 0 1 1 1 1 1 1 0 0 1 1 0 1 0 1 1 0 0 1 0 1 1 0 1 1 1 1 1 0 0 1 0 0 1 1 0 0 1 1 1 1 1 1 1 1 0 0 1 1 1 0 1 0 1 1 1 1 1 1 1 0 1 0 1 0 1 1 1 0 1 1 1 1 1 0 0 1 1 0 1 1 1 
0 1 0 0 1 1 1 1 1 1 1 1 1 1 1 1 0 0 1 0 0 1 0 1 1 0 0 1 1 1 1 1 0 1 0 0 1 0 1 1 0 1 0 1 0 1 1 1 1 1 0 1 1 0 1 0 1 0 1 1 1 1 1 0 1 0 0 1 1 0 1 0 1 1 1 0 1 0 1 0 0 1 1 1 0 1 0 1 1 1 1 0 1 1 1 1 1 1 1 1 1 0 1 1 1 0 1 1 0 1 1 1 1 1 1 1 1 1 0 1 0 1 1 1 1 1 1 1 1 1 1 1 1 1 1 0 1 1 1 1 1 1 1 1 1 0 0 0 1 0 1 1 1 1 1 1 0 0 0 0 1 1 0 1 1 1 1 0 0 1 0 1 1 1 1 1 1 1 1 1 0 1 1 1 0 0 1 0 1 1 1 0 1 1 0 1 0 1 1 0 
0 1 1 0 0 1 0 1 1 1 0 0 0 0 0 0 0 0 0 0 0 0 1 1 1 1 0 0 0 1 1 1 0 1 0 1 0 1 0 0 0 0 1 0 0 0 1 0 0 0 1 1 0 1 0 0 0 1 1 0 1 1 1 0 1 0 1 0 0 1 0 0 0 1 1 0 1 0 0 0 0 0 0 0 0 0 0 0 0 0 1 0 0 1 1 0 1 0 0 0 0 0 0 0 0 0 1 1 1 1 0 0 0 0 0 0 1 0 1 0 0 1 1 1 0 0 1 0 1 1 0 0 0 1 0 1 0 0 0 0 0 0 0 0 1 0 0 0 0 0 1 0 1 0 0 0 0 0 1 0 1 0 0 1 0 0 1 1 0 1 1 1 0 0 1 0 0 1 0 0 0 0 0 1 0 0 1 1 1 0 0 0 0 1 1 0 1 1 1 0 
0 0 0 0 1 1 1 0 0 0 1 1 0 0 1 1 0 1 1 1 0 0 0 0 0 0 0 1 1 0 0 0 0 0 0 0 1 0 1 1 0 1 0 1 1 1 0 1 0 1 0 0 1 0 1 0 1 0 0 1 0 0 0 0 1 0 0 1 1 0 0 1 1 0 0 1 0 1 1 1 1 1 1 1 1 1 1 1 1 1 1 0 1 0 0 0 0 1 0 1 1 0 1 1 1 1 0 1 0 0 1 1 1 1 0 1 0 1 0 1 0 0 1 0 1 0 0 1 0 0 1 0 1 0 0 0 1 1 1 1 1 1 1 1 0 1 0 1 1 0 0 1 0 0 1 1 1 0 0 0 0 1 0 0 0 1 0 0 1 0 0 1 1 1 0 1 1 1 1 1 1 1 0 1 0 0 0 0 0 1 1 0 1 0 0 1 0 0 0 0 
0 1 1 0 0 0 0 1 1 1 0 0 0 0 0 0 0 0 0 0 1 0 0 1 1 1 0 0 0 1 1 1 0 1 0 1 0 1 0 0 0 0 1 0 0 0 1 0 0 0 1 1 0 1 0 0 0 1 1 0 0 1 1 0 0 0 1 0 0 1 0 0 0 1 1 0 1 0 0 0 0 0 0 0 0 0 0 0 0 0 0 0 0 1 0 0 1 0 0 0 0 0 0 0 0 0 0 1 1 1 0 0 0 0 0 0 1 0 1 0 0 1 0 1 0 0 1 0 1 0 0 0 0 1 0 1 0 0 0 0 0 0 0 0 1 0 0 0 0 0 0 0 1 0 0 0 0 0 1 0 1 0 0 1 0 0 1 1 0 1 1 0 0 0 0 0 0 1 0 0 0 0 0 0 0 0 1 1 1 0 0 0 0 0 1 0 1 1 1 0 
1 1 0 0 1 1 1 1 1 1 1 0 1 1 1 1 0 0 1 1 1 0 1 0 1 0 0 1 1 1 1 1 0 1 0 1 0 1 1 1 0 1 1 1 0 1 1 0 1 0 0 1 1 0 0 1 1 1 1 1 1 1 1 1 1 1 1 1 1 1 1 0 0 1 1 0 1 0 1 0 0 1 1 1 0 1 0 0 1 1 1 0 0 1 1 1 1 1 1 1 1 0 1 1 1 0 1 1 1 1 1 0 1 1 1 1 1 1 0 1 0 1 1 1 1 1 1 1 1 1 1 1 1 1 1 1 1 1 1 1 1 1 1 1 1 0 0 0 1 0 1 1 1 1 1 1 0 0 1 1 1 1 0 1 1 1 1 1 0 1 1 1 1 1 1 1 1 1 0 1 0 0 1 1 0 0 1 1 1 0 1 0 0 1 1 1 1 1 1 1 
0 1 1 0 0 1 0 1 1 1 0 0 0 0 0 0 0 0 0 1 1 0 1 1 0 1 0 0 1 1 1 1 1 1 0 1 0 1 0 0 0 0 1 0 0 0 1 0 0 0 1 1 0 0 0 0 0 1 1 0 1 1 1 0 1 0 1 0 1 1 0 0 0 1 1 0 1 0 0 0 0 0 0 0 0 0 0 0 0 0 0 0 0 1 1 0 1 0 0 0 1 0 0 0 0 0 1 1 1 1 0 0 0 0 0 0 1 0 0 0 0 1 1 0 0 1 1 0 1 1 0 1 0 0 1 1 0 1 1 0 0 0 0 0 1 0 0 0 0 1 1 0 1 1 1 1 0 0 1 0 1 0 0 1 1 0 1 1 0 1 1 1 0 1 1 0 1 1 0 0 0 0 1 1 0 0 1 1 1 0 0 0 0 1 0 0 1 1 1 0 
1 1 1 0 0 0 0 1 0 0 0 0 0 0 0 0 0 0 0 0 1 0 1 0 1 0 0 0 0 1 0 0 0 1 1 1 0 1 0 0 0 0 1 0 0 0 0 0 0 0 1 1 0 1 0 0 0 1 0 0 0 0 1 0 0 0 1 0 0 1 0 0 0 1 0 0 0 0 0 0 0 0 0 0 0 0 0 0 0 0 0 0 0 0 0 0 1 0 0 0 0 0 0 0 0 0 0 0 1 0 0 0 0 0 0 0 1 0 1 0 0 1 0 1 0 0 1 0 1 0 0 0 0 1 0 1 0 0 0 0 0 0 0 0 0 0 0 0 0 0 0 0 0 0 0 0 0 1 1 0 1 0 0 0 0 0 1 1 0 1 1 0 0 0 0 0 0 0 0 0 0 0 0 0 1 0 0 1 0 0 0 0 0 0 1 0 1 1 1 0 
1 0 0 1 0 0 1 0 0 0 0 1 1 1 0 1 1 1 1 0 0 0 0 0 0 0 0 1 0 0 0 0 0 0 1 0 0 0 1 0 1 0 0 0 1 0 0 1 1 0 0 0 0 0 1 1 0 0 0 0 0 0 0 1 0 1 0 1 0 0 1 1 1 0 0 0 0 0 0 1 1 0 0 0 0 0 1 1 0 1 0 1 1 0 0 1 0 1 1 1 0 1 0 0 0 1 0 0 0 0 1 1 0 1 1 1 0 0 0 1 1 0 0 1 1 0 0 1 0 0 0 0 1 0 0 0 1 0 0 0 0 0 1 1 0 1 1 0 1 0 0 1 0 0 0 0 1 0 0 1 0 1 1 0 0 1 0 0 0 0 0 0 1 0 0 1 0 0 0 0 0 1 0 0 1 1 0 0 0 0 0 1 0 0 0 1 0 0 0 1 
1 1 0 1 0 1 1 0 0 0 1 1 1 1 1 1 0 1 1 1 0 1 0 1 0 0 1 0 1 1 0 0 0 0 0 0 1 0 1 1 1 1 0 1 1 0 0 1 1 1 0 1 1 0 1 1 1 0 0 1 0 0 1 1 1 1 0 1 1 0 1 1 1 0 0 1 0 1 1 1 1 1 1 1 1 1 1 1 0 1 1 1 1 0 0 1 0 1 1 1 1 1 0 1 0 1 0 1 0 0 1 1 0 1 1 1 0 1 0 1 1 0 1 1 1 0 0 1 0 0 1 0 1 1 0 0 1 0 1 1 0 1 1 1 1 1 1 1 1 0 0 1 0 0 0 1 1 0 0 1 0 1 1 0 0 1 1 0 1 0 0 1 1 1 0 1 1 1 0 1 1 1 0 1 0 1 0 0 0 1 1 1 1 0 0 1 0 0 1 1 
1 1 0 0 1 1 1 1 1 1 1 1 1 1 1 1 0 1 1 1 0 1 0 1 1 0 0 1 0 1 1 1 0 1 0 0 1 0 1 1 0 1 0 1 0 1 1 1 1 1 0 1 1 0 1 1 1 0 1 1 1 1 1 1 1 1 0 1 1 0 1 1 1 1 1 0 1 0 1 1 1 1 1 1 0 1 1 1 1 1 1 1 1 1 0 1 1 1 1 1 1 0 1 1 1 1 0 1 0 1 1 1 1 1 1 1 1 1 0 1 0 1 1 1 1 1 1 1 1 1 1 1 1 1 1 0 1 1 1 1 1 1 1 1 1 1 0 0 1 0 1 1 1 0 1 1 0 0 0 1 1 1 0 0 0 1 1 1 0 1 0 1 1 1 1 1 1 1 1 1 0 1 1 1 0 0 1 1 1 1 1 0 1 1 1 1 0 1 1 1 
1 1 1 1 0 1 1 1 1 1 0 0 1 1 0 1 1 0 1 1 1 0 1 1 1 1 0 1 1 0 1 1 0 1 1 1 0 1 1 0 1 1 1 0 0 0 1 0 1 0 1 1 1 1 0 1 1 1 1 1 0 1 1 1 1 1 1 1 1 1 1 0 0 1 1 0 1 0 1 0 0 0 1 0 0 1 0 0 0 1 1 1 0 1 0 1 1 1 1 1 1 0 0 0 0 0 0 1 1 1 1 0 0 1 1 1 1 1 1 1 1 1 1 1 0 0 1 1 1 0 1 0 1 1 0 1 1 0 1 1 0 1 1 1 1 0 0 0 1 0 0 1 1 0 0 1 0 1 1 1 1 1 0 1 0 1 1 1 0 1 1 1 1 1 1 1 1 1 0 1 0 0 0 1 1 0 1 1 1 0 1 0 0 1 1 1 1 1 1 1 
0 1 0 0 0 1 0 1 1 1 0 0 0 0 0 0 0 0 0 1 1 0 1 1 1 0 0 0 1 1 0 1 1 1 0 1 0 0 0 0 0 0 1 0 0 0 1 0 0 0 0 1 0 0 0 0 0 1 1 0 1 1 0 0 1 0 1 0 1 1 0 0 0 1 1 0 1 0 0 0 0 0 0 0 0 0 0 0 0 0 0 0 0 1 1 0 1 0 0 0 1 0 0 1 0 0 1 1 1 1 0 0 1 0 0 0 1 0 0 0 0 1 0 0 0 1 1 0 1 1 1 1 0 0 1 1 0 1 1 0 0 0 0 0 1 0 0 0 0 1 1 0 1 1 1 1 0 0 0 0 1 0 0 1 1 0 1 1 0 1 1 1 0 1 1 0 1 1 0 0 0 0 1 1 0 0 1 1 1 0 0 0 0 1 0 0 1 1 1 0 
1 1 0 0 1 1 1 1 1 1 0 0 1 1 0 1 0 0 1 1 1 0 1 1 1 0 0 0 1 1 1 0 1 1 0 1 0 1 1 1 0 1 1 1 0 1 1 0 1 0 0 1 1 0 0 0 1 1 1 1 1 1 1 0 1 1 1 1 1 1 1 0 0 1 1 0 1 0 1 0 0 1 1 1 0 1 0 0 1 0 1 0 0 1 1 1 1 1 0 1 1 0 1 1 1 0 1 1 1 1 1 0 1 1 1 1 1 1 0 1 0 1 1 1 0 1 1 1 1 1 1 1 0 1 1 1 1 1 1 1 1 1 1 1 1 0 0 0 1 0 1 1 1 1 1 1 0 0 1 0 1 1 0 1 1 1 1 1 0 1 1 1 1 1 1 1 1 1 0 1 0 0 1 1 0 0 1 1 1 0 1 0 0 1 1 0 1 1 1 0 
0 0 0 0 1 1 0 0 1 1 0 0 0 0 0 0 0 0 0 0 0 0 0 0 1 0 0 0 0 0 1 1 0 0 0 0 0 0 0 0 0 0 0 0 0 1 1 0 0 0 0 0 0 0 0 0 0 0 1 0 1 1 0 0 0 0 0 0 0 0 0 0 0 0 1 0 1 0 1 0 0 1 0 0 0 0 0 0 1 0 0 0 0 1 1 0 1 0 0 0 1 0 1 1 1 0 1 0 0 1 0 0 1 0 0 0 0 0 0 0 0 0 0 0 0 1 1 0 0 1 1 1 0 0 1 0 0 1 0 0 1 0 0 0 0 0 0 0 0 1 1 0 1 1 1 0 0 0 0 0 0 0 0 1 1 0 0 0 0 0 0 1 0 1 1 0 0 0 0 0 0 0 1 0 0 0 1 0 0 0 0 0 0 1 0 0 0 0 0 0 
1 1 1 0 0 1 0 1 1 1 0 0 1 0 0 0 0 0 1 1 1 0 1 1 1 1 0 0 1 1 1 1 0 0 0 1 0 1 0 0 0 0 1 0 0 0 1 0 0 0 1 1 0 1 0 0 0 1 1 0 1 1 1 0 1 1 1 0 1 1 0 0 0 1 1 0 1 0 0 0 0 0 0 0 0 0 0 0 0 0 1 0 0 1 0 1 1 0 0 1 0 0 0 0 0 0 0 1 1 1 0 0 0 0 0 0 1 0 1 0 0 1 1 1 0 0 1 1 1 0 0 0 0 1 0 1 0 0 1 1 0 1 0 0 1 0 0 0 0 0 1 0 1 0 0 1 0 1 1 0 1 0 0 1 0 0 1 1 0 1 1 1 1 0 1 0 1 1 0 1 0 0 0 1 1 0 1 1 1 0 0 0 0 1 1 0 1 1 1 0 
1 1 1 1 0 0 0 0 0 0 0 0 1 1 0 1 1 0 1 0 0 0 0 0 0 1 1 0 0 1 0 0 0 0 0 1 0 1 1 0 1 0 1 0 0 0 0 0 1 0 1 1 0 1 0 1 0 0 0 0 0 0 1 1 0 1 0 0 0 0 1 0 0 0 0 0 0 0 0 0 1 0 0 0 0 0 0 0 0 0 1 1 0 0 0 1 0 0 1 0 0 1 0 0 0 0 0 0 1 0 0 0 0 0 1 1 0 0 1 1 1 0 1 1 0 0 0 1 0 0 0 0 0 1 0 0 0 0 0 0 0 0 1 0 1 0 1 0 0 0 0 1 0 0 0 0 0 1 1 1 1 1 1 0 0 1 1 1 0 0 0 0 1 0 0 0 0 0 0 1 0 0 0 0 1 1 0 1 0 0 0 0 0 0 1 1 0 0 1 1 
1 1 1 1 0 0 0 1 1 1 0 0 1 1 0 0 1 0 1 0 1 0 1 1 1 1 0 0 0 1 1 1 0 1 1 0 0 1 0 0 1 0 1 0 0 0 1 0 0 0 1 1 0 1 0 1 0 1 0 0 0 0 1 1 0 1 1 0 0 1 0 0 0 1 1 0 1 0 0 0 0 0 0 0 0 0 0 0 0 0 1 0 0 0 0 1 1 0 0 0 0 0 0 0 0 0 0 1 1 1 0 0 0 0 1 0 1 0 1 0 0 1 1 1 0 0 1 1 1 0 0 0 0 1 0 1 0 0 0 0 0 0 0 0 1 0 0 0 0 0 0 0 1 0 0 0 0 1 1 1 1 0 0 0 0 0 1 1 0 1 1 0 1 0 0 0 0 1 0 1 0 0 0 1 1 0 0 1 1 0 0 0 0 0 1 0 1 1 1 1 
0 0 0 0 1 1 1 0 0 0 1 1 0 0 1 0 0 1 0 1 0 1 0 0 0 0 0 1 1 0 0 0 0 0 0 0 0 0 0 1 0 1 0 1 1 1 0 1 0 1 0 0 1 0 1 0 1 0 0 1 0 0 0 0 1 0 0 1 1 0 0 0 1 0 0 1 0 1 1 1 0 1 1 1 1 1 0 1 1 1 0 0 1 0 0 0 0 1 0 1 1 0 1 1 1 1 0 0 0 0 1 1 1 1 0 1 0 1 0 1 0 0 0 0 1 0 0 0 0 0 1 0 1 0 0 0 1 1 1 1 1 1 1 1 0 1 0 1 1 0 0 1 0 0 0 1 1 0 0 0 0 1 0 0 0 1 0 0 1 0 0 1 1 1 0 1 1 0 1 1 1 1 0 1 0 0 0 0 0 1 1 0 1 0 0 1 0 0 0 0 
1 1 1 1 0 0 0 1 0 0 0 0 1 0 0 0 1 0 1 0 1 0 1 1 1 1 0 0 0 1 0 1 0 1 1 1 0 0 0 0 0 0 1 0 0 0 0 0 0 0 1 1 0 1 0 0 0 1 0 0 0 0 1 1 0 1 1 0 0 1 0 0 0 1 0 0 0 0 0 0 0 0 0 0 0 0 0 0 0 0 1 0 0 0 0 1 1 0 0 0 0 0 0 0 0 0 0 0 1 0 0 0 0 0 0 0 1 0 1 0 0 1 0 1 0 0 1 0 1 0 0 0 0 1 0 1 0 0 0 0 0 0 0 0 1 0 0 0 0 0 0 0 0 0 0 0 0 1 1 1 1 0 0 0 0 0 1 1 0 1 1 0 0 0 0 0 0 0 0 0 0 0 0 0 1 0 0 1 1 0 0 0 0 0 1 0 1 1 1 1 
1 1 0 1 0 1 1 0 1 0 1 1 1 1 0 1 1 1 1 1 0 1 0 1 0 0 1 1 1 1 0 1 0 0 1 0 0 0 0 1 1 1 0 1 1 0 0 1 1 0 0 1 1 0 1 1 1 0 0 1 0 0 1 1 1 1 0 1 1 0 1 1 1 1 0 0 0 0 1 1 1 0 1 0 0 1 1 1 0 1 1 1 1 0 0 1 0 1 1 1 0 1 0 0 0 1 0 1 0 0 1 1 0 1 1 1 0 1 0 1 1 0 1 1 1 0 0 1 0 0 0 0 1 1 0 0 1 0 1 1 0 1 1 1 1 1 1 0 1 0 0 1 0 0 0 1 1 1 1 1 1 1 1 0 0 1 1 1 0 1 0 1 1 1 0 1 1 1 0 1 0 1 0 1 1 1 0 1 1 1 1 1 0 0 1 1 0 0 1 1 
0 1 0 0 1 1 1 0 1 0 1 1 1 1 1 1 0 1 1 1 0 1 0 1 0 0 0 1 1 0 0 1 0 0 0 0 1 0 1 0 0 1 0 1 1 1 0 1 1 1 0 0 1 0 1 0 1 0 0 1 0 0 0 0 1 0 0 1 1 0 1 1 1 0 0 1 0 1 1 1 1 1 1 1 1 1 1 1 1 1 1 1 1 0 0 1 0 1 1 1 1 0 1 1 1 1 0 1 0 0 1 1 1 1 1 1 0 1 0 1 0 0 1 0 1 0 0 1 0 0 1 0 1 0 0 0 1 1 1 1 1 1 1 1 1 1 0 1 1 0 0 1 0 0 0 1 1 0 0 0 0 1 0 0 0 1 1 0 1 0 0 1 1 1 0 1 1 1 1 1 1 1 0 1 0 0 0 0 0 1 1 1 1 0 0 1 0 0 0 0 
1 0 0 1 0 0 0 0 0 0 0 0 1 1 0 1 1 0 1 0 0 0 0 0 0 0 1 1 0 1 0 0 0 0 1 1 0 0 1 0 0 0 0 0 0 0 0 0 1 0 0 1 0 0 0 1 0 0 0 0 0 0 1 1 0 1 0 0 0 0 1 1 0 0 0 0 0 0 0 1 1 0 0 0 0 0 1 0 0 1 1 1 0 0 0 1 0 0 1 1 0 1 0 0 0 0 0 0 0 0 1 1 0 0 1 1 0 0 0 1 1 0 1 1 1 0 0 1 0 0 0 0 1 1 0 0 1 0 0 0 0 0 1 1 0 0 1 0 1 0 0 1 0 0 0 0 0 1 1 1 0 1 1 0 0 1 1 0 0 0 0 0 1 0 0 0 0 0 0 1 0 0 0 0 1 1 0 1 0 0 0 1 0 0 1 1 0 0 1 1 
0 1 0 0 1 1 1 0 1 1 1 1 1 0 1 1 0 0 1 1 0 1 0 1 0 0 0 1 1 1 0 1 0 0 0 0 1 0 1 1 0 0 0 1 1 1 0 1 0 1 0 1 1 0 1 0 1 0 1 1 1 1 1 0 1 0 0 1 1 0 1 0 1 1 1 1 1 0 1 0 0 1 1 1 1 1 0 1 1 1 1 0 1 1 1 1 0 1 0 1 1 0 1 1 1 0 1 1 0 1 1 1 1 1 1 1 0 1 0 1 0 0 1 0 1 1 0 1 1 1 1 1 1 0 1 0 1 1 1 1 1 1 1 1 1 0 0 1 1 0 1 1 1 1 1 1 0 0 0 0 0 1 0 0 1 1 1 0 1 0 0 1 1 1 1 1 1 1 1 1 1 1 1 1 0 0 0 0 1 1 1 0 1 1 0 1 0 0 1 0 
1 1 1 1 0 0 0 1 1 1 0 0 1 0 0 0 1 0 1 0 1 0 1 1 1 1 0 0 0 1 1 1 0 1 1 1 0 1 0 0 0 0 0 0 0 0 1 0 0 0 1 1 0 1 0 0 0 1 0 0 0 0 1 1 0 1 1 0 0 1 0 0 0 1 1 0 1 0 0 0 0 0 0 0 0 0 0 0 0 0 1 0 0 0 0 1 1 0 0 0 0 0 0 0 0 0 0 1 1 1 0 0 0 0 0 0 1 0 1 0 0 1 1 1 0 0 1 0 1 0 0 0 0 1 0 1 0 0 0 0 0 0 0 0 1 0 0 0 0 0 0 0 0 0 0 0 0 1 1 1 1 0 0 0 0 0 1 1 0 1 1 0 0 0 0 0 0 1 0 1 0 0 0 0 1 0 0 1 1 0 0 0 0 0 1 0 1 1 1 1 
0 1 0 0 1 1 1 0 1 1 1 1 1 0 1 1 0 1 1 1 0 1 0 1 0 0 0 1 1 0 0 1 0 0 0 0 1 0 1 1 0 1 0 0 1 1 0 1 0 1 0 0 1 0 1 0 1 0 0 1 0 0 0 0 1 0 0 1 1 0 1 0 1 0 1 1 0 1 1 1 0 1 1 1 1 1 0 1 1 1 1 0 1 0 0 0 0 1 0 1 1 0 1 1 1 1 0 1 0 1 1 1 1 1 1 1 0 1 0 1 0 0 1 0 1 1 0 1 0 1 1 1 1 0 0 0 1 1 1 1 1 1 1 1 1 1 0 1 1 0 0 1 0 0 1 1 0 0 0 0 0 1 0 0 0 1 1 0 1 0 0 1 1 1 1 1 1 1 1 1 1 1 1 1 0 0 0 0 1 1 1 0 1 1 0 1 0 0 0 0 
0 0 0 0 0 0 1 0 0 0 1 1 0 0 1 1 0 1 0 0 0 1 0 0 0 0 1 1 0 0 0 0 0 0 0 0 1 0 1 1 0 1 0 1 0 0 0 1 0 1 0 0 1 0 1 0 1 0 0 1 0 0 0 0 0 0 0 1 0 0 1 1 1 0 0 1 0 1 0 1 1 0 1 1 1 1 1 1 0 1 0 1 1 0 0 0 0 1 1 1 0 0 0 0 0 1 0 0 0 0 1 1 0 1 1 1 0 1 0 1 0 0 0 0 1 0 0 1 0 0 0 0 1 0 0 0 1 0 0 1 0 1 1 1 0 1 0 1 1 0 0 1 0 0 0 0 1 0 0 0 0 1 1 0 0 1 0 0 1 0 0 0 1 0 0 1 1 0 0 0 1 1 0 0 0 1 0 0 0 1 1 1 1 0 0 1 0 0 0 0 
0 0 0 0 1 1 1 0 1 1 1 0 0 0 1 0 0 0 0 1 0 1 0 1 0 0 0 0 1 0 0 1 1 0 0 0 1 0 0 1 0 1 0 1 0 0 0 0 0 1 0 0 1 0 0 0 1 0 0 1 1 0 0 0 1 0 0 0 1 0 0 0 1 0 0 1 0 1 1 0 0 1 1 1 1 1 0 1 1 0 0 0 0 1 1 0 0 0 0 1 1 0 1 1 1 0 1 1 0 1 0 0 1 1 0 0 0 1 0 0 0 0 0 0 0 1 0 0 0 1 1 1 0 0 1 0 0 1 1 1 1 1 0 1 0 0 0 1 1 1 1 0 1 1 1 1 0 0 0 0 0 0 0 0 1 0 0 0 1 0 0 1 0 1 1 1 1 1 1 1 1 0 1 1 0 0 0 0 0 1 1 0 1 1 0 0 0 0 0 0 
0 1 0 0 0 1 0 1 1 1 0 0 0 0 0 0 0 0 0 1 1 0 1 1 1 0 0 0 1 1 1 1 1 1 0 1 0 0 0 0 0 0 1 0 0 0 0 0 0 0 1 1 0 0 0 0 0 1 1 0 1 1 1 0 1 0 1 0 1 1 0 0 0 1 1 0 1 0 0 0 0 0 0 0 0 0 0 0 0 0 1 0 0 1 1 0 1 0 0 0 1 0 0 1 0 0 1 1 1 1 0 0 1 0 0 0 1 0 0 0 0 1 1 0 0 1 1 0 1 1 1 1 0 0 1 1 0 1 1 0 0 0 0 0 1 0 0 0 0 1 1 0 1 1 1 1 0 0 1 0 1 0 0 1 1 0 1 1 0 1 1 1 0 1 1 0 1 1 0 1 0 0 1 1 0 0 1 1 1 0 0 0 0 1 0 0 1 1 1 0 
0 0 0 0 0 1 1 0 0 0 1 1 0 0 1 1 0 1 1 1 0 1 0 0 0 0 1 1 1 0 0 0 0 0 0 0 1 0 1 1 0 1 0 1 1 0 0 0 1 1 0 0 1 0 1 0 1 0 0 1 0 0 0 0 1 0 0 1 1 0 1 1 1 0 0 1 0 1 1 1 1 1 1 1 1 1 1 1 0 1 1 1 1 0 0 0 0 1 1 1 1 0 0 1 0 1 0 1 0 0 1 1 0 1 1 1 0 1 0 1 0 0 1 0 1 0 0 1 0 0 1 0 1 0 0 0 1 0 1 1 0 1 1 1 0 1 0 1 1 0 0 1 0 0 0 1 1 0 0 0 0 1 1 0 0 1 0 0 1 0 0 0 1 1 0 1 1 0 1 1 1 1 0 1 0 1 0 0 0 1 1 1 1 0 0 1 0 0 0 0 
1 1 0 1 0 1 1 0 0 0 0 1 1 1 0 1 1 1 1 1 0 0 0 1 0 0 1 1 1 1 0 1 0 0 1 0 0 0 1 1 1 0 0 0 0 0 0 1 0 0 0 1 0 0 1 1 1 0 0 0 0 0 1 1 1 1 0 1 1 0 1 1 0 0 0 0 0 0 0 1 1 0 1 0 0 1 1 0 0 1 1 1 1 0 0 1 0 1 1 1 0 1 0 0 0 1 0 1 0 0 1 1 0 1 1 1 0 0 0 1 1 0 1 1 1 0 0 1 0 0 0 0 1 1 0 0 1 0 1 1 0 1 1 1 1 1 1 0 1 0 0 1 0 0 0 1 1 1 1 1 0 1 1 0 0 1 1 0 0 0 0 0 1 0 0 1 1 1 0 1 0 1 0 1 1 1 0 1 0 0 1 1 0 0 1 1 0 0 1 1 
0 0 0 0 1 1 1 0 0 0 1 1 0 0 1 0 0 0 0 1 0 1 0 0 0 0 0 1 1 0 0 0 0 0 0 0 1 0 0 1 0 1 0 1 1 1 0 1 0 0 0 0 1 0 1 0 1 0 0 1 0 0 0 0 1 0 0 1 1 0 0 0 1 0 0 1 0 1 1 0 0 1 1 1 1 1 0 1 1 0 0 0 1 0 0 0 0 1 0 1 1 0 1 1 1 0 0 0 0 0 1 0 1 1 0 0 0 1 0 1 0 0 0 0 1 0 0 0 0 0 1 1 1 0 0 0 1 1 1 1 1 1 1 1 0 0 0 1 1 0 0 0 0 0 1 1 0 0 0 0 0 0 0 0 0 0 0 0 1 0 0 1 0 1 0 1 1 0 1 0 1 1 0 1 0 0 0 0 0 1 1 0 1 0 0 0 0 0 0 0 
1 1 1 0 0 0 0 1 0 0 0 0 0 0 0 0 0 0 0 0 1 0 1 0 1 1 0 0 0 1 0 0 0 1 1 1 0 1 0 0 0 0 1 0 0 0 1 0 0 0 0 1 0 1 0 0 0 1 0 0 0 0 1 0 0 1 1 0 0 1 0 0 0 1 0 0 0 0 0 0 0 0 0 0 0 0 0 0 0 0 0 0 0 0 0 0 1 0 0 0 0 0 0 0 0 0 0 0 1 0 0 0 0 0 0 0 1 0 1 0 0 1 0 1 0 0 1 0 1 0 0 0 0 1 0 1 0 0 0 0 0 0 0 0 1 0 0 0 0 0 0 0 0 0 0 0 0 1 1 0 1 0 0 0 0 0 1 1 0 1 1 0 0 0 0 0 0 0 0 0 0 0 0 0 1 0 0 1 1 0 0 0 0 0 1 0 1 1 1 0 
1 1 1 1 0 1 1 1 1 1 0 0 1 1 0 1 1 0 1 1 1 0 1 1 1 1 0 1 1 1 1 1 0 1 1 1 0 1 1 0 1 1 1 0 0 0 1 0 1 0 1 0 1 1 0 1 1 1 0 1 0 1 1 1 1 1 1 1 1 1 1 0 0 1 1 0 1 0 1 0 0 0 1 0 0 1 0 0 0 1 1 1 0 1 0 1 1 1 1 1 1 1 0 0 0 0 0 1 1 1 1 0 0 1 1 1 1 0 1 1 1 1 1 1 0 0 1 1 1 0 1 0 0 1 0 1 1 0 1 1 0 1 1 1 1 0 0 0 1 0 0 1 1 0 0 1 0 1 1 1 1 1 0 0 0 1 1 1 0 1 1 1 1 1 1 1 1 1 0 1 0 0 0 1 1 0 1 1 1 0 1 0 0 1 1 1 1 1 1 1 
0 1 0 0 1 1 1 0 1 1 1 1 1 0 1 1 0 1 1 1 0 1 0 1 0 0 0 1 1 1 0 1 0 0 0 0 1 0 1 1 0 1 0 1 1 1 0 1 0 1 0 1 0 0 1 0 1 0 0 1 0 0 1 0 1 0 0 1 1 0 1 0 1 1 1 1 0 1 1 1 0 1 1 1 1 1 0 1 1 1 1 0 1 1 0 1 0 1 0 1 1 0 1 1 1 1 0 1 0 1 1 1 1 1 1 1 0 1 0 1 0 0 1 0 1 1 0 1 0 1 1 1 1 0 1 0 1 1 1 1 1 1 1 1 1 1 0 1 1 0 0 1 1 0 1 1 0 0 0 0 0 1 0 0 0 1 1 0 1 0 0 1 1 1 1 1 1 1 1 1 1 1 1 1 0 0 0 0 1 1 1 0 1 1 0 1 0 0 1 0 
1 1 1 0 0 0 0 1 0 0 0 0 0 0 0 0 1 0 0 0 1 0 1 0 0 1 0 0 0 1 0 0 0 1 1 1 0 1 0 0 0 0 1 0 0 0 0 0 0 0 1 1 0 0 0 0 0 1 0 0 0 0 1 0 0 1 1 0 0 1 0 0 0 1 0 0 0 0 0 0 0 0 0 0 0 0 0 0 0 0 0 0 0 0 0 0 1 0 0 0 0 0 0 0 0 0 0 0 1 0 0 0 0 0 0 0 1 0 1 0 0 1 0 1 0 0 1 0 1 0 0 0 0 1 0 1 0 0 0 0 0 0 0 0 0 0 0 0 0 0 0 0 0 0 0 0 0 1 1 0 1 0 0 0 0 0 0 1 0 1 1 0 0 0 0 0 0 0 0 0 0 0 0 0 1 0 0 1 0 0 0 0 0 0 1 0 1 1 1 0 
0 0 0 0 0 1 1 0 0 0 1 1 1 1 1 1 0 1 1 1 0 1 0 0 0 0 1 1 1 0 0 0 0 0 0 0 1 0 1 1 0 1 0 1 1 0 0 1 1 1 0 0 1 0 0 1 1 0 0 1 0 0 0 1 1 0 0 1 1 0 1 1 1 0 0 1 0 1 1 1 1 1 1 1 1 1 1 1 0 1 1 1 1 0 0 1 0 1 1 1 1 0 0 1 0 1 0 1 0 0 1 1 0 1 1 1 0 1 0 1 1 0 1 0 1 0 0 1 0 0 1 0 1 0 0 0 1 0 1 1 0 1 1 1 0 1 0 1 1 0 0 1 0 0 0 1 1 0 0 0 0 1 1 0 0 1 0 0 1 0 0 0 1 1 0 1 1 0 1 1 1 1 0 1 0 1 0 0 0 1 1 1 1 0 0 1 0 0 0 1 
1 1 0 1 0 0 1 0 0 0 0 0 1 1 0 1 1 1 1 0 0 0 0 1 0 0 1 1 1 1 0 0 0 0 1 1 0 0 1 0 1 0 0 0 0 0 0 0 1 0 0 1 0 0 1 0 0 0 0 0 0 0 1 1 0 1 0 1 1 0 1 1 0 0 0 0 0 0 0 1 1 0 1 0 0 1 1 0 0 1 1 1 0 0 0 1 0 1 1 1 0 1 0 0 0 1 0 1 0 0 1 1 0 1 1 1 0 0 0 1 1 0 1 1 1 0 0 1 0 0 0 0 1 1 0 0 1 0 0 1 0 1 1 1 1 1 1 0 1 0 0 1 0 0 0 1 1 1 1 1 1 1 1 0 0 1 1 1 0 0 0 0 1 0 0 1 1 1 0 1 0 0 0 1 1 1 0 1 0 0 1 1 0 0 1 1 0 0 1 1 
0 1 0 0 1 1 1 0 1 1 1 1 1 0 1 1 0 1 1 1 0 1 0 1 0 0 0 1 1 1 0 1 0 0 0 0 1 0 1 1 0 1 0 1 1 1 0 1 1 1 0 1 1 0 1 0 0 0 1 1 1 1 1 0 1 0 0 1 1 0 1 0 1 1 1 1 1 0 1 1 0 1 1 1 1 1 0 1 1 1 1 0 1 1 0 1 0 1 1 1 1 0 1 1 1 1 0 1 0 1 1 1 1 1 1 1 0 1 0 1 0 0 1 0 1 1 0 1 1 1 1 1 1 1 1 0 1 1 1 1 1 1 1 1 1 1 0 1 1 0 1 1 1 0 1 1 0 0 0 0 0 1 0 0 0 1 1 0 1 1 0 1 1 1 1 1 1 1 1 1 1 1 1 1 0 0 0 0 1 1 1 0 1 1 0 1 0 1 1 0 
0 1 1 0 0 0 0 1 1 1 0 0 0 0 0 0 0 0 0 0 1 0 1 1 1 1 0 0 0 1 1 1 0 1 0 1 0 1 0 0 0 0 1 0 0 0 1 0 0 0 1 1 0 1 0 0 0 0 1 0 1 1 1 0 0 0 1 0 0 1 0 0 0 1 1 0 1 0 0 0 0 0 0 0 0 0 0 0 0 0 1 0 0 1 0 0 1 0 0 0 0 0 0 0 0 0 0 1 1 1 0 0 0 0 0 0 1 0 1 0 0 1 1 1 0 0 1 0 1 0 0 0 0 1 0 1 0 0 0 0 0 0 0 0 1 0 0 0 0 0 1 0 1 0 0 0 0 0 1 0 1 0 0 1 0 0 1 1 0 1 1 1 0 0 1 0 0 1 0 0 0 0 0 1 0 0 1 1 1 0 0 0 0 1 1 0 1 1 1 0 
0 1 0 0 1 1 0 1 1 1 0 0 0 0 0 0 0 0 0 1 1 0 1 1 1 0 0 0 1 1 1 1 1 1 0 0 0 0 0 0 0 1 0 0 0 0 1 0 0 0 0 0 0 0 0 0 1 1 0 0 1 1 0 0 1 0 1 0 1 0 0 0 0 1 1 0 1 0 1 0 0 1 0 0 0 0 0 0 1 0 0 0 0 1 1 0 1 0 0 0 1 0 1 1 1 0 1 1 0 1 0 0 1 0 0 0 1 0 0 0 0 1 0 0 0 1 1 0 1 1 1 1 0 0 1 1 0 1 1 0 1 0 0 0 1 0 0 0 0 1 1 0 1 1 1 1 0 0 0 0 1 0 0 1 1 0 1 0 0 1 1 1 0 1 1 0 1 1 0 0 0 0 1 1 0 0 1 0 1 0 0 0 0 1 0 0 0 1 0 0 
0 1 0 0 1 1 1 0 1 1 1 1 1 0 1 1 0 1 1 1 0 1 0 1 0 0 0 1 1 1 0 1 0 0 0 0 1 0 1 1 0 1 0 1 1 1 0 1 0 1 0 1 1 0 1 0 1 0 0 0 0 0 1 0 1 0 0 1 1 0 1 0 1 1 1 1 0 1 1 1 0 1 1 1 1 1 0 1 1 1 1 0 1 1 0 1 0 1 0 1 1 0 1 1 1 1 0 1 0 1 1 1 1 1 1 1 0 1 0 1 0 0 1 0 1 1 0 1 0 1 1 1 1 0 1 0 1 1 1 1 1 1 1 1 1 1 0 1 1 0 0 1 1 0 1 1 0 0 0 0 0 1 0 0 0 1 1 0 1 0 0 1 1 1 1 1 1 1 1 1 1 1 1 1 0 0 0 0 1 1 1 0 1 1 0 1 0 0 1 0 
0 1 0 0 1 1 0 1 1 1 0 0 0 0 0 0 0 0 0 1 1 0 0 1 1 0 0 0 1 0 1 1 1 1 0 0 0 0 0 0 0 1 0 0 0 1 1 0 0 0 0 0 0 0 0 0 1 1 1 0 0 1 0 0 1 0 0 0 1 0 0 0 0 1 1 0 1 0 1 0 0 1 0 0 0 0 0 0 1 0 0 0 0 1 1 0 1 0 0 0 1 0 1 1 1 0 1 1 0 1 0 0 1 0 0 0 1 0 0 0 0 1 0 0 0 1 1 0 1 1 1 1 0 0 1 1 0 1 1 0 1 0 0 0 1 0 0 0 0 1 1 0 1 1 1 1 0 0 0 0 0 0 0 1 1 0 1 0 0 1 0 1 0 1 1 0 1 1 0 0 0 0 1 1 0 0 1 0 1 0 0 0 0 1 0 0 0 1 0 0 
0 1 0 0 1 1 0 1 1 1 0 0 0 0 0 0 0 0 0 1 1 0 1 1 1 0 0 0 1 1 1 1 1 1 0 0 0 0 0 0 0 1 0 0 0 0 1 0 0 0 0 1 0 0 0 0 1 1 1 0 1 0 0 0 1 0 1 0 1 1 0 0 0 1 1 0 1 0 1 0 0 0 0 0 0 0 0 0 1 0 0 0 0 1 1 0 1 0 0 0 1 0 1 1 1 0 1 1 1 1 0 0 1 0 0 0 1 0 0 0 0 1 1 0 0 1 1 0 1 1 1 1 0 0 1 1 0 1 1 0 1 0 0 0 1 0 0 0 0 1 1 0 1 1 1 1 0 0 0 0 1 0 0 1 1 0 1 1 0 1 1 1 0 1 1 0 1 1 0 1 0 0 1 1 0 0 1 1 1 0 0 0 0 1 0 0 1 1 1 0 
1 1 1 1 0 1 1 1 1 1 0 0 1 1 0 1 1 0 1 1 1 0 1 1 1 1 0 1 1 1 0 1 0 1 1 1 0 1 1 0 1 1 1 0 0 0 1 0 1 0 1 1 1 1 0 1 1 1 0 1 0 0 0 1 1 1 1 1 1 1 1 1 0 1 1 0 1 0 1 0 1 0 1 0 0 1 0 0 0 1 1 1 0 0 0 1 1 1 1 1 0 1 0 0 0 0 0 1 1 1 1 1 0 1 1 1 1 1 1 1 1 1 1 1 1 0 1 1 1 0 0 0 1 1 0 1 1 0 1 1 0 1 1 1 1 0 0 0 1 0 0 1 1 0 0 1 0 1 1 1 1 1 1 0 0 1 1 1 0 1 1 1 1 1 0 1 1 1 0 1 0 0 0 1 1 0 0 1 1 0 1 0 0 0 1 1 1 1 1 1 
1 1 0 1 0 0 1 0 0 0 0 0 1 1 0 1 1 1 1 0 0 0 0 1 0 0 1 1 1 1 0 0 0 0 1 1 0 1 1 0 1 0 1 0 0 0 0 0 1 0 0 1 0 0 1 1 0 0 0 0 0 0 1 0 0 1 0 1 1 0 1 1 0 0 0 0 0 0 0 1 1 0 1 0 0 1 1 0 0 1 1 1 0 0 0 1 0 1 1 1 0 1 0 0 0 0 0 1 1 0 1 1 0 1 1 1 0 0 0 1 1 0 1 1 1 0 0 1 0 0 0 0 1 1 0 0 1 0 0 1 0 1 1 1 1 1 1 0 1 0 0 1 0 0 0 1 1 1 1 1 1 1 1 0 0 1 1 1 0 0 0 0 1 0 0 1 1 1 0 1 0 0 0 1 1 1 0 1 0 0 1 1 0 0 1 1 0 0 1 1 
0 1 0 0 1 1 1 1 1 1 1 1 1 1 1 1 0 0 1 1 1 1 0 1 1 0 0 1 1 1 1 1 0 1 0 0 1 0 1 1 0 1 0 1 0 1 1 1 1 1 0 1 1 0 1 0 1 0 1 1 1 1 1 0 0 0 1 1 1 0 1 0 1 1 1 0 1 0 1 0 0 1 1 1 0 1 0 1 1 1 1 0 0 1 1 1 1 1 1 1 1 0 1 1 1 0 1 1 0 1 1 1 1 1 1 1 1 1 0 1 0 1 1 1 1 1 1 1 1 1 1 1 1 1 1 1 1 1 1 1 1 1 1 1 1 0 0 0 1 0 1 1 1 1 1 1 0 0 0 0 1 1 0 1 1 1 1 1 0 1 0 1 1 1 1 1 1 1 1 1 0 1 1 1 0 0 1 1 1 1 1 0 1 1 0 1 0 1 1 0 
1 1 1 1 0 0 1 0 0 0 0 0 1 1 0 1 1 0 1 0 0 0 0 1 0 0 1 1 1 1 0 1 0 1 1 1 0 1 1 0 1 0 1 0 0 0 0 0 1 0 1 1 0 1 0 1 0 0 0 0 0 0 1 1 0 0 1 1 1 0 1 1 0 1 0 0 0 0 0 1 1 0 1 0 0 0 1 0 0 1 1 1 0 0 0 1 0 1 1 1 0 1 0 0 0 0 0 1 1 0 1 1 0 0 1 1 0 0 1 1 1 1 1 1 1 0 0 1 1 0 0 0 1 1 0 0 1 0 0 1 0 1 1 1 1 0 1 0 1 0 0 1 0 0 0 1 0 1 1 1 1 1 1 0 0 1 1 1 0 1 0 0 1 0 0 1 0 1 0 1 0 0 0 1 1 1 0 1 1 0 0 1 0 0 1 1 0 0 1 1 
1 1 1 0 0 0 0 1 1 1 0 0 1 0 0 0 0 0 1 0 1 0 1 1 1 1 0 0 0 1 1 1 0 1 0 1 0 1 0 0 0 0 1 0 0 0 1 0 0 0 1 1 0 1 0 0 0 1 1 0 0 1 1 0 1 1 0 0 0 1 0 0 0 1 1 0 1 0 0 0 0 0 0 0 0 0 0 0 0 0 1 0 0 1 0 1 1 0 0 0 0 0 0 0 0 0 0 1 1 1 0 0 0 0 0 0 1 0 1 0 0 1 1 1 0 0 1 0 1 0 0 0 0 1 0 1 0 0 0 0 0 0 0 0 1 0 0 0 0 0 0 0 1 0 0 0 0 1 1 0 1 0 0 1 0 0 1 1 0 1 1 1 0 0 1 0 0 1 0 1 0 0 0 1 0 0 1 1 1 0 0 0 0 1 1 0 1 1 1 0 
1 1 0 1 0 1 1 0 0 0 1 1 1 1 1 1 0 1 1 1 0 1 0 1 0 0 1 1 1 1 0 1 0 0 0 0 1 0 1 1 0 1 0 1 1 0 0 1 1 1 0 1 1 0 1 1 1 0 0 1 0 0 1 1 1 1 0 0 1 0 1 1 1 0 0 1 0 1 1 1 1 1 1 1 1 1 1 1 0 1 1 1 1 0 0 1 0 1 1 1 1 0 0 1 0 1 0 1 0 0 1 1 0 1 1 1 0 1 0 1 1 0 1 1 1 0 0 1 0 0 1 0 1 1 0 0 1 0 1 1 1 1 1 1 1 1 0 1 1 0 0 1 0 0 0 1 1 0 0 1 0 1 1 0 0 1 1 0 1 0 0 1 1 1 0 1 1 1 1 1 1 1 0 1 0 1 0 0 1 1 1 1 1 0 0 1 0 0 1 1 
1 1 0 0 1 1 1 1 1 1 1 1 1 1 1 1 0 0 1 1 0 1 0 1 1 0 0 1 1 1 1 1 0 1 0 0 1 0 1 1 0 1 0 1 0 1 1 1 1 1 0 1 1 0 1 1 1 0 1 1 1 1 1 1 1 1 0 1 0 0 1 0 1 1 1 0 1 0 1 1 1 1 1 1 0 1 0 1 1 1 1 0 1 1 0 1 1 1 1 1 1 0 1 1 1 0 1 1 0 1 1 1 1 1 1 1 1 1 0 1 0 1 1 1 1 1 1 1 1 1 1 1 1 1 1 1 1 1 1 1 1 1 1 1 1 0 0 0 1 0 1 1 1 0 1 1 0 0 0 1 1 1 0 1 0 1 1 1 0 1 0 1 1 1 1 1 1 1 1 1 0 1 1 1 0 0 1 1 1 1 1 0 1 1 0 1 0 1 1 1 
0 1 1 0 0 0 0 1 1 1 0 0 0 0 0 0 0 0 0 0 1 0 1 1 1 1 0 0 0 1 1 1 0 1 0 1 0 1 0 0 0 0 1 0 0 0 1 0 0 0 1 1 0 1 0 0 0 1 0 0 0 1 1 0 0 0 1 0 0 0 0 0 0 1 1 0 1 0 0 0 0 0 0 0 0 0 0 0 0 0 0 0 0 0 0 0 1 0 0 0 0 0 0 0 0 0 0 0 1 1 0 0 0 0 0 0 1 0 1 0 0 1 0 1 0 0 1 0 1 0 0 0 0 1 0 1 0 0 0 0 0 0 0 0 1 0 0 0 0 0 0 0 1 0 0 0 0 0 1 0 1 0 0 1 0 0 1 1 0 1 1 0 0 0 0 0 0 1 0 0 0 0 0 0 0 0 1 1 1 0 0 0 0 0 1 0 1 1 1 0 
1 1 0 1 0 1 1 0 0 0 0 1 1 1 0 1 1 1 1 1 0 0 0 1 0 0 1 1 1 1 0 1 0 0 1 0 0 0 1 1 1 1 0 1 1 0 0 1 1 0 0 1 1 0 1 1 1 0 0 1 0 0 1 1 1 1 0 1 1 0 0 1 1 0 0 0 0 0 0 1 1 0 1 0 0 1 1 1 0 1 1 1 1 0 0 1 0 1 1 1 0 1 0 0 0 1 0 1 0 0 1 1 0 1 1 1 0 1 0 1 1 0 1 1 1 0 0 1 0 0 0 0 1 1 0 0 1 0 1 1 0 1 1 1 1 1 1 0 1 0 0 1 0 0 0 1 1 1 1 1 1 1 1 0 0 1 1 0 0 0 0 1 1 1 0 1 1 1 0 1 0 1 0 1 1 1 0 1 1 1 1 1 0 0 1 1 0 0 1 1 
1 0 0 1 0 0 1 0 0 0 1 1 1 1 0 1 1 1 1 0 0 1 0 0 0 0 1 1 1 0 0 0 0 0 0 0 0 0 1 1 1 0 0 0 1 0 0 1 1 0 0 0 0 0 1 1 0 0 0 0 0 0 1 1 0 1 0 1 0 0 1 0 1 0 0 0 0 0 0 1 1 0 1 0 1 1 1 1 0 1 1 1 1 0 0 1 0 1 1 1 0 1 0 0 0 1 0 1 0 0 1 1 0 1 1 1 0 0 0 1 1 0 1 1 1 0 0 1 0 0 0 0 1 1 0 0 1 0 0 1 0 1 1 1 0 1 1 0 1 0 0 1 0 0 0 1 1 0 0 1 0 1 1 0 0 1 0 0 0 0 0 0 1 0 0 1 1 0 0 1 0 1 0 1 0 1 0 0 0 1 1 1 0 0 0 1 0 0 0 1 
0 0 0 0 0 1 1 0 0 0 1 1 0 0 1 1 0 1 1 1 0 1 0 0 0 0 1 1 1 0 0 0 0 0 0 0 1 0 1 1 0 1 0 1 1 1 0 1 0 1 0 0 1 0 1 0 1 0 0 1 0 0 0 0 1 0 0 1 1 0 1 1 0 0 0 1 0 1 1 1 1 1 1 1 1 1 1 1 0 1 1 1 1 0 0 0 0 1 1 1 1 0 0 1 0 1 0 1 0 0 1 1 0 1 1 1 0 1 0 1 0 0 1 0 1 0 0 1 0 0 1 0 1 0 0 0 1 0 1 1 1 1 1 1 0 1 0 1 1 0 0 1 0 0 0 1 1 0 0 0 0 1 0 0 0 1 0 0 1 0 0 0 1 1 0 1 1 0 1 1 1 1 0 1 0 0 0 0 0 1 1 1 1 0 0 1 0 0 0 0 
1 1 1 0 0 1 1 1 1 1 0 0 1 0 0 0 0 0 1 1 1 0 1 1 1 1 0 0 1 1 1 1 0 1 0 1 0 1 1 0 0 1 1 0 0 0 1 0 0 0 1 1 1 1 0 0 1 1 1 1 1 1 1 0 1 1 1 0 1 1 0 0 0 0 1 0 1 0 1 0 0 0 1 0 0 1 0 0 0 0 1 0 0 1 1 1 1 0 0 1 1 0 0 1 0 0 1 1 1 1 0 0 1 0 0 0 1 0 1 1 0 1 1 1 0 1 1 1 1 1 1 1 0 1 1 1 0 1 1 1 1 1 1 1 1 0 0 0 1 0 1 0 1 1 1 1 0 0 1 0 1 1 0 1 1 1 1 1 0 1 1 1 1 1 1 0 1 1 0 1 0 0 1 1 0 0 1 1 1 0 1 0 0 1 1 0 1 1 1 0 
0 1 0 0 1 1 0 1 1 1 0 0 1 0 0 0 0 0 1 1 1 0 1 1 1 0 0 0 1 1 1 1 1 1 0 1 0 0 0 0 0 1 1 1 0 0 1 0 0 0 0 1 1 0 0 0 1 1 1 1 1 1 1 0 1 0 1 0 1 1 0 0 0 1 0 0 1 0 1 0 0 1 1 0 0 1 0 0 1 0 1 0 0 1 1 1 1 0 0 1 1 0 1 1 1 0 1 1 1 1 0 0 1 0 0 0 1 1 0 1 0 1 1 0 0 1 1 1 1 1 1 1 0 1 1 1 0 1 1 1 1 1 1 1 1 0 0 0 1 1 1 0 1 1 1 1 0 0 1 0 1 1 0 1 1 0 1 1 0 1 1 1 1 1 1 0 1 1 0 1 0 0 1 1 0 0 1 1 1 0 1 0 0 1 0 0 1 1 1 0 
0 0 0 0 0 0 1 0 0 0 1 1 0 0 1 0 0 1 0 0 0 1 0 0 0 0 0 1 0 0 0 0 0 0 0 0 1 0 0 1 0 1 0 1 1 1 0 1 0 1 0 0 1 0 1 0 1 0 0 1 0 0 0 0 0 0 0 1 0 0 0 0 1 0 0 0 0 1 0 0 0 1 0 1 1 0 0 1 0 0 0 0 1 0 0 0 0 1 0 0 0 0 0 0 0 1 0 0 0 0 0 0 0 1 0 0 0 1 0 0 0 0 0 0 1 0 0 0 0 0 0 0 1 0 0 0 1 0 0 0 0 0 0 0 0 1 0 1 0 0 0 0 0 0 0 0 0 0 0 0 0 0 0 0 0 0 0 0 1 0 0 0 0 0 0 1 0 0 1 0 1 1 0 0 0 0 0 0 0 1 0 0 1 0 0 0 0 0 0 0 
0 1 0 0 0 1 0 1 1 1 0 0 0 0 0 0 0 0 0 1 1 0 1 1 1 0 0 0 1 1 1 1 1 1 0 1 0 0 0 0 0 1 1 0 0 0 1 0 0 0 0 1 0 0 0 0 1 1 1 0 1 1 1 0 1 0 1 0 1 1 0 0 0 1 1 0 0 0 1 0 0 0 0 0 0 0 0 0 0 0 1 0 0 1 1 0 1 0 0 0 1 0 1 1 0 0 1 1 1 1 0 0 1 0 0 0 1 0 0 0 0 1 1 0 0 1 1 0 1 1 1 1 0 0 1 1 0 1 1 0 1 0 0 0 1 0 0 0 0 1 1 0 1 1 1 1 0 0 0 0 1 0 0 1 1 0 1 1 0 1 1 1 0 1 1 0 1 1 0 1 0 0 1 1 0 0 1 1 1 0 0 0 0 1 0 0 1 1 1 0 
0 0 0 0 0 0 0 0 0 0 1 1 0 0 1 0 0 1 0 0 0 1 0 0 0 0 0 1 0 0 0 0 0 0 0 0 1 0 0 1 0 0 0 1 1 1 0 1 0 1 0 0 1 0 1 0 0 0 0 1 0 0 0 0 0 0 0 1 0 0 0 0 1 0 0 1 0 0 0 0 0 1 0 1 1 0 0 1 0 0 0 0 1 0 0 0 0 1 0 0 0 0 0 0 0 1 0 0 0 0 0 0 0 1 0 0 0 1 0 0 0 0 0 0 1 0 0 0 0 0 0 0 1 0 0 0 1 0 0 0 0 0 0 0 0 1 0 1 0 0 0 0 0 0 0 0 0 0 0 0 0 0 0 0 0 0 0 0 1 0 0 0 0 0 0 1 0 0 1 0 1 1 0 0 0 0 0 0 0 1 0 0 1 0 0 0 0 0 0 0 
0 1 0 0 1 1 1 0 1 1 1 1 1 0 1 1 0 0 1 1 0 1 0 1 0 0 0 1 1 1 0 1 1 0 0 0 1 0 1 1 0 1 0 1 0 1 0 1 0 1 0 1 1 0 1 0 1 0 1 1 1 1 1 0 1 0 0 1 1 0 0 0 1 1 1 0 1 0 0 0 0 1 1 1 1 1 0 1 1 1 1 0 1 1 1 0 0 1 0 1 1 0 1 1 1 0 1 1 0 1 1 0 1 1 0 1 0 1 0 1 0 0 1 0 1 1 0 1 0 1 1 1 1 0 1 0 1 1 1 1 1 1 1 1 1 0 0 1 1 0 1 1 1 1 1 1 0 0 0 0 0 1 0 1 1 1 1 0 1 0 0 1 1 1 1 1 1 1 1 1 1 1 1 1 0 0 1 0 1 1 1 0 1 1 0 0 0 0 1 0 
0 0 0 1 0 0 1 0 0 0 1 1 1 1 0 1 0 1 1 0 0 1 0 0 0 0 1 1 1 0 0 0 0 0 0 0 1 0 1 1 1 0 0 1 1 0 0 1 1 0 0 0 1 0 1 1 1 0 0 1 0 0 0 1 0 1 0 1 1 0 1 1 1 0 0 0 0 0 0 0 1 0 1 0 1 1 1 1 0 1 1 1 1 0 0 1 0 1 1 1 0 1 0 0 0 1 0 1 0 0 1 1 0 1 1 1 0 1 0 1 1 0 1 0 1 0 0 1 0 0 0 0 1 0 0 0 1 0 1 1 0 1 1 1 0 1 1 1 1 0 0 1 0 0 0 1 1 0 0 1 0 1 1 0 0 1 0 0 1 0 0 0 1 0 0 1 1 0 0 1 1 1 0 1 0 1 0 0 0 1 1 1 1 0 0 1 0 0 0 1 
1 0 0 1 0 0 1 0 0 0 0 1 1 1 0 1 1 1 1 0 0 1 0 0 0 0 1 1 1 0 0 0 0 0 1 0 0 0 1 1 1 0 0 0 1 0 0 1 1 0 0 0 0 0 1 1 0 0 0 0 0 0 1 1 0 1 0 1 1 0 1 1 1 0 0 0 0 0 0 1 0 0 1 0 0 1 1 1 0 1 1 1 1 0 0 1 0 1 1 1 0 1 0 0 0 1 0 1 0 0 1 1 0 1 1 1 0 0 0 1 1 0 1 1 1 0 0 1 0 0 0 0 1 1 0 0 1 0 0 1 0 1 1 1 0 1 1 0 1 0 0 1 0 0 0 1 1 0 0 1 0 1 1 0 0 1 0 0 0 0 0 0 1 0 0 1 1 0 0 1 0 1 0 1 1 1 0 0 0 1 1 1 0 0 0 1 0 0 1 1 
0 1 0 0 1 1 1 0 1 1 1 1 0 0 1 0 0 0 1 1 0 1 0 1 0 0 0 1 1 0 0 1 1 0 0 0 1 0 0 1 0 1 0 1 0 1 0 1 0 1 0 0 1 0 1 0 1 0 1 1 1 0 0 0 1 0 0 1 1 0 0 0 1 0 1 1 0 1 1 0 0 0 1 1 1 1 0 1 1 0 1 0 1 1 1 0 0 1 0 1 1 0 1 1 1 0 1 1 0 1 1 0 1 1 0 1 0 1 0 1 0 0 1 0 1 1 0 0 0 1 1 1 1 0 1 0 1 1 1 1 1 1 1 1 1 0 0 1 1 0 1 0 1 1 1 1 0 0 0 0 0 1 0 0 1 1 1 0 1 0 0 1 1 1 1 1 1 1 1 1 1 1 1 1 0 0 0 0 1 1 1 0 1 1 0 0 0 0 0 0 
1 1 0 0 1 1 1 1 1 1 1 1 1 1 1 1 0 1 1 1 0 1 0 1 0 0 0 1 1 1 0 1 0 0 0 0 1 0 1 1 0 1 0 1 1 1 0 1 1 1 0 1 1 0 1 1 1 0 0 1 0 0 1 1 1 1 0 1 1 0 1 1 1 1 1 0 0 0 1 1 1 1 0 1 1 1 1 1 1 1 1 1 1 1 0 1 0 1 1 1 1 0 1 1 1 1 0 1 0 1 1 1 1 1 1 1 0 1 0 1 1 1 1 1 1 1 0 1 1 1 1 1 1 1 0 0 1 1 1 1 1 1 1 1 1 1 0 0 1 0 0 1 1 0 1 1 1 0 0 1 1 1 1 0 0 1 1 0 0 1 0 1 1 1 1 1 1 1 1 1 1 1 1 1 0 0 0 0 1 1 1 1 1 1 0 1 0 1 1 1 
0 0 0 0 1 1 1 0 1 1 1 1 0 0 1 0 0 0 0 1 0 1 0 1 0 0 0 1 1 0 0 1 0 0 0 0 1 0 0 1 0 1 0 1 1 1 0 1 0 1 0 0 1 0 1 0 1 0 0 1 0 0 0 0 1 0 0 1 1 0 0 0 1 0 0 1 0 1 1 0 0 1 1 0 1 1 0 1 1 1 0 0 1 0 0 0 0 1 0 1 1 0 1 1 1 1 0 1 0 0 1 1 1 1 0 1 0 1 0 1 0 0 1 0 1 1 0 0 0 1 1 1 1 0 0 0 1 1 1 1 1 1 1 1 0 1 0 1 1 0 0 1 0 0 1 1 0 0 0 0 0 1 0 0 0 1 0 0 1 0 0 1 1 1 1 1 1 1 1 1 1 1 1 1 0 0 0 0 0 1 1 0 1 1 0 0 0 0 0 0 
0 0 0 0 0 0 1 0 0 0 1 1 0 0 1 0 0 1 0 0 0 1 0 0 0 0 0 1 0 0 0 0 0 0 0 0 1 0 0 1 0 1 0 1 1 1 0 1 0 1 0 0 1 0 1 0 1 0 0 1 0 0 0 0 0 0 0 1 0 0 0 1 1 0 0 1 0 1 1 1 0 1 1 1 0 1 1 1 0 1 0 0 1 0 0 0 0 1 0 0 0 0 0 0 0 1 0 0 0 0 1 1 0 1 0 1 0 1 0 0 0 0 0 0 1 0 0 0 0 0 0 0 1 0 0 0 1 0 0 0 0 1 0 1 0 1 0 1 1 0 0 1 0 0 0 0 1 0 0 0 0 0 0 0 0 1 0 0 1 0 0 0 0 0 0 1 0 0 1 0 1 1 0 0 0 0 0 0 0 1 1 0 1 0 0 1 0 0 0 0 
0 1 0 0 1 1 1 0 1 1 1 1 1 1 1 1 0 1 1 1 0 1 0 1 0 0 0 1 1 1 0 1 0 0 0 0 1 0 1 1 0 1 0 1 1 1 0 1 1 1 0 1 1 0 1 1 1 0 0 1 0 0 1 1 1 0 0 1 1 0 1 1 1 1 1 0 0 0 1 1 1 1 1 1 1 0 1 1 1 1 1 1 1 1 0 1 0 1 1 1 1 0 1 1 1 1 0 1 0 1 1 1 1 1 1 1 0 1 0 1 0 0 1 1 1 1 0 1 1 1 1 1 1 1 1 0 1 1 1 1 1 1 1 1 1 1 0 1 1 0 0 1 1 0 1 1 1 0 0 0 1 1 0 0 0 1 1 0 0 1 0 1 1 1 1 1 1 1 1 1 1 1 1 1 0 0 0 0 1 1 1 0 1 1 0 1 0 1 1 1 
1 0 0 1 0 0 1 0 0 0 0 1 1 1 0 1 0 1 1 0 0 1 0 0 0 0 1 1 1 0 0 0 0 0 0 0 0 0 1 1 1 0 0 0 1 0 0 1 1 0 0 0 0 0 1 1 0 0 0 0 0 0 0 1 0 1 0 1 0 0 1 1 1 0 0 0 0 0 0 1 1 0 1 0 1 1 0 1 0 1 1 1 1 0 0 1 0 1 1 1 0 1 0 0 0 1 0 0 0 0 1 1 0 1 1 1 0 0 0 1 1 0 1 1 1 0 0 1 0 0 0 0 1 1 0 0 1 0 0 1 0 1 1 1 0 1 1 0 1 0 0 1 0 0 0 0 1 0 0 1 0 1 1 0 0 1 0 0 0 0 0 0 1 0 0 1 0 0 0 1 0 1 0 0 0 1 0 0 0 1 1 1 0 0 0 1 0 0 0 1 
0 0 0 0 0 1 1 0 0 0 1 1 0 0 1 1 0 1 1 1 0 1 0 0 0 0 1 1 1 0 0 0 0 0 0 0 1 0 1 1 0 1 0 1 1 1 0 1 0 1 0 0 1 0 1 0 1 0 0 1 0 0 0 0 1 0 0 1 1 0 1 1 1 0 0 1 0 1 1 1 1 1 1 1 1 1 1 0 0 1 1 1 1 0 0 0 0 1 1 1 1 0 0 1 0 1 0 1 0 0 1 1 0 1 1 1 0 1 0 1 0 0 1 0 1 0 0 1 0 0 1 0 1 0 0 0 1 0 1 1 1 1 1 1 0 1 0 1 1 0 0 1 0 0 0 1 1 0 0 0 0 1 0 0 0 1 0 0 1 0 0 0 1 1 0 1 1 0 1 1 1 1 0 1 0 0 0 0 0 1 1 1 1 0 0 1 0 0 0 0 
0 0 0 0 1 1 1 0 1 1 1 0 0 0 1 0 0 0 0 1 0 1 0 1 0 0 0 0 1 0 0 1 1 0 0 0 1 0 0 1 0 1 0 1 0 1 0 0 0 1 0 0 1 0 0 0 1 0 1 1 1 1 0 0 1 0 0 0 1 0 0 0 0 0 1 0 0 0 1 0 0 1 1 1 0 1 0 0 0 0 0 0 0 1 1 0 0 0 0 1 1 0 1 1 1 0 1 1 0 1 0 0 1 1 0 0 0 1 0 0 0 0 1 0 0 1 0 0 0 1 1 1 0 0 1 0 0 1 1 1 1 1 0 1 0 0 0 1 1 1 1 0 1 1 1 1 0 0 0 0 0 0 0 0 1 0 0 0 0 0 0 1 0 1 1 1 1 1 1 1 0 0 1 1 0 0 0 0 1 1 1 0 1 1 0 0 0 0 0 0 
1 1 0 1 0 1 1 0 0 0 1 1 1 1 1 1 1 1 1 1 0 1 0 1 0 0 1 1 1 1 0 0 0 0 0 0 1 0 1 1 1 1 0 1 1 0 0 1 1 0 0 1 1 0 1 1 1 0 0 1 0 0 1 1 1 1 0 1 1 0 1 1 1 0 0 0 0 0 1 1 1 0 1 1 1 1 1 1 0 0 1 1 1 0 0 1 0 1 1 1 0 1 0 0 0 1 0 1 0 0 1 1 0 1 1 1 0 1 0 1 1 0 1 1 1 0 0 1 0 0 0 0 1 1 0 0 1 0 1 1 0 1 1 1 1 1 1 0 1 0 0 1 0 0 0 1 1 0 0 1 0 1 1 0 0 1 1 0 1 0 0 1 1 1 0 1 1 1 0 1 1 1 0 1 1 1 0 0 0 1 1 1 1 0 0 1 0 0 1 1 
1 1 0 1 0 1 1 1 1 1 1 1 1 1 0 1 1 1 1 1 1 1 0 1 0 0 0 1 1 1 0 1 0 1 1 1 0 1 1 1 1 1 1 1 0 0 1 1 1 0 0 1 1 0 1 1 1 1 0 1 0 0 1 1 1 1 1 1 1 0 1 1 1 1 1 0 1 0 1 1 1 1 1 0 0 1 1 1 0 1 0 1 1 0 0 1 1 1 1 1 1 1 0 1 0 1 0 1 1 1 1 1 1 1 1 1 1 1 0 1 1 1 1 1 1 0 1 1 1 0 1 0 1 1 0 1 1 0 1 1 1 1 1 1 1 1 0 0 1 0 0 1 1 0 0 1 1 1 1 1 1 1 1 0 0 1 1 1 0 1 1 1 1 1 1 1 1 1 0 1 0 1 0 1 1 0 0 1 1 1 1 1 0 0 1 1 0 1 1 1 
1 0 0 1 0 0 1 0 0 0 0 1 1 1 0 1 1 1 1 0 0 0 0 0 0 0 1 1 1 1 0 0 0 0 1 0 0 0 1 1 1 0 0 0 1 0 0 1 1 0 0 1 0 0 1 1 0 0 0 0 0 0 1 1 0 1 0 1 0 0 1 1 1 0 0 0 0 0 0 1 1 0 1 0 0 1 1 1 0 1 1 0 1 0 0 1 0 1 1 1 0 1 0 0 0 1 0 1 0 0 1 1 0 1 1 1 0 0 0 1 1 0 1 1 1 0 0 1 0 0 0 0 1 1 0 0 1 0 0 1 0 1 1 1 0 1 1 0 1 0 0 1 0 0 0 0 1 1 0 1 0 1 1 0 0 1 1 0 0 0 0 0 1 0 0 1 0 0 0 1 0 1 0 1 1 1 0 0 0 0 1 1 0 0 1 1 0 0 1 1 
0 0 0 0 0 0 1 0 0 0 1 1 1 1 1 1 0 1 1 1 0 1 0 0 0 0 1 1 1 0 0 0 0 0 0 0 1 0 1 1 0 1 0 1 1 0 0 1 1 1 0 0 1 0 1 0 1 0 0 1 0 0 0 0 0 0 0 1 1 0 1 1 1 0 0 1 0 1 1 1 1 1 1 1 1 1 1 1 0 1 1 1 0 0 0 1 0 1 1 1 0 0 0 0 0 1 0 1 0 0 1 1 0 1 1 1 0 1 0 1 1 0 1 0 1 0 0 1 0 0 0 0 1 0 0 0 1 0 1 1 0 1 1 1 0 1 0 1 1 0 0 1 0 0 0 1 1 0 0 0 0 1 1 0 0 1 0 0 1 0 0 0 1 0 0 1 1 0 0 1 1 1 0 1 0 1 0 0 0 1 1 1 1 0 0 1 0 0 0 0 
0 1 0 0 1 1 0 1 1 1 0 0 0 0 0 0 0 0 0 1 1 0 1 1 1 0 0 0 1 1 1 1 1 1 0 0 0 0 0 0 0 1 0 0 0 1 1 0 0 0 0 1 1 0 0 0 1 1 1 1 1 1 0 0 1 0 1 0 1 0 0 0 0 1 1 0 1 0 1 0 0 1 1 0 0 1 0 0 1 0 0 0 0 0 1 0 1 0 0 0 1 0 1 1 1 0 1 1 0 1 0 0 1 0 0 0 1 0 0 0 0 1 0 0 0 1 1 0 1 1 1 1 0 0 1 1 0 1 1 0 1 0 0 0 1 0 0 0 0 1 1 0 1 1 1 1 0 0 0 0 1 0 0 1 1 0 1 0 0 1 1 1 0 1 1 0 1 1 0 1 0 0 1 1 0 0 1 0 1 0 1 0 0 1 0 0 0 1 0 0 
0 0 0 0 1 1 0 1 1 1 0 0 0 0 0 0 0 0 0 1 1 0 0 1 1 0 0 0 0 0 1 1 1 0 0 0 0 0 0 0 0 1 0 0 0 1 1 0 0 0 0 0 0 0 0 0 0 0 1 0 1 1 0 0 1 0 0 0 0 0 0 0 0 1 1 0 1 0 1 0 0 1 0 0 0 0 0 0 1 0 0 0 0 1 0 0 1 0 0 0 1 0 1 1 1 0 1 0 0 1 0 0 1 0 0 0 0 0 0 0 0 0 0 0 0 1 1 0 1 1 1 1 0 0 1 1 0 1 1 0 1 0 0 0 0 0 0 0 0 1 1 0 1 1 1 0 0 0 0 0 0 0 0 1 1 0 0 0 0 1 0 1 0 1 1 0 0 1 0 0 0 0 1 0 0 0 1 0 1 0 0 0 0 1 0 0 0 1 0 0 
1 1 0 1 0 1 1 1 1 0 0 0 1 1 0 1 1 1 1 1 0 0 0 1 0 0 1 1 1 1 0 1 0 1 1 1 0 1 1 1 1 1 1 0 0 0 0 0 1 0 0 1 1 0 1 1 1 0 0 1 0 0 1 1 1 1 1 1 1 0 1 1 0 1 1 0 0 0 0 1 1 0 1 0 0 1 1 0 0 1 1 1 1 0 0 0 0 1 1 1 0 1 0 0 0 1 0 1 1 1 1 1 0 1 1 1 1 1 0 1 1 1 1 1 1 0 0 1 1 0 0 0 1 1 0 0 1 0 1 1 0 1 1 1 1 1 1 0 1 0 0 1 0 0 0 1 1 1 1 1 1 1 1 0 0 1 1 1 0 1 0 1 1 1 0 1 1 1 0 1 0 1 0 1 1 1 0 1 1 0 1 1 0 0 1 1 0 1 1 1 
0 1 1 0 0 1 0 1 1 1 0 0 0 0 0 0 0 0 0 1 1 0 1 1 1 1 0 0 1 1 1 1 1 1 0 1 0 1 0 0 0 0 1 0 0 0 1 0 0 0 1 1 0 1 0 0 0 1 1 0 1 1 1 0 1 0 1 0 1 1 0 0 0 1 1 0 1 0 0 0 0 0 0 0 0 0 0 0 0 0 1 0 0 1 1 0 0 0 0 0 1 0 0 0 0 0 1 1 1 1 0 0 0 0 0 0 1 0 1 0 0 1 1 0 0 1 1 0 1 1 0 1 0 1 1 1 0 1 1 0 0 0 0 0 1 0 0 0 0 1 1 0 1 1 1 1 0 0 1 0 1 0 0 1 1 0 1 1 0 1 1 1 0 1 1 0 1 1 0 1 0 0 1 1 0 0 1 1 1 0 0 0 0 1 0 0 1 1 1 0 
0 1 0 0 0 1 1 0 0 0 1 1 1 1 1 1 0 1 1 1 0 1 0 1 0 0 1 1 1 1 0 1 0 0 0 0 1 0 1 1 0 1 0 1 1 0 0 1 1 1 0 1 1 0 1 1 1 0 0 1 0 0 1 1 1 1 0 1 1 0 1 1 1 0 0 1 0 1 1 1 1 1 1 1 1 1 1 1 0 1 1 1 1 0 0 1 0 0 1 1 1 0 0 1 0 1 0 1 0 0 1 1 0 1 1 1 0 1 0 1 1 0 1 1 1 0 0 1 0 0 1 0 1 1 0 0 1 0 1 1 1 1 1 1 1 1 0 1 1 0 0 1 0 0 0 1 1 0 0 1 0 1 1 0 0 1 1 0 1 0 0 1 1 1 0 1 1 1 1 1 1 1 0 1 0 1 0 0 0 1 1 1 1 0 0 1 0 0 1 1 
1 1 0 1 0 0 1 0 0 0 0 1 1 1 0 1 1 1 1 1 0 0 0 1 0 0 1 1 1 1 0 0 0 0 1 0 0 0 1 1 1 0 0 0 1 0 0 1 1 0 0 1 0 0 1 1 1 0 0 0 0 0 1 1 1 1 0 1 1 0 1 1 1 0 0 0 0 0 0 1 1 0 1 0 0 1 1 1 0 1 1 1 1 0 0 1 0 1 0 1 0 1 0 0 0 1 0 1 0 0 1 1 0 1 1 1 0 0 0 1 1 0 1 1 1 0 0 1 0 0 0 0 1 1 0 0 1 0 1 1 0 1 1 1 1 1 1 0 1 0 0 1 0 0 0 1 1 1 1 1 0 1 1 0 0 1 1 0 0 0 0 0 1 0 0 1 1 1 0 1 0 1 0 1 1 1 0 1 0 0 1 1 0 0 1 1 0 0 1 1 
1 1 0 1 1 1 1 1 1 1 1 1 1 1 1 1 0 1 1 1 0 1 0 1 0 0 1 1 1 1 0 1 0 1 0 0 1 0 1 1 1 1 0 1 1 1 0 1 1 1 0 1 1 0 1 1 1 0 0 1 0 0 1 1 1 1 0 1 1 0 1 1 1 1 1 0 0 0 1 1 1 1 1 1 0 1 1 1 1 1 1 1 1 0 0 1 0 1 1 0 1 0 1 1 0 1 0 1 0 1 1 1 1 1 1 1 0 1 0 1 1 1 1 1 1 0 0 1 1 1 1 0 1 1 0 0 1 1 1 1 1 1 1 1 1 1 0 0 1 0 0 1 1 0 0 1 1 0 1 1 1 1 1 0 0 1 1 1 0 1 0 1 1 1 1 1 1 1 1 1 0 1 0 1 1 1 0 1 1 1 1 1 1 1 1 1 0 1 1 1 
0 1 0 0 1 1 1 0 1 1 1 0 1 0 1 0 0 0 1 1 0 1 0 1 1 0 0 1 1 1 1 1 1 0 0 0 1 0 0 1 0 1 0 1 0 1 1 1 0 1 0 1 1 0 1 0 1 0 1 1 1 1 0 0 1 0 0 1 1 0 0 0 1 1 1 0 1 0 1 0 0 1 1 1 0 1 0 1 1 0 1 0 0 1 1 0 1 1 0 1 0 0 1 1 1 0 1 1 0 1 1 0 1 1 0 1 0 1 0 1 0 0 1 0 1 1 0 1 1 1 1 1 0 0 1 0 1 1 1 1 1 1 1 1 1 0 0 0 1 1 1 0 1 1 1 1 0 0 0 0 0 1 0 1 1 1 1 0 0 0 0 1 1 1 1 1 1 1 1 1 0 0 1 1 0 0 1 0 1 1 1 0 1 1 0 0 0 1 0 0 
1 0 0 1 0 0 0 0 0 0 0 0 1 1 0 1 1 1 1 0 0 0 0 0 0 0 1 1 0 0 0 0 0 0 1 0 0 0 1 0 1 0 0 0 0 0 0 0 1 0 0 1 0 0 0 1 0 0 0 0 0 0 1 1 0 1 0 0 0 0 1 1 0 0 0 0 0 0 0 1 1 0 0 0 0 0 1 0 0 1 1 1 0 0 0 1 0 0 1 0 0 0 0 0 0 0 0 0 0 0 1 1 0 0 1 1 0 0 0 1 1 0 1 1 1 0 0 1 0 0 0 0 1 1 0 0 1 0 0 0 0 0 1 0 0 0 1 0 1 0 0 1 0 0 0 0 1 1 1 1 0 1 1 0 0 1 0 0 0 0 0 0 1 0 0 0 0 0 0 0 0 0 0 0 1 1 0 0 0 0 0 1 0 0 1 1 0 0 1 1 
0 0 0 0 1 1 1 0 1 1 1 0 0 0 1 0 0 0 0 1 0 1 0 1 0 0 0 0 1 0 0 1 1 0 0 0 1 0 0 1 0 1 0 1 0 1 0 0 0 1 0 0 1 0 0 0 1 0 1 1 1 1 0 0 1 0 0 0 1 0 0 0 0 0 1 0 1 0 1 0 0 1 1 1 0 1 0 0 1 0 0 0 0 1 1 0 0 0 0 1 1 0 0 1 1 0 1 1 0 1 0 0 1 1 0 0 0 1 0 0 0 0 1 0 0 1 0 0 0 1 1 1 0 0 1 0 0 1 1 1 1 1 0 1 1 0 0 0 1 1 1 0 1 1 1 1 0 0 0 0 0 0 0 1 1 0 0 0 0 0 0 1 0 1 1 1 1 1 1 1 0 0 1 1 0 0 1 0 1 0 1 0 1 1 0 0 0 0 0 0 
0 1 0 0 1 1 1 0 1 1 1 1 0 0 1 0 0 0 1 1 0 1 0 1 0 0 0 1 1 0 1 1 1 0 0 0 1 0 0 1 0 1 0 1 0 1 1 1 0 1 0 0 1 0 1 0 1 0 1 1 1 1 0 0 1 0 0 1 1 0 0 0 1 1 1 0 1 0 1 0 0 1 1 1 0 1 0 1 1 0 1 0 0 1 1 0 0 1 0 1 1 0 1 0 1 0 1 1 0 1 1 0 1 1 0 0 0 1 0 1 0 0 1 0 1 1 0 0 0 1 1 1 0 0 1 0 1 1 1 1 1 1 1 1 1 0 0 0 1 1 1 0 1 1 1 1 0 0 0 0 0 1 0 1 1 1 1 0 0 0 0 1 1 1 1 1 1 1 1 1 0 0 1 1 0 0 1 0 1 1 1 0 1 1 0 0 0 0 0 0 
0 0 0 0 1 1 0 0 1 1 1 0 0 0 1 0 0 0 0 1 0 1 0 1 0 0 0 0 1 0 0 1 1 0 0 0 1 0 0 1 0 1 0 1 0 1 0 0 0 1 0 0 1 0 0 0 1 0 1 1 1 1 0 0 1 0 0 0 1 0 0 0 0 0 1 0 0 0 1 0 0 1 1 1 0 1 0 0 1 0 0 0 0 1 1 0 0 0 0 0 1 0 1 1 0 0 1 1 0 1 0 0 1 1 0 0 0 1 0 0 0 0 0 0 0 1 0 0 0 1 1 1 0 0 1 0 0 1 1 1 1 1 0 0 0 0 0 0 0 1 1 0 1 1 1 1 0 0 0 0 0 0 0 1 1 0 0 0 0 0 0 1 0 1 1 0 1 1 1 0 0 0 1 1 0 0 0 0 1 0 1 0 1 1 0 0 0 0 0 0 
0 0 0 0 0 0 1 0 0 0 1 1 1 1 1 1 0 1 1 0 0 1 0 0 0 0 1 1 1 0 0 0 0 0 0 0 1 0 1 1 0 0 0 1 1 0 0 1 1 0 0 0 1 0 1 1 1 0 0 1 0 0 0 0 0 0 0 1 0 0 1 1 1 0 0 1 0 1 0 1 1 0 1 1 1 1 1 1 0 1 1 1 1 0 0 1 0 1 1 1 0 0 0 0 0 0 0 0 0 0 1 1 0 1 1 1 0 1 0 1 1 0 1 0 1 0 0 1 0 0 0 0 1 0 0 0 1 0 0 1 0 1 1 1 0 1 1 1 1 0 0 1 0 0 0 1 1 0 0 0 0 1 1 0 0 1 0 0 1 0 0 0 1 0 0 1 1 0 0 1 1 1 0 0 0 1 0 0 0 1 1 1 1 0 0 1 0 0 0 1 
0 0 0 0 1 1 0 1 1 1 0 0 0 0 0 0 0 0 0 1 1 0 0 1 1 0 0 0 0 0 1 1 1 0 0 0 0 0 0 0 0 1 0 0 0 1 1 0 0 0 0 0 0 0 0 0 0 0 1 0 1 1 0 0 1 0 0 0 1 0 0 0 0 1 1 0 1 0 1 0 0 1 0 0 0 0 0 0 1 0 0 0 0 1 1 0 1 0 0 0 1 0 1 1 1 0 0 0 0 1 0 0 1 0 0 0 0 0 0 0 0 0 0 0 0 1 1 0 1 1 1 1 0 0 1 1 0 1 1 0 1 0 0 0 0 0 0 0 0 1 1 0 1 1 1 0 0 0 0 0 0 0 0 1 1 0 0 0 0 1 0 1 0 1 1 0 0 1 0 0 0 0 1 0 0 0 1 0 1 0 0 0 0 1 0 0 0 1 0 0 
1 1 0 1 1 1 1 1 1 1 1 1 1 1 1 1 0 0 1 1 1 1 1 1 1 0 0 1 1 1 1 1 0 1 0 1 0 0 1 1 0 1 1 1 0 1 1 1 1 0 0 1 1 0 1 1 1 1 1 1 1 1 1 1 1 1 1 1 1 0 1 1 1 1 1 0 1 0 1 1 1 1 1 1 0 1 0 1 1 1 1 1 1 1 0 1 1 1 1 1 1 0 1 1 1 0 0 0 1 1 1 1 1 1 1 1 1 1 0 1 1 1 1 1 1 1 1 1 1 1 1 1 1 1 1 1 1 1 1 1 1 1 1 1 1 0 0 0 1 0 1 1 1 0 1 1 0 0 1 1 1 1 0 1 0 1 1 1 0 1 1 1 1 1 1 1 1 1 1 1 0 1 1 1 1 0 1 1 1 1 1 0 1 1 1 1 0 1 1 1 
1 1 1 1 0 0 0 1 1 1 0 0 1 0 0 0 1 0 1 0 1 0 1 1 1 1 0 0 0 1 1 1 0 1 1 1 0 1 0 0 0 0 1 0 0 0 1 0 0 0 1 1 0 1 0 0 0 1 0 0 0 1 1 1 0 1 1 0 0 1 0 0 0 1 1 0 1 0 0 0 0 0 0 0 0 0 0 0 0 0 1 0 0 0 0 1 1 0 0 0 0 0 0 0 0 0 0 1 0 1 0 0 0 0 0 0 1 0 1 0 0 1 1 1 0 0 1 1 1 0 0 0 0 1 0 1 0 0 0 0 0 0 0 0 1 0 0 0 0 0 0 0 1 0 0 0 0 1 1 1 1 0 0 0 0 0 1 1 0 1 1 0 1 0 0 0 0 1 0 1 0 0 0 1 1 0 1 1 1 0 0 0 0 0 1 0 1 1 1 1 
0 1 0 0 1 1 1 1 1 1 0 0 1 0 0 0 0 0 1 1 1 0 1 1 1 0 0 0 1 1 1 1 1 1 0 1 0 0 0 0 0 1 1 1 0 1 1 0 0 0 0 1 1 0 0 0 1 1 1 1 1 1 1 0 1 0 1 0 1 1 0 0 0 1 1 0 1 0 1 0 0 1 1 0 0 1 0 0 1 0 1 0 0 1 1 1 1 0 0 1 1 0 1 1 1 0 1 1 1 0 0 0 1 1 0 0 1 1 0 1 0 1 1 1 0 1 1 1 1 1 1 1 0 1 1 1 0 1 1 1 1 1 1 1 1 0 0 0 1 1 1 0 1 1 1 1 0 0 1 0 1 1 0 1 1 1 1 1 0 1 1 1 1 1 1 1 1 1 0 1 0 0 1 1 0 0 1 1 1 0 1 0 0 1 0 0 1 1 1 0 
1 1 0 1 0 1 1 0 1 0 1 1 1 1 1 1 0 1 1 1 0 1 0 1 0 0 1 1 1 1 0 1 0 0 0 0 1 0 1 1 1 1 0 1 1 0 0 1 1 1 0 1 1 0 1 1 1 0 0 1 0 0 1 1 1 1 0 1 1 0 1 1 1 0 0 0 0 0 1 1 1 1 1 1 1 1 1 1 0 1 1 1 1 0 0 1 0 1 1 1 1 1 0 1 0 1 0 1 0 0 0 1 0 1 1 1 0 1 0 1 1 0 1 1 1 0 0 1 0 0 1 0 1 1 0 0 1 0 1 1 1 1 1 1 1 1 1 1 1 0 0 1 0 0 0 1 1 0 0 1 0 1 1 0 0 1 1 0 1 0 0 1 1 1 0 1 1 1 1 1 1 1 0 1 0 1 0 0 1 1 1 1 1 0 0 1 0 0 1 1 
1 0 0 1 0 1 1 0 0 0 1 1 1 1 1 1 0 1 1 1 0 1 0 0 0 0 1 1 1 0 0 0 0 0 0 0 1 0 1 1 1 1 0 1 1 0 0 1 1 0 0 0 1 0 1 1 1 0 0 1 0 0 1 1 1 1 0 1 1 0 1 1 1 0 0 0 0 0 0 1 1 0 1 1 1 1 1 1 0 1 1 1 1 0 0 1 0 1 1 1 0 1 0 0 0 1 0 1 0 0 1 0 0 1 1 1 0 1 0 1 1 0 1 1 1 0 0 1 0 0 0 0 1 1 0 0 1 0 1 1 0 1 1 1 0 1 1 1 1 0 0 1 0 0 0 1 1 0 0 1 0 1 1 0 0 1 1 0 1 0 0 0 1 0 0 1 1 0 0 1 1 1 0 1 0 1 0 0 0 1 1 1 1 0 0 1 0 0 1 1 
0 1 0 0 1 1 1 0 1 1 1 0 0 0 1 0 0 0 0 1 0 1 0 1 0 0 0 0 1 0 1 1 1 0 0 0 1 0 0 1 0 1 0 1 0 1 1 0 0 1 0 0 1 0 0 0 1 0 1 1 1 1 0 0 1 0 0 0 1 0 0 0 0 1 1 0 1 0 1 0 0 1 1 1 0 1 0 0 1 0 1 0 0 1 1 0 0 0 0 1 1 0 1 1 1 0 1 1 0 1 0 0 0 1 0 0 0 1 0 1 0 0 1 0 0 1 0 0 0 1 1 1 0 0 1 0 1 1 1 1 1 1 1 1 1 0 0 0 1 1 1 0 1 1 1 1 0 0 0 0 0 1 0 1 1 0 1 0 0 0 0 1 1 1 1 1 1 1 1 1 0 0 1 1 0 0 1 0 1 1 1 0 1 1 0 0 0 0 0 0 
0 1 0 0 1 1 1 0 1 0 1 1 1 1 1 1 0 1 1 1 0 1 0 1 0 0 1 1 1 1 0 1 0 0 0 0 1 0 1 1 0 1 0 1 1 1 0 1 1 1 0 1 1 0 1 1 1 0 0 1 0 0 1 1 1 0 0 1 1 0 1 1 1 0 0 1 0 1 1 1 1 1 1 1 1 1 1 1 1 1 1 1 1 0 0 1 0 1 1 1 1 0 1 1 1 1 0 1 0 1 1 1 1 0 1 1 0 1 0 1 1 0 1 0 1 0 0 1 0 0 1 0 1 1 0 0 1 1 1 1 1 1 1 1 1 1 0 1 1 0 0 1 0 0 0 1 1 0 0 0 0 1 1 0 0 1 1 0 1 0 0 1 1 1 0 1 1 1 1 1 1 1 0 1 0 1 0 0 1 1 1 1 1 0 0 1 0 0 1 1 
1 1 0 1 0 1 1 0 0 0 0 1 1 1 0 1 1 1 1 1 0 0 0 1 0 0 1 1 1 1 0 1 0 0 1 1 0 0 1 1 1 1 0 1 1 0 0 1 1 0 0 1 1 0 1 1 1 0 0 1 0 0 1 1 1 1 0 1 1 0 1 1 1 0 0 0 0 0 0 1 1 0 1 0 0 1 1 1 0 1 1 1 1 0 0 1 0 1 1 1 0 1 0 0 0 1 0 1 0 0 1 1 0 1 0 1 0 1 0 1 1 0 1 1 1 0 0 1 0 0 0 0 1 1 0 0 1 0 1 1 0 1 1 1 1 1 1 0 1 0 0 1 0 0 0 1 1 1 1 1 1 1 1 0 0 1 1 1 0 0 0 1 1 1 0 1 1 1 0 1 0 1 0 1 1 1 0 1 1 1 1 1 0 0 1 1 0 0 1 1 
1 1 0 1 0 1 1 0 0 0 1 1 1 1 1 1 1 1 1 1 0 1 0 1 0 0 1 1 1 1 0 1 0 0 1 0 1 0 1 1 1 1 0 1 1 0 0 1 1 0 0 1 1 0 1 1 1 0 0 1 0 0 1 1 1 1 0 1 1 0 1 1 1 0 0 0 0 0 1 1 1 1 1 1 1 1 1 1 0 1 1 1 1 0 0 1 0 1 1 1 1 1 0 0 0 1 0 1 0 0 1 1 0 1 1 0 0 1 0 1 1 0 1 1 1 0 0 1 0 0 1 0 1 1 0 0 1 0 1 1 0 1 1 1 1 1 1 0 1 0 0 1 0 0 0 1 1 0 0 1 0 1 1 0 0 1 1 0 0 0 0 1 1 1 0 1 1 1 0 1 1 1 0 1 1 1 0 0 1 1 1 1 1 0 0 1 0 0 1 1 
1 1 1 0 0 1 0 1 1 1 0 0 1 0 0 0 0 0 1 1 1 0 1 1 1 1 0 0 1 1 1 1 0 1 0 1 0 1 0 0 0 0 1 0 0 0 1 0 0 0 1 1 0 1 0 0 0 1 1 0 1 1 1 0 1 0 1 0 1 1 0 0 0 1 1 0 1 0 0 0 0 0 0 0 0 0 0 0 0 0 1 0 0 1 0 1 1 0 0 0 0 0 0 0 0 0 0 1 1 1 0 0 0 0 0 0 0 0 1 0 0 1 1 1 0 0 1 0 1 0 0 0 0 1 0 1 0 0 1 1 0 0 0 0 1 0 0 0 0 0 1 0 1 0 0 1 0 0 1 0 1 0 0 1 0 0 1 1 0 1 1 1 0 0 1 0 1 1 0 1 0 0 0 1 0 0 1 1 1 0 0 0 0 1 1 0 1 1 1 0 
0 1 0 0 1 1 1 0 1 1 1 1 1 0 1 1 0 1 1 1 0 1 0 1 0 0 0 1 1 1 0 1 0 0 0 0 1 0 1 1 0 1 0 1 1 1 0 1 0 1 0 0 1 0 1 0 1 0 0 1 0 0 1 0 1 0 0 1 1 0 1 0 1 0 1 1 0 1 1 1 0 1 1 1 1 1 0 1 1 1 1 0 1 0 0 1 0 1 0 1 1 0 1 1 1 1 0 1 0 1 1 1 1 1 1 1 0 0 0 1 0 0 1 0 1 1 0 1 0 1 1 1 1 0 1 0 1 1 1 1 1 1 1 1 1 1 0 1 1 0 0 1 1 0 1 1 1 0 0 0 0 1 0 0 0 1 1 0 1 0 0 1 1 1 1 1 1 1 1 1 1 1 1 1 0 0 0 0 1 1 1 0 1 1 0 1 0 0 0 0 
1 1 1 0 0 0 0 1 0 0 0 0 0 0 0 0 1 0 0 0 1 0 1 0 0 1 0 0 0 1 0 0 0 1 1 1 0 1 0 0 0 0 1 0 0 0 0 0 0 0 1 1 0 1 0 0 0 1 0 0 0 0 1 0 0 1 1 0 0 1 0 0 0 1 0 0 0 0 0 0 0 0 0 0 0 0 0 0 0 0 0 0 0 0 0 0 1 0 0 0 0 0 0 0 0 0 0 0 1 0 0 0 0 0 0 0 1 0 0 0 0 1 0 1 0 0 1 0 1 0 0 0 0 1 0 1 0 0 0 0 0 0 0 0 1 0 0 0 0 0 0 0 0 0 0 0 0 1 1 0 1 0 0 0 0 0 1 1 0 1 1 0 0 0 0 0 0 0 0 0 0 0 0 0 1 0 0 1 1 0 0 0 0 0 1 0 1 1 1 0 
1 1 0 1 0 1 1 0 1 1 1 1 1 1 1 1 1 1 1 1 0 1 0 1 0 0 1 1 1 1 0 1 0 0 1 0 1 0 1 1 1 1 0 1 1 0 0 1 1 1 0 1 1 0 1 1 1 0 0 1 0 0 1 1 1 1 0 1 1 0 1 1 1 1 1 0 0 0 1 1 1 1 1 1 0 1 1 1 0 1 1 1 1 0 0 1 0 1 1 1 1 1 0 1 0 1 0 1 0 1 1 1 1 1 1 1 0 1 0 0 1 0 1 1 1 0 0 1 1 0 1 0 1 1 0 0 1 0 1 1 1 1 1 1 1 1 0 0 1 0 0 1 0 0 0 1 1 0 1 1 1 1 1 0 0 1 1 1 0 1 0 1 1 1 0 1 1 1 1 1 0 1 0 1 1 1 0 1 1 1 1 1 1 0 1 1 0 1 1 1 
1 0 0 1 0 0 1 0 0 0 0 0 1 1 0 1 1 1 1 0 0 0 0 0 0 0 1 1 0 1 0 0 0 0 1 0 0 0 1 0 1 0 0 0 0 0 0 0 1 0 0 1 0 0 1 1 0 0 0 0 0 0 1 1 0 1 0 1 0 0 1 1 0 0 0 0 0 0 0 1 1 0 1 0 0 0 1 0 0 1 1 1 1 0 0 1 0 1 1 1 0 1 0 0 0 1 0 1 0 0 1 1 0 1 1 1 0 0 0 1 0 0 1 1 1 0 0 1 0 0 0 0 1 1 0 0 1 0 0 1 0 1 1 1 0 1 1 0 1 0 0 1 0 0 0 0 1 1 0 1 0 1 1 0 0 1 1 0 0 0 0 0 1 0 0 1 0 0 0 1 0 1 0 0 1 1 0 0 0 0 0 1 0 0 1 1 0 0 1 1 
1 1 1 0 0 1 0 1 1 1 0 0 1 0 0 0 0 0 1 1 1 0 1 1 1 1 0 0 1 1 1 1 0 1 0 1 0 1 0 0 0 0 1 0 0 0 1 0 0 0 1 1 0 1 0 0 0 1 1 0 1 1 1 0 1 1 1 0 1 1 0 0 0 1 1 0 1 0 0 0 0 0 1 0 0 0 0 0 0 0 1 0 0 1 0 1 1 0 0 1 0 0 0 0 0 0 0 1 1 1 0 0 0 0 0 0 1 0 1 0 0 0 1 1 0 0 1 1 1 0 0 0 0 1 0 1 0 0 1 1 0 1 1 0 1 0 0 0 0 0 1 0 1 0 0 1 0 1 1 0 1 1 0 1 0 0 1 1 0 1 1 1 1 0 1 0 1 1 0 1 0 0 0 1 1 0 1 1 1 0 0 0 0 1 1 0 1 1 1 0 
1 1 0 1 0 1 1 1 1 1 1 1 1 1 1 1 1 1 1 1 1 1 0 1 1 0 0 1 1 1 0 1 0 1 1 1 0 0 1 1 1 1 1 1 0 0 1 1 1 0 0 1 1 0 1 1 1 1 0 1 0 1 1 1 1 1 1 1 1 0 1 1 1 1 1 0 1 0 1 1 1 1 1 1 0 1 1 1 1 1 1 1 1 0 0 1 1 1 1 1 1 1 1 1 0 1 0 1 1 1 1 1 1 1 1 1 1 1 0 1 1 1 0 1 1 0 1 1 1 1 1 0 1 1 0 1 1 1 1 1 1 1 1 1 1 1 0 0 1 0 0 1 1 0 0 1 1 1 1 1 1 1 1 0 0 1 1 1 0 1 0 1 1 1 1 1 1 1 0 1 0 1 0 1 1 0 0 1 1 1 1 1 1 1 1 1 0 1 1 1 
1 1 1 1 0 1 1 1 0 0 0 0 1 1 0 1 1 0 1 1 1 0 1 1 0 1 1 1 1 1 0 1 0 1 1 1 0 1 1 0 1 0 1 0 0 0 0 0 1 0 1 1 0 1 0 1 0 1 0 0 0 0 1 1 1 1 1 1 1 1 1 1 0 1 0 0 0 0 0 0 1 0 1 0 0 1 1 0 0 1 1 1 0 0 0 1 0 1 1 1 0 1 0 0 0 0 0 1 1 1 1 1 0 0 1 1 1 0 1 1 1 1 1 0 1 0 0 1 1 0 0 0 1 1 0 1 1 0 1 1 0 1 1 1 1 0 1 0 1 0 0 1 0 0 0 1 0 1 1 1 1 1 1 0 0 1 1 1 0 1 1 0 1 0 0 1 1 1 0 1 0 0 0 1 1 1 0 1 1 0 1 0 0 0 1 1 0 1 1 1 
1 1 0 1 0 1 1 0 0 0 1 1 1 1 1 1 0 1 1 1 0 1 0 1 0 0 1 1 1 0 0 0 0 0 0 0 1 0 1 1 1 1 0 1 1 0 0 1 1 1 0 0 1 0 1 1 1 0 0 1 0 0 1 1 1 1 0 1 1 0 1 1 1 0 0 1 0 1 1 1 1 1 1 1 1 1 1 1 0 1 1 1 1 0 0 1 0 1 1 1 1 1 0 1 0 1 0 1 0 0 1 1 0 1 1 1 0 1 0 1 1 0 1 1 0 0 0 1 0 0 1 0 1 1 0 0 1 0 1 1 0 1 1 1 1 1 1 1 1 0 0 1 0 0 0 1 1 0 0 1 0 1 1 0 0 1 1 0 1 0 0 1 1 1 0 1 1 1 0 1 1 1 0 1 0 1 0 0 0 1 1 1 1 0 0 1 0 0 1 1 
0 1 0 0 1 1 0 0 1 1 0 0 0 0 1 0 0 0 0 1 0 0 0 1 1 0 0 0 1 0 1 1 1 0 0 0 0 0 0 0 0 1 0 1 0 1 1 0 0 0 0 0 1 0 0 0 1 0 1 1 1 1 0 0 1 0 0 0 1 0 0 0 0 1 1 0 1 0 1 0 0 1 1 1 0 1 0 0 1 0 0 0 0 1 1 0 1 0 0 0 1 0 1 1 1 0 1 1 0 1 0 0 1 0 0 0 0 1 0 0 0 0 0 0 0 0 1 0 1 1 1 1 0 0 1 0 0 1 1 1 1 1 0 0 1 0 0 0 0 1 1 0 1 1 1 1 0 0 0 0 0 0 0 1 1 0 1 0 0 1 0 1 0 1 1 0 1 1 1 1 0 0 1 1 0 0 1 0 1 0 1 0 0 1 0 0 0 1 0 0 
0 1 1 0 0 1 0 1 1 1 0 0 0 0 0 0 0 0 0 1 1 0 1 1 1 1 0 0 1 1 1 1 1 1 0 1 0 1 0 0 0 0 1 0 0 0 1 0 0 0 1 1 0 1 0 0 0 1 1 0 1 1 1 0 1 0 1 0 1 1 0 0 0 1 1 0 1 0 0 0 0 0 0 0 0 0 0 0 0 0 1 0 0 1 1 0 1 0 0 0 0 0 0 0 0 0 1 1 1 1 0 0 0 0 0 0 1 0 1 0 0 1 1 0 0 1 0 0 1 1 0 1 0 1 1 1 0 0 1 0 0 0 0 0 1 0 0 0 0 0 1 0 1 1 0 1 0 0 1 0 1 0 0 1 1 0 1 1 0 1 1 1 0 1 1 0 0 1 0 0 0 0 1 1 0 0 1 1 1 0 0 0 0 1 0 0 1 1 1 0 
1 1 0 1 0 1 1 0 1 1 1 1 1 1 0 1 1 1 1 1 0 1 0 1 0 0 1 1 1 1 0 1 0 1 1 1 0 0 1 1 1 1 0 1 1 0 0 1 1 0 0 1 1 0 1 1 1 0 0 1 0 0 1 1 1 1 0 1 1 0 1 1 1 1 1 0 0 0 1 1 1 0 1 0 0 1 1 1 0 1 1 1 1 0 0 1 0 1 1 1 1 1 0 0 0 1 0 1 1 1 1 1 0 1 1 1 0 1 0 1 1 1 1 1 1 0 0 0 1 0 1 0 1 1 0 0 1 0 1 1 0 1 1 1 1 1 1 0 1 0 0 1 0 0 0 1 1 1 1 1 1 1 1 0 0 1 1 1 0 1 0 1 1 1 0 1 1 1 0 1 0 1 0 1 1 1 0 1 1 1 1 1 0 0 1 1 0 1 1 1 
1 1 1 0 0 1 0 1 1 1 0 0 1 0 0 0 0 0 1 1 1 0 1 1 1 1 0 0 1 1 1 1 0 1 0 1 0 1 0 0 0 1 1 0 0 0 1 0 0 0 1 1 0 1 0 0 1 1 1 0 1 1 1 0 1 1 1 0 1 1 0 0 0 1 1 0 1 0 0 0 0 0 1 0 0 1 0 0 0 0 1 0 0 1 1 1 1 0 0 1 1 0 0 0 0 0 1 1 1 1 0 0 0 0 0 0 1 0 1 1 0 1 1 1 0 1 1 1 0 1 0 0 0 1 1 1 0 0 1 1 0 1 1 1 1 0 0 0 1 0 1 0 1 0 0 1 0 0 1 0 1 1 0 1 0 0 1 1 0 1 1 1 1 1 1 0 1 1 0 1 0 0 1 1 0 0 1 1 1 0 1 0 0 1 1 0 1 1 1 0 
0 1 0 0 1 1 0 1 1 1 0 0 0 0 1 0 0 0 0 1 1 0 0 1 1 0 0 0 1 0 1 1 1 0 0 0 0 0 0 0 0 1 0 1 0 1 1 0 0 0 0 0 1 0 0 0 1 0 1 1 1 1 0 0 1 0 0 0 1 0 0 0 0 1 1 0 1 0 1 0 0 1 1 1 0 1 0 0 1 0 0 0 0 1 1 0 1 0 0 1 1 0 1 1 1 0 1 1 0 1 0 0 1 0 0 0 0 1 0 0 0 0 1 0 0 1 1 0 1 0 1 1 0 0 1 1 0 1 1 1 1 1 0 0 1 0 0 0 0 1 1 0 1 1 1 1 0 0 0 0 0 0 0 1 1 0 1 0 0 1 0 1 0 1 1 0 1 1 1 1 0 0 1 1 0 0 1 0 1 0 1 0 1 1 0 0 0 1 0 0 
0 1 0 0 1 1 1 0 1 1 1 1 1 0 1 0 0 0 1 1 0 1 0 1 0 0 0 1 1 1 1 1 1 0 0 0 1 0 0 1 0 1 0 1 0 1 1 1 0 1 0 1 1 0 1 0 1 0 1 1 1 1 0 0 1 0 0 1 1 0 0 0 1 1 1 0 1 0 1 0 0 1 1 1 0 1 0 1 1 0 1 0 0 1 1 0 0 1 0 1 1 0 1 1 1 0 1 1 0 1 1 0 1 1 0 1 0 1 0 1 0 0 1 0 1 1 0 1 0 1 0 1 1 0 1 0 1 1 1 1 1 1 1 1 1 0 0 1 1 1 1 1 1 1 1 1 0 0 0 0 0 1 0 1 1 1 1 0 0 0 0 1 1 1 1 1 1 1 1 1 0 0 1 1 0 0 1 0 1 1 1 0 1 1 0 0 0 0 0 0 
0 1 0 0 1 1 0 0 1 1 0 0 0 0 1 0 0 0 0 1 0 0 0 1 1 0 0 0 1 0 1 1 1 0 0 0 0 0 0 0 0 1 0 1 0 1 1 0 0 1 0 0 1 0 0 0 1 0 1 1 1 1 0 0 1 0 0 0 1 0 0 0 0 1 1 0 1 0 1 0 0 1 1 1 0 1 0 0 1 0 0 0 0 1 1 0 1 0 0 0 1 0 1 1 1 0 1 1 0 1 0 0 1 0 0 0 0 1 0 0 0 0 0 0 0 1 1 0 0 1 1 0 0 0 1 0 0 1 1 0 1 1 0 0 1 0 0 0 0 1 1 0 1 1 1 1 0 0 0 0 0 0 0 1 1 0 0 0 0 0 0 1 0 1 1 0 1 1 1 0 0 0 1 1 0 0 1 0 1 0 1 0 1 1 0 0 0 0 0 0 
1 1 0 1 0 1 1 0 0 0 1 1 1 1 1 1 0 1 1 1 0 1 0 1 0 0 1 1 1 1 0 0 0 0 0 0 1 0 1 1 1 1 0 1 1 0 0 1 1 1 0 0 1 0 1 1 1 0 0 1 0 0 1 1 1 1 0 1 1 0 1 1 1 0 0 1 0 1 1 1 1 1 1 1 1 1 1 1 0 1 1 1 1 0 0 1 0 1 1 1 0 1 0 0 0 1 0 1 0 0 1 1 0 1 1 1 0 1 0 1 1 0 1 1 1 0 0 1 0 0 1 0 0 1 0 0 1 0 1 1 0 1 1 1 1 1 1 1 1 0 0 1 0 0 0 1 1 0 0 1 0 1 1 0 0 1 1 0 1 0 0 1 1 1 0 1 1 1 0 1 1 1 0 1 0 1 0 0 0 1 1 1 1 0 0 1 0 0 1 1 
1 1 1 1 0 1 1 1 1 1 0 0 1 1 0 1 1 0 1 1 1 0 1 1 0 1 0 1 1 1 0 1 0 1 1 1 0 1 1 0 1 0 1 0 0 0 0 0 1 0 1 1 0 1 0 1 1 1 0 0 0 0 1 1 1 1 1 1 1 1 1 1 0 1 1 0 0 0 0 0 1 0 1 0 0 1 1 0 0 1 1 1 0 0 0 1 1 1 1 1 0 1 0 0 0 0 0 1 1 1 1 1 0 1 1 1 1 0 1 1 1 1 1 1 1 0 1 1 1 0 0 0 1 0 0 1 1 0 1 1 0 1 1 1 1 0 0 0 1 0 0 1 0 0 0 1 0 1 1 1 1 1 1 0 0 1 1 1 0 1 1 1 1 1 0 1 1 1 0 1 0 0 0 1 1 0 0 1 1 0 1 0 0 0 1 1 1 1 1 1 
0 1 0 0 1 1 0 0 1 1 0 0 0 0 0 0 0 0 0 1 0 0 0 1 1 0 0 0 1 0 1 1 1 0 0 0 0 0 0 0 0 1 0 0 0 1 1 0 0 0 0 0 1 0 0 0 1 0 1 1 1 1 0 0 1 0 0 0 1 0 0 0 0 1 1 0 1 0 1 0 0 1 0 0 0 1 0 0 1 0 0 0 0 1 1 0 1 0 0 0 1 0 1 1 1 0 1 1 0 1 0 0 1 0 0 0 0 1 0 0 0 0 0 0 0 1 1 0 1 1 1 1 0 0 0 0 0 1 1 0 1 0 0 0 1 0 0 0 0 1 1 0 1 1 1 1 0 0 0 0 0 0 0 1 1 0 0 0 0 1 0 1 0 1 1 0 1 1 1 0 0 0 1 1 0 0 1 0 1 0 0 0 0 1 0 0 0 1 0 0 
0 1 1 0 0 1 0 1 1 1 0 0 0 0 0 0 0 0 0 0 1 0 1 1 1 1 0 0 0 1 1 1 0 1 0 1 0 1 0 0 0 0 1 0 0 0 1 0 0 0 1 1 0 1 0 0 0 1 1 0 1 1 1 0 1 0 1 0 1 1 0 0 0 1 1 0 1 0 0 0 0 0 0 0 0 0 0 0 0 0 1 0 0 1 1 0 1 0 0 0 0 0 0 0 0 0 1 1 1 1 0 0 0 0 0 0 1 0 1 0 0 1 1 1 0 0 1 0 1 1 0 0 0 1 0 0 0 0 0 0 0 0 0 0 1 0 0 0 0 0 1 0 1 0 0 0 0 0 1 0 1 0 0 1 0 0 1 1 0 1 1 1 0 0 1 0 0 1 0 1 0 0 0 1 0 0 1 1 1 0 0 0 0 1 1 0 1 1 1 0 
1 1 0 1 0 1 1 0 1 0 1 1 1 1 1 1 0 1 1 1 0 1 0 1 0 0 1 1 1 1 0 1 0 0 0 0 1 0 1 1 1 1 0 1 1 0 0 1 1 1 0 1 1 0 1 1 1 0 0 1 0 0 1 1 1 1 0 1 1 0 1 1 1 0 0 1 0 1 1 1 1 1 1 1 1 1 1 1 0 1 1 1 1 0 0 1 0 1 1 1 1 1 0 1 0 1 0 1 0 0 1 1 1 1 1 1 0 1 0 1 1 0 1 1 1 0 0 1 0 0 1 0 1 1 0 0 0 0 1 1 1 1 1 1 1 1 0 1 1 0 0 1 0 0 0 1 1 0 0 1 0 1 1 0 0 1 1 0 1 0 0 1 1 1 0 1 1 1 1 1 1 1 0 1 0 1 0 0 1 1 1 1 1 0 0 1 0 0 1 1 
0 1 0 0 1 1 0 0 1 1 1 0 0 0 1 0 0 0 0 1 0 1 0 1 1 0 0 0 1 0 1 1 1 0 0 0 1 0 0 1 0 1 0 1 0 1 1 0 0 1 0 0 1 0 0 0 1 0 1 1 1 1 0 0 1 0 0 0 1 0 0 0 0 1 1 0 1 0 1 0 0 1 1 1 0 1 0 0 1 0 0 0 0 1 1 0 1 0 0 1 1 0 1 1 1 0 1 1 0 1 0 0 1 1 0 0 0 1 0 0 0 0 1 0 0 1 0 0 0 1 1 1 0 0 1 0 0 0 1 1 1 1 0 1 1 0 0 0 0 1 1 0 1 1 1 1 0 0 0 0 0 0 0 1 1 0 1 0 0 0 0 1 0 1 1 0 1 1 1 1 0 0 1 1 0 0 1 0 1 0 1 0 1 1 0 0 0 0 0 0 
0 1 0 0 1 1 1 1 1 1 1 1 1 1 1 1 0 0 1 1 0 1 0 1 1 0 0 1 1 1 1 1 0 1 0 0 1 0 1 1 0 1 0 1 0 1 1 1 1 1 0 1 1 0 1 0 1 0 1 1 1 1 1 0 1 0 0 1 1 0 1 0 1 1 1 0 1 0 1 1 0 1 1 1 0 1 0 1 1 1 1 0 1 1 1 1 1 1 1 1 1 0 1 1 1 0 1 1 0 1 1 1 1 1 1 1 1 1 0 1 0 1 1 1 1 1 1 1 1 1 1 1 1 1 1 0 1 1 0 1 1 1 1 1 1 0 0 0 1 0 1 1 1 1 1 1 0 0 0 0 1 1 0 1 0 1 1 1 0 1 0 1 1 1 1 1 1 1 1 1 0 1 1 1 0 0 1 1 1 1 1 0 1 1 0 1 0 1 1 0 
1 1 0 1 1 1 1 1 1 1 1 1 1 1 1 1 0 1 1 1 0 1 0 1 0 0 0 1 1 1 0 1 0 1 0 0 1 0 1 1 0 1 0 1 1 1 0 1 1 1 0 1 1 0 1 1 1 0 0 1 0 0 1 1 1 1 0 1 1 0 1 1 1 1 1 0 0 0 1 1 1 1 1 1 0 1 1 1 1 1 1 1 1 0 0 1 0 1 1 1 1 0 1 1 1 1 0 1 0 1 1 1 1 1 1 1 1 1 0 1 1 1 1 1 1 1 0 1 1 1 1 0 1 1 0 0 1 1 1 0 1 1 1 1 1 1 0 0 1 0 0 1 1 0 1 1 1 0 1 1 1 1 1 0 0 1 1 1 0 1 0 1 1 1 1 1 1 1 1 1 0 1 0 1 1 0 0 1 1 1 1 1 1 1 1 1 0 1 1 1 
0 1 0 0 1 1 1 0 1 1 1 0 0 0 1 0 0 0 0 1 0 1 0 1 0 0 0 0 1 0 0 1 1 0 0 0 1 0 0 1 0 1 0 1 0 1 0 0 0 1 0 0 1 0 0 0 1 0 1 1 1 1 0 0 1 0 0 1 1 0 0 0 1 1 1 0 1 0 1 0 0 1 1 1 0 1 0 1 1 0 1 0 0 1 1 0 0 1 0 1 1 0 1 1 1 0 1 1 0 1 1 0 1 1 0 0 0 1 0 1 0 0 1 0 0 1 0 0 0 1 1 1 0 0 1 0 1 1 1 1 0 1 1 1 1 0 0 1 1 1 1 0 1 1 1 1 0 0 0 0 0 1 0 1 1 1 1 0 0 0 0 1 1 1 1 1 1 1 1 1 0 0 1 1 0 0 1 0 1 1 1 0 1 1 0 0 0 0 0 0 
1 1 0 1 1 1 1 1 1 1 1 1 1 1 1 1 0 1 1 1 0 1 0 1 0 0 0 1 1 1 0 1 0 1 0 0 1 0 1 1 0 1 0 1 1 1 0 1 1 1 0 1 1 0 1 1 1 0 0 1 0 0 1 1 1 1 0 1 1 0 1 1 1 1 1 0 0 0 1 1 1 1 1 1 1 1 1 1 1 1 1 1 1 0 0 1 0 1 1 1 1 0 1 1 1 1 0 1 0 1 1 1 1 1 1 1 0 1 0 1 1 1 1 1 1 1 0 1 1 1 1 1 1 1 0 0 1 1 1 1 1 0 1 1 1 1 0 0 1 0 0 1 1 0 1 1 1 0 0 1 1 1 1 0 0 1 1 1 0 1 0 1 1 1 1 1 1 1 1 1 0 1 1 1 0 0 0 1 1 1 1 1 1 1 1 1 0 1 1 1 
1 1 0 1 0 1 1 1 1 1 1 1 1 1 1 1 1 1 1 1 0 1 0 1 0 0 1 1 1 1 0 1 0 0 1 0 1 0 1 1 1 1 0 1 1 0 0 1 1 1 0 1 1 0 1 1 1 0 0 1 0 0 1 1 1 1 0 1 1 0 1 1 1 1 1 0 0 0 1 1 1 1 1 1 0 1 1 1 0 1 1 1 1 0 0 1 0 1 1 1 1 1 0 1 0 1 0 1 0 1 1 1 1 1 1 1 0 1 0 1 1 1 1 1 1 0 0 1 1 0 1 0 1 1 0 0 1 0 1 1 1 1 0 1 1 1 0 0 1 0 0 1 0 0 0 1 1 1 1 1 1 1 1 0 0 1 1 1 0 1 0 1 1 1 1 1 1 1 1 1 0 1 0 1 1 1 0 1 1 1 1 1 1 0 1 1 0 1 1 1 
1 1 0 1 1 1 1 0 1 1 1 1 1 1 1 1 0 1 1 1 0 1 0 1 0 0 1 1 1 1 0 1 0 0 0 0 1 0 1 1 1 1 0 1 1 1 0 1 1 1 0 1 1 0 1 1 1 0 0 1 0 0 1 1 1 1 0 1 1 0 1 1 1 1 1 0 0 0 1 1 1 1 1 1 1 1 1 1 1 1 1 1 1 0 0 1 0 1 1 1 1 0 1 1 0 1 0 1 0 1 1 1 1 1 1 1 0 1 0 1 1 0 1 1 1 0 0 1 1 0 1 0 1 1 0 0 1 1 1 1 1 1 1 0 1 1 0 1 1 0 0 1 0 0 0 1 1 0 0 1 1 1 1 0 0 1 1 0 0 1 0 1 1 1 1 1 1 1 1 1 1 1 0 1 0 1 0 0 1 1 1 1 1 0 0 1 0 0 1 1 
1 1 1 1 0 1 1 1 1 1 0 0 1 1 0 1 0 0 1 1 1 0 1 1 1 0 0 1 1 1 1 1 0 1 1 1 0 1 1 1 0 1 1 1 0 0 1 0 1 0 1 1 1 0 0 1 1 1 1 1 1 1 1 1 1 1 1 1 1 1 1 0 0 1 1 0 1 0 1 0 0 1 1 0 0 1 0 0 0 1 1 0 0 1 0 1 1 1 1 1 1 0 1 1 0 0 0 1 1 1 1 0 1 1 1 1 1 1 1 1 0 1 1 1 1 1 1 1 1 1 1 1 1 1 1 1 1 1 1 1 1 1 1 1 0 0 0 0 1 0 1 1 1 0 1 1 0 1 1 1 1 1 0 1 0 1 1 1 0 1 1 1 1 1 1 1 1 1 0 1 0 0 1 1 1 0 1 1 1 0 1 0 0 1 1 1 1 1 1 1 
0 0 0 0 0 0 1 0 0 0 1 1 1 1 1 1 0 1 1 0 0 1 0 0 0 0 1 1 1 0 0 0 0 0 0 0 1 0 1 1 0 0 0 1 1 0 0 1 1 0 0 0 1 0 1 1 1 0 0 1 0 0 0 1 0 0 0 1 0 0 1 1 1 0 0 1 0 1 0 1 1 0 1 1 1 1 1 1 0 1 1 1 1 0 0 1 0 1 1 1 0 0 0 0 0 1 0 0 0 0 1 1 0 1 1 1 0 1 0 1 1 0 1 0 1 0 0 1 0 0 0 0 1 0 0 0 1 0 0 1 0 1 1 1 0 0 1 1 1 0 0 1 0 0 0 1 1 0 0 0 0 1 1 0 0 1 0 0 1 0 0 0 1 0 0 1 1 0 0 1 1 1 0 0 0 1 0 0 0 1 1 1 1 0 0 1 0 0 0 1 
1 0 0 1 0 0 0 0 0 0 0 0 1 1 0 1 1 1 0 0 0 0 0 0 0 0 1 1 0 0 0 0 0 0 1 0 0 0 1 0 1 0 0 0 0 0 0 0 1 0 0 0 0 0 0 1 0 0 0 0 0 0 0 1 0 1 0 0 0 0 1 1 0 0 0 0 0 0 0 1 1 0 0 0 0 0 1 0 0 1 0 1 0 0 0 1 0 0 1 0 0 1 0 0 0 1 0 0 0 0 1 1 0 0 1 1 0 0 0 0 1 0 0 1 1 0 0 1 0 0 0 0 1 0 0 0 0 0 0 0 0 0 0 0 0 1 0 0 0 0 0 1 0 0 0 0 1 1 0 1 0 0 1 0 0 1 0 0 0 0 0 0 0 0 0 0 0 0 0 0 0 0 0 0 1 1 0 0 0 0 0 1 0 0 0 1 0 0 0 1 
0 0 0 0 0 0 1 0 0 0 1 1 0 0 1 0 0 1 0 0 0 1 0 0 0 0 0 1 0 0 0 0 0 0 0 0 1 0 0 1 0 1 0 1 1 1 0 1 0 1 0 0 1 0 1 0 1 0 0 1 0 0 0 0 0 0 0 1 0 0 0 0 1 0 0 1 0 1 1 1 0 1 0 1 1 1 0 1 1 0 0 0 1 0 0 0 0 1 0 0 0 0 0 0 0 1 0 0 0 0 1 1 0 1 0 0 0 1 0 0 0 0 0 0 1 0 0 0 0 0 1 0 1 0 0 0 1 0 0 0 1 0 0 1 0 1 0 0 0 0 0 0 0 0 0 0 1 0 0 0 0 0 0 0 0 0 0 0 1 0 0 0 0 0 0 1 0 0 1 0 1 1 0 0 0 0 0 0 0 1 1 0 1 0 0 0 0 0 0 0 
1 1 0 1 0 1 1 0 1 1 1 1 1 1 1 1 0 1 1 1 0 1 0 1 0 0 1 1 1 1 0 1 0 0 0 0 1 0 1 1 1 1 0 1 1 1 0 1 1 1 0 1 1 0 1 1 1 0 0 1 0 0 1 1 1 1 0 1 1 0 1 1 1 1 1 0 0 0 1 1 1 1 1 1 1 1 1 1 1 1 1 1 1 0 0 1 0 1 1 1 1 1 1 1 0 1 0 1 0 1 1 1 1 1 1 1 0 1 0 1 1 0 1 1 1 0 0 1 1 0 1 0 1 1 0 0 1 0 1 1 1 1 1 1 1 1 0 0 0 0 0 1 0 0 0 1 1 0 0 1 1 1 1 0 0 1 1 0 0 1 0 1 1 1 1 1 1 1 1 1 1 1 0 1 1 1 0 0 1 1 1 1 1 0 1 1 0 0 1 1 
0 0 0 0 1 0 0 0 1 1 0 0 0 0 0 0 0 0 0 0 0 0 0 0 1 0 0 0 0 0 1 0 1 0 0 0 0 0 0 0 0 0 0 0 0 1 1 0 0 0 0 0 0 0 0 0 0 0 1 0 1 1 0 0 0 0 0 0 0 0 0 0 0 0 1 0 1 0 0 0 0 0 0 0 0 0 0 0 1 0 0 0 0 1 1 0 1 0 0 0 1 0 1 1 1 0 1 0 0 1 0 0 1 0 0 0 0 0 0 0 0 0 0 0 0 1 0 0 0 1 1 1 0 0 1 0 0 1 0 0 1 0 0 0 0 0 0 0 0 0 1 0 1 1 1 0 0 0 0 0 0 0 0 1 1 0 0 0 0 0 0 1 0 1 1 0 0 0 0 0 0 0 1 0 0 0 1 0 0 0 0 0 0 1 0 0 0 0 0 0 
0 1 0 0 1 1 0 1 1 1 0 0 0 0 0 0 0 0 0 1 1 0 0 1 1 0 0 0 1 0 1 1 1 1 0 0 0 0 0 0 0 1 0 0 0 1 1 0 0 0 0 0 0 0 0 0 1 1 1 0 1 1 0 0 1 0 0 0 1 0 0 0 0 1 1 0 1 0 1 0 0 1 0 0 0 0 0 0 1 0 0 0 0 1 1 0 1 0 0 0 1 0 1 1 1 0 1 1 0 1 0 0 1 0 0 0 1 0 0 0 0 1 0 0 0 1 1 0 1 1 1 1 0 0 1 1 0 1 1 0 1 0 0 0 1 0 0 0 0 1 0 0 1 1 1 1 0 0 0 0 0 0 0 1 1 0 1 0 0 1 0 1 0 1 1 0 1 1 0 0 0 0 1 1 0 0 1 0 1 0 0 0 0 1 0 0 0 1 0 0 
1 1 0 1 0 1 1 0 0 0 1 1 1 1 1 1 1 1 1 1 0 1 0 1 0 0 1 1 1 1 0 1 0 0 1 0 1 0 1 1 1 1 0 1 1 0 0 1 1 0 0 1 1 0 1 1 1 0 0 1 0 0 1 1 1 1 0 1 1 0 1 1 1 0 0 0 0 0 1 1 1 0 1 1 1 1 1 1 0 1 1 1 1 0 0 1 0 1 1 1 0 1 0 0 0 1 0 1 0 0 1 1 0 1 1 1 0 1 0 1 1 0 1 1 1 0 0 1 0 0 1 0 1 1 0 0 1 0 1 1 0 1 1 1 1 1 1 0 1 0 0 0 0 0 0 1 1 0 0 1 0 1 1 0 0 1 1 0 0 0 0 1 1 1 0 1 1 1 0 1 0 1 0 1 1 1 0 0 1 1 1 1 1 0 1 1 0 0 1 1 
0 1 0 0 1 1 0 1 1 1 0 0 0 0 0 0 0 0 1 1 1 0 1 1 1 0 0 0 1 1 1 1 1 1 0 1 0 0 0 0 0 1 0 0 0 1 1 0 0 0 0 1 1 0 0 0 1 1 1 1 1 1 1 0 1 0 1 0 1 1 0 0 0 1 1 0 1 0 1 0 0 1 1 0 0 1 0 0 1 0 1 0 0 1 1 0 1 0 0 1 1 0 1 1 1 0 1 1 1 1 0 0 1 0 0 0 1 1 0 0 0 1 1 0 0 1 1 0 1 1 1 1 0 0 1 1 0 1 1 1 1 1 0 0 1 0 0 0 0 1 1 0 0 1 1 1 0 0 0 0 1 0 0 1 1 0 1 1 0 1 1 1 0 1 1 0 1 1 0 1 0 0 1 1 0 0 1 1 1 0 1 0 0 1 0 0 1 1 1 0 
0 0 0 0 1 1 0 0 1 1 0 0 0 0 0 0 0 0 0 1 0 0 0 1 1 0 0 0 0 0 1 1 1 0 0 0 0 0 0 0 0 1 0 0 0 1 1 0 0 0 0 0 0 0 0 0 0 0 1 0 1 1 0 0 1 0 0 0 0 0 0 0 0 1 1 0 1 0 1 0 0 1 0 0 0 0 0 0 1 0 0 0 0 1 1 0 1 0 0 0 1 0 1 1 1 0 1 0 0 1 0 0 1 0 0 0 0 0 0 0 0 0 0 0 0 1 1 0 0 1 1 1 0 0 1 0 0 1 1 0 1 0 0 0 0 0 0 0 0 1 1 0 1 0 1 0 0 0 0 0 0 0 0 1 1 0 0 0 0 0 0 1 0 1 1 0 0 1 0 0 0 0 1 0 0 0 1 0 1 0 0 0 0 1 0 0 0 0 0 0 
0 1 0 0 1 1 0 0 1 1 1 0 0 0 1 0 0 0 0 1 0 1 0 1 1 0 0 0 1 0 1 1 1 0 0 0 0 0 0 0 0 1 0 1 0 1 1 0 0 1 0 0 1 0 0 0 1 0 1 1 1 1 0 0 1 0 0 0 1 0 0 0 0 1 1 0 1 0 1 0 0 1 1 1 0 1 0 0 1 0 0 0 0 1 1 0 1 0 0 0 1 0 1 1 1 0 1 1 0 1 0 0 1 0 0 0 0 1 0 0 0 0 0 0 0 1 0 0 0 1 1 1 0 0 1 0 0 1 1 1 1 1 0 0 1 0 0 0 0 1 1 0 1 1 0 1 0 0 0 0 0 0 0 1 1 0 0 0 0 0 0 1 0 1 1 0 1 1 1 1 0 0 1 1 0 0 1 0 1 0 1 0 1 1 0 0 0 0 0 0 
0 1 0 0 1 1 1 1 1 1 1 1 1 1 1 1 0 1 1 1 0 1 0 1 1 0 0 1 1 1 1 1 0 1 0 0 1 0 1 1 0 1 0 1 0 1 1 1 1 1 0 1 1 0 1 1 1 0 1 1 1 1 1 1 1 1 0 1 1 0 1 1 1 1 1 0 1 0 1 1 1 1 1 1 0 1 0 1 1 1 1 0 1 1 0 1 1 1 1 1 1 0 1 1 1 1 0 1 0 1 1 1 1 1 1 1 1 1 0 1 0 1 1 1 1 1 1 1 1 1 1 1 1 1 1 0 1 1 1 1 1 1 1 1 1 1 0 0 1 0 1 1 1 0 1 0 0 0 0 1 1 1 0 1 0 1 1 1 0 1 0 1 1 1 1 1 1 1 1 1 0 1 1 1 0 0 1 1 1 1 1 0 1 1 0 1 0 1 1 1 
0 0 0 0 0 0 1 0 0 0 1 1 1 1 0 1 0 1 1 0 0 1 0 0 0 0 1 1 0 0 0 0 0 0 0 0 1 0 1 1 0 0 0 0 1 0 0 1 1 0 0 0 0 0 1 1 0 0 0 0 0 0 0 1 0 0 0 1 0 0 1 1 1 0 0 0 0 0 0 1 1 0 1 0 1 1 1 1 0 1 1 1 1 0 0 1 0 1 1 1 0 1 0 0 0 1 0 0 0 0 1 1 0 1 1 1 0 1 0 1 1 0 1 0 1 0 0 1 0 0 0 0 1 0 0 0 1 0 0 1 0 1 1 1 0 1 1 1 1 0 0 1 0 0 0 0 0 0 0 1 0 1 1 0 0 1 0 0 1 0 0 0 1 0 0 1 0 0 0 1 1 1 0 0 0 1 0 0 0 1 1 1 0 0 0 1 0 0 0 1 
1 1 1 1 0 0 0 0 0 0 0 0 1 1 0 1 1 0 1 0 0 0 0 0 0 1 0 0 0 1 0 0 0 1 1 1 0 1 1 0 1 0 1 0 0 0 0 0 1 0 1 1 0 1 0 1 0 0 0 0 0 0 1 1 0 1 1 0 0 0 1 0 0 0 0 0 0 0 0 0 0 0 0 0 0 0 0 0 0 0 1 1 0 0 0 1 0 0 1 0 0 1 0 0 0 0 0 0 1 0 0 0 0 0 1 0 0 0 1 0 1 1 1 1 0 0 0 1 0 0 0 0 0 1 0 0 0 0 0 0 0 0 1 0 1 0 1 0 0 0 0 0 0 0 0 0 0 0 1 1 1 1 1 0 0 1 1 1 0 0 0 0 1 0 0 0 0 0 0 1 0 0 0 0 1 0 0 1 0 0 0 0 0 0 1 0 0 0 1 1 
1 1 1 1 0 0 0 1 0 0 0 0 1 1 0 0 1 0 1 0 1 0 1 1 1 1 0 0 0 1 0 1 0 1 1 1 0 1 1 0 1 0 1 0 0 0 1 0 1 0 1 1 0 1 0 1 0 1 0 0 0 0 1 1 0 1 1 0 0 1 1 0 0 1 1 0 0 0 0 0 0 0 0 0 0 0 0 0 0 0 1 0 0 0 0 1 1 0 1 1 0 1 0 0 0 0 0 1 1 1 0 0 0 0 1 0 1 0 1 1 0 1 1 1 0 0 1 1 1 0 0 0 0 1 0 1 0 0 0 1 0 0 1 0 1 0 0 0 0 0 0 0 0 0 0 0 0 1 0 1 1 1 0 0 0 0 1 1 0 1 1 0 1 0 0 0 0 1 0 1 0 0 0 1 1 0 0 1 1 0 0 0 0 0 1 0 1 1 1 1 
1 1 0 1 0 0 1 0 0 0 0 0 1 1 0 1 1 1 1 0 0 0 0 1 0 0 1 1 1 1 0 0 0 0 1 1 0 1 1 0 1 0 1 0 0 0 0 0 1 0 0 1 0 0 0 1 0 0 0 0 0 0 1 1 0 1 0 1 1 0 1 1 0 0 0 0 0 0 0 1 1 0 1 0 0 0 1 0 0 1 1 1 0 0 0 1 0 1 1 1 0 1 0 0 0 0 0 1 1 0 1 1 0 0 1 1 0 0 0 1 1 0 1 1 1 0 0 1 0 0 0 0 1 1 0 0 1 0 0 1 0 1 1 1 1 0 1 0 1 0 0 1 0 0 0 1 1 1 1 0 1 1 1 0 0 1 1 1 0 0 0 0 1 0 0 1 0 1 0 1 0 0 0 1 1 1 0 1 0 0 0 1 0 0 1 1 0 0 1 1 
1 1 1 1 0 1 0 1 1 1 0 0 1 1 0 0 1 0 1 1 1 0 1 1 1 1 0 0 1 1 1 1 0 1 1 1 0 1 1 0 0 0 1 0 0 0 1 0 0 0 1 1 0 1 0 1 0 1 1 0 0 1 1 1 1 1 1 0 1 1 1 0 0 1 1 0 1 0 0 0 0 0 1 0 0 1 0 0 0 0 1 0 0 1 0 1 1 0 0 1 0 0 0 0 0 0 0 1 1 1 0 0 0 0 1 0 1 0 1 1 0 1 1 1 0 0 1 1 1 0 0 0 0 1 0 1 0 0 1 1 0 1 1 1 1 0 0 0 1 0 0 0 1 0 0 1 0 1 1 1 0 1 0 1 0 0 1 1 0 1 1 1 1 0 1 0 1 1 0 1 0 0 0 1 1 0 1 1 1 0 0 0 0 1 1 0 1 1 1 1 
1 1 0 1 0 1 1 0 1 1 1 1 1 1 1 1 1 1 1 1 0 1 0 1 0 0 1 1 1 1 0 1 0 0 1 0 1 0 1 1 1 1 0 1 1 0 0 1 1 0 0 1 1 0 1 1 1 0 0 1 0 0 1 1 1 1 0 1 1 0 1 1 1 1 1 0 0 0 1 1 1 1 1 1 0 1 1 1 0 1 1 1 1 0 0 1 0 1 1 1 1 1 0 1 0 1 0 1 0 1 1 1 1 1 1 1 0 1 0 1 1 1 1 1 1 0 0 1 1 0 1 0 1 1 0 0 1 0 1 1 1 1 1 1 1 1 0 0 1 0 0 1 0 0 0 1 1 1 1 1 1 0 1 0 0 1 1 1 0 1 0 1 1 1 0 1 1 1 0 1 0 1 0 1 1 1 0 1 1 1 1 1 1 0 1 1 0 1 1 1 
1 0 0 1 0 0 1 0 0 0 0 1 1 1 0 1 1 1 1 0 0 0 0 0 0 0 1 1 0 0 0 0 0 0 1 0 0 0 1 0 1 0 0 0 1 0 0 1 1 0 0 0 0 0 1 1 0 0 0 0 0 0 1 1 0 1 0 1 0 0 1 1 0 0 0 0 0 0 0 1 1 0 1 0 0 0 1 0 0 1 1 1 1 0 0 1 0 1 1 1 0 1 0 0 0 1 0 0 0 0 1 1 0 1 1 1 0 0 0 1 1 0 1 1 1 0 0 1 0 0 0 0 1 1 0 0 1 0 0 1 0 1 1 1 0 1 1 0 1 0 0 1 0 0 0 0 1 1 0 1 0 1 0 0 0 1 0 0 0 0 0 0 1 0 0 1 0 0 0 1 0 1 0 0 1 1 0 0 0 0 0 1 0 0 1 1 0 0 1 1 
0 1 0 0 1 1 0 1 1 1 0 0 0 0 0 0 0 0 0 1 1 0 1 1 1 0 0 0 0 1 1 1 1 1 0 0 0 0 0 0 0 0 0 0 0 0 1 0 0 0 0 0 0 0 0 0 0 1 1 0 1 1 0 0 1 0 1 0 1 1 0 0 0 1 1 0 1 0 1 0 0 0 0 0 0 0 0 0 0 0 0 0 0 1 1 0 1 0 0 0 1 0 1 1 1 0 1 1 0 1 0 0 1 0 0 0 1 0 0 0 0 1 0 0 0 1 1 0 1 1 1 1 0 0 1 1 0 1 1 0 1 0 0 0 1 0 0 0 0 1 1 0 1 1 1 1 0 0 0 0 1 0 0 0 1 0 1 0 0 1 1 1 0 1 1 0 0 1 0 0 0 0 1 1 0 0 1 0 1 0 0 0 0 1 0 0 1 1 0 0 
0 0 0 0 1 1 0 0 1 1 0 0 0 0 0 0 0 0 0 1 0 0 0 1 1 0 0 0 0 0 1 1 1 0 0 0 0 0 0 0 0 1 0 0 0 1 1 0 0 0 0 0 0 0 0 0 0 0 1 0 1 1 0 0 1 0 0 0 0 0 0 0 0 1 1 0 1 0 1 0 0 1 0 0 0 0 0 0 1 0 0 0 0 1 1 0 1 0 0 0 1 0 1 1 1 0 1 0 0 1 0 0 1 0 0 0 0 0 0 0 0 0 0 0 0 1 1 0 0 1 1 1 0 0 1 0 0 1 0 0 1 0 0 0 0 0 0 0 0 1 1 0 1 1 1 0 0 0 0 0 0 0 0 1 0 0 0 0 0 0 0 1 0 1 1 0 0 1 0 0 0 0 1 0 0 0 1 0 1 0 0 0 0 1 0 0 0 0 0 0 
1 1 0 1 0 1 1 0 1 0 1 1 1 1 1 1 1 1 1 1 0 1 0 1 0 0 1 1 1 1 0 1 0 0 1 0 1 0 1 1 1 1 0 1 1 0 0 1 1 0 0 1 1 0 1 1 1 0 0 1 0 0 1 1 1 1 0 1 1 0 1 1 1 1 0 0 0 0 1 1 1 1 1 1 1 1 1 1 0 1 1 1 1 0 0 1 0 1 1 1 1 1 0 1 0 1 0 1 0 1 1 1 0 1 1 1 0 1 0 1 1 0 1 1 1 0 0 1 0 0 1 0 1 1 0 0 1 0 1 1 1 1 1 1 1 1 1 0 1 0 0 1 0 0 0 1 1 1 0 1 0 1 1 0 0 0 1 0 0 0 0 1 1 1 0 1 1 1 0 1 0 1 0 1 1 1 0 1 1 1 1 1 1 0 1 1 0 0 1 1 
1 1 1 1 0 1 1 1 1 1 0 0 1 1 0 1 1 0 1 1 1 0 1 1 1 1 0 1 1 1 1 1 0 1 1 1 0 1 1 1 1 1 1 1 0 0 1 0 1 0 1 1 1 0 0 1 1 1 1 1 1 1 1 1 1 1 1 1 1 1 1 0 0 1 1 0 1 0 1 0 0 1 1 0 0 1 0 0 0 1 1 1 0 1 0 1 1 1 1 1 1 0 0 1 0 0 0 1 1 1 1 1 1 1 1 1 1 1 1 1 1 1 1 1 1 1 1 1 1 1 1 0 1 1 0 1 1 1 1 1 1 1 1 1 1 0 0 0 1 0 1 1 1 0 0 1 0 1 1 1 1 1 0 1 0 1 0 1 0 1 1 1 1 1 1 1 1 1 0 1 0 0 1 1 1 0 1 1 1 0 1 0 0 1 1 1 1 1 1 1 
1 1 1 1 0 1 0 1 1 1 0 0 1 1 0 0 1 0 1 0 1 0 1 1 1 1 0 0 1 1 1 1 0 1 1 1 0 1 1 0 0 0 1 0 0 0 1 0 0 0 1 1 0 1 0 1 0 1 0 0 0 1 1 1 1 1 1 0 1 1 0 0 0 1 1 0 1 0 0 0 0 0 0 0 0 0 0 0 0 0 1 0 0 0 0 1 1 0 0 1 0 0 0 0 0 0 0 1 1 1 0 0 0 0 1 0 1 0 1 1 0 1 1 1 0 0 1 1 1 0 0 0 0 1 0 1 0 0 1 1 0 1 1 0 1 0 0 0 0 0 0 0 1 0 0 1 0 1 1 1 1 1 0 0 0 0 1 0 0 1 1 1 1 0 0 0 0 1 0 1 0 0 0 1 1 0 1 1 1 0 0 0 0 0 1 0 1 1 1 1 
0 0 0 0 0 0 1 0 0 0 1 1 0 0 1 0 0 1 0 0 0 1 0 0 0 0 0 1 0 0 0 0 0 0 0 0 1 0 0 1 0 1 0 1 1 1 0 1 0 1 0 0 1 0 1 0 1 0 0 1 0 0 0 0 0 0 0 1 0 0 0 0 1 0 0 1 0 1 1 1 0 1 0 1 1 0 0 1 0 1 0 0 1 0 0 0 0 1 0 0 0 0 0 0 0 1 0 0 0 0 1 1 0 1 0 0 0 1 0 0 0 0 0 0 1 0 0 0 0 0 0 0 1 0 0 0 1 0 0 0 0 0 0 0 0 1 0 1 0 0 0 0 0 0 0 0 1 0 0 0 0 0 0 0 0 0 0 0 0 0 0 0 0 0 0 1 0 0 1 0 1 1 0 0 0 0 0 0 0 1 1 0 1 0 0 0 0 0 0 0 
1 1 1 0 0 1 0 1 1 1 0 0 1 0 0 0 0 0 1 1 1 0 1 1 1 1 0 0 1 1 1 1 0 1 0 1 0 1 1 0 0 0 1 0 0 0 1 0 0 0 1 1 0 1 0 0 1 1 1 0 1 1 1 0 1 1 1 0 1 1 0 0 0 1 1 0 1 0 0 0 0 0 1 0 0 1 0 0 0 0 1 0 0 1 1 1 1 0 0 1 0 0 0 0 0 0 1 1 1 1 0 0 0 0 0 0 1 0 1 1 0 1 1 1 0 1 1 1 1 1 0 0 0 1 1 1 0 0 1 1 0 1 1 1 1 0 0 0 1 0 1 0 1 0 0 1 0 0 1 0 1 1 0 1 0 0 1 1 0 0 1 1 1 1 1 0 1 1 0 1 0 0 0 1 1 0 1 1 1 0 1 0 0 1 1 0 1 1 1 0 
0 1 1 0 0 0 0 1 1 1 0 0 1 0 0 0 0 0 0 0 1 0 1 1 1 1 0 0 0 1 1 1 0 1 0 1 0 1 0 0 0 0 1 0 0 0 1 0 0 0 1 1 0 1 0 0 0 1 1 0 0 1 1 0 0 0 1 0 0 1 0 0 0 1 1 0 1 0 0 0 0 0 0 0 0 0 0 0 0 0 1 0 0 1 0 0 1 0 0 0 0 0 0 0 0 0 0 1 1 1 0 0 0 0 0 0 1 0 1 0 0 1 0 1 0 0 1 0 1 0 0 0 0 1 0 1 0 0 0 0 0 0 0 0 1 0 0 0 0 0 0 0 1 0 0 0 0 0 1 0 1 0 0 1 0 0 1 1 0 1 0 0 0 0 0 0 0 1 0 0 0 0 0 0 0 0 1 1 1 0 0 0 0 0 1 0 1 1 1 0 
0 1 0 0 1 1 1 1 1 1 1 0 1 0 1 1 0 0 1 1 1 1 0 1 1 0 0 1 1 1 1 1 1 1 0 0 1 0 1 1 0 1 0 1 0 1 1 0 0 1 0 1 1 0 0 0 1 1 1 1 1 1 1 0 1 0 1 1 1 0 1 0 0 1 1 0 1 0 1 0 0 1 1 1 0 1 0 0 1 1 1 0 0 1 1 1 1 1 0 1 1 0 1 1 1 0 1 1 0 1 1 0 1 1 1 1 1 1 0 1 0 1 1 0 1 1 1 1 1 1 1 1 1 1 1 1 1 1 1 1 1 1 1 1 1 0 0 0 1 1 1 1 1 1 1 1 0 0 0 0 1 1 0 1 1 1 1 1 0 1 0 0 1 1 1 1 1 1 1 1 0 0 1 1 0 0 1 1 1 0 1 0 1 1 0 0 0 1 1 0 
1 1 0 1 0 1 1 1 1 1 1 1 1 1 1 1 1 1 1 1 0 1 0 1 0 0 1 1 1 1 0 1 0 1 1 1 1 0 1 1 1 1 0 1 1 0 0 1 1 0 0 1 1 0 1 1 1 0 0 1 0 0 1 1 1 1 0 1 1 0 1 1 1 1 1 0 0 0 1 1 1 1 1 1 0 1 1 1 0 1 1 1 1 0 0 1 0 1 1 1 1 1 0 1 0 1 0 1 1 1 1 1 1 1 1 1 0 1 0 1 1 1 1 1 1 0 0 1 1 0 1 0 1 1 0 0 1 0 1 1 1 1 1 1 1 1 0 0 1 0 0 1 0 0 0 1 1 1 1 1 1 1 1 0 0 1 1 1 0 1 0 1 0 1 0 1 1 1 0 1 0 1 0 1 1 1 0 1 1 1 1 1 1 0 1 1 0 1 1 1 
0 1 0 0 1 1 1 1 1 1 1 1 1 0 1 1 0 0 1 1 0 1 0 1 1 0 0 1 1 1 1 1 1 0 0 0 1 0 1 1 0 1 0 1 0 1 1 1 0 1 0 1 1 0 1 0 1 0 1 1 1 1 1 0 1 0 0 1 1 0 1 0 1 1 1 0 1 0 1 0 0 1 1 1 0 1 0 1 1 1 1 0 0 1 1 1 1 1 0 1 1 0 1 1 1 0 1 1 0 1 1 0 1 1 1 1 0 1 0 1 0 0 1 0 1 1 1 1 1 1 1 1 1 1 1 0 1 1 1 1 1 1 1 1 1 0 0 0 1 1 1 1 1 1 1 1 0 0 0 0 0 1 0 1 1 1 1 0 0 1 0 1 1 0 1 1 1 1 1 1 0 0 1 1 0 0 1 0 1 1 1 0 1 1 0 1 0 1 1 0 
0 1 0 0 1 1 0 1 1 1 0 0 0 0 1 0 0 0 1 1 1 0 0 1 1 0 0 0 1 1 1 1 1 1 0 0 0 0 0 0 0 1 0 1 0 1 1 0 0 0 0 1 1 0 0 0 1 1 1 1 1 1 0 0 1 0 1 0 1 0 0 0 0 1 1 0 1 0 1 0 0 1 1 1 0 1 0 0 1 0 1 0 0 1 1 0 1 0 0 1 1 0 1 1 1 0 1 1 0 1 0 0 1 0 0 0 1 1 0 0 0 1 1 0 0 1 1 0 1 1 1 1 0 0 1 1 0 1 1 1 1 1 1 1 1 0 0 0 1 1 1 0 1 1 1 1 0 0 0 0 1 0 0 1 1 0 1 0 0 1 0 1 0 1 0 0 1 1 1 1 0 0 1 1 0 0 1 0 1 0 1 0 0 1 0 0 0 1 1 0 
1 1 0 0 1 1 1 0 1 0 1 1 1 1 1 1 0 1 1 1 0 1 0 1 0 0 1 1 1 1 0 1 0 0 0 0 1 0 1 1 0 1 0 1 1 1 0 1 1 1 0 1 1 0 1 1 1 0 0 1 0 0 1 1 1 1 0 1 1 0 1 1 1 0 0 1 0 1 1 1 1 1 1 1 1 1 1 1 1 1 1 1 1 0 0 1 0 1 1 1 1 0 1 1 0 1 0 1 0 1 1 1 1 1 1 1 0 1 0 1 1 0 1 1 1 0 0 1 0 0 1 0 1 1 0 0 1 0 1 1 1 1 1 1 1 1 0 1 1 0 0 1 0 0 0 1 1 0 0 1 0 1 1 0 0 1 1 0 1 0 0 1 1 1 0 0 1 1 1 1 1 1 0 1 0 1 0 0 1 1 1 1 1 0 0 1 0 0 1 1 
0 1 0 0 1 1 1 1 1 1 1 1 1 1 1 1 0 1 1 1 0 1 0 1 1 0 0 1 1 1 1 1 0 1 0 0 1 0 1 1 0 1 0 1 1 1 1 1 1 1 0 1 1 0 1 1 1 0 1 1 1 1 1 1 1 0 0 1 1 0 1 1 1 1 1 0 1 0 1 1 1 1 1 1 0 1 0 1 1 1 1 0 1 1 0 1 1 1 1 1 1 0 1 1 1 1 0 1 0 1 1 1 1 1 1 1 1 1 0 1 0 1 1 1 1 1 0 1 1 1 1 1 1 1 1 0 1 1 1 1 1 1 1 1 1 1 0 0 1 0 1 1 1 0 1 1 0 0 0 0 1 1 0 0 0 1 1 0 0 1 0 1 1 1 1 1 0 1 1 1 0 1 1 1 0 0 1 1 1 1 1 0 1 1 0 1 0 1 1 1 
1 1 0 0 1 1 1 1 1 1 1 0 1 1 1 1 0 0 1 1 1 1 1 1 1 0 0 1 1 1 1 1 0 1 0 1 0 0 1 1 0 1 1 1 0 1 1 0 1 0 0 1 1 0 0 1 1 1 1 1 1 1 1 1 1 1 1 1 1 1 1 0 0 1 1 0 1 0 1 0 0 1 1 1 0 1 0 0 1 1 1 0 0 1 1 1 1 1 1 1 1 0 1 1 1 0 1 1 1 1 1 0 1 1 1 1 1 1 0 1 0 1 1 1 1 1 1 1 1 1 1 1 1 1 1 1 1 1 1 1 1 1 1 1 1 0 0 0 1 0 1 1 1 1 1 1 0 0 1 1 1 1 0 1 1 1 1 1 0 1 1 1 1 1 1 1 1 0 1 1 0 0 1 1 0 0 1 1 1 0 1 0 1 1 1 1 0 1 1 1 
0 0 0 0 1 1 1 0 1 0 1 1 0 0 1 0 0 0 0 1 0 1 0 0 0 0 0 0 1 0 0 0 0 0 0 0 1 0 0 1 0 1 0 1 0 1 0 1 0 1 0 0 1 0 1 0 1 0 0 1 0 0 0 0 1 0 0 1 1 0 0 0 1 0 0 1 0 1 1 0 0 1 1 1 1 1 0 1 1 0 0 0 0 0 0 0 0 1 0 1 1 0 1 1 1 0 0 1 0 0 1 0 1 1 0 0 0 1 0 1 0 0 0 0 0 1 0 0 0 1 1 1 0 0 1 0 1 1 1 1 1 1 1 1 0 0 0 1 1 0 0 0 0 0 1 1 0 0 0 0 0 0 0 0 0 0 0 0 1 0 0 1 0 1 1 1 1 1 0 1 1 0 1 1 0 0 0 0 0 1 1 0 1 1 0 0 0 0 0 0 
1 1 0 1 1 1 1 1 1 1 1 1 1 1 1 1 1 1 1 1 0 1 0 1 0 0 0 1 1 1 0 1 0 1 1 1 1 0 1 1 1 1 1 1 0 1 1 1 1 0 0 1 1 0 1 1 1 0 0 1 0 1 1 1 1 1 1 1 1 0 1 1 1 1 1 0 1 0 1 1 1 1 1 1 0 1 1 1 1 1 1 1 1 1 0 1 1 1 1 1 1 0 1 1 0 1 0 1 1 1 1 1 1 1 1 1 1 1 0 1 1 1 1 1 1 1 0 1 1 1 1 0 1 1 0 1 1 1 1 1 1 1 1 1 1 1 0 0 1 0 0 1 1 0 1 1 1 1 1 1 1 1 1 0 0 1 1 1 0 1 0 1 1 1 1 1 1 1 1 0 0 1 0 1 1 0 0 1 1 1 1 1 1 1 1 1 0 1 1 1 
0 0 0 0 0 0 1 0 0 0 1 1 0 0 1 0 0 1 0 0 0 1 0 0 0 0 0 1 0 0 0 0 0 0 0 0 1 0 0 1 0 1 0 1 1 1 0 1 0 1 0 0 1 0 1 0 1 0 0 1 0 0 0 0 0 0 0 1 0 0 0 0 1 0 0 1 0 1 1 1 0 1 1 1 1 1 0 1 0 1 0 0 1 0 0 0 0 1 0 0 0 0 0 0 0 1 0 0 0 0 1 1 0 1 0 1 0 1 0 0 0 0 0 0 1 0 0 0 0 0 0 0 1 0 0 0 1 0 0 0 0 0 0 1 0 1 0 1 1 0 0 0 0 0 0 0 1 0 0 0 0 0 0 0 0 0 0 0 1 0 0 0 0 0 0 1 0 0 1 0 0 1 0 0 0 0 0 0 0 1 1 0 1 0 0 1 0 0 0 0 
0 0 0 0 0 0 1 0 0 0 1 1 1 1 1 1 0 1 1 1 0 1 0 0 0 0 1 1 1 0 0 0 0 0 0 0 1 0 1 1 0 1 0 1 1 0 0 1 1 1 0 0 1 0 1 0 1 0 0 1 0 0 0 0 1 0 0 1 1 0 1 1 1 0 0 1 0 1 1 1 1 1 1 1 1 1 1 1 0 1 1 1 1 0 0 1 0 1 1 1 0 0 0 0 0 1 0 1 0 0 1 1 0 1 1 1 0 1 0 1 1 0 1 0 1 0 0 1 0 0 0 0 1 0 0 0 1 0 1 1 0 1 1 1 0 1 0 1 1 0 0 1 0 0 0 1 1 0 0 0 0 1 1 0 0 1 0 0 1 0 0 0 1 0 0 1 1 0 0 1 1 0 0 1 0 1 0 0 0 1 1 1 1 0 0 1 0 0 0 0 
0 1 0 0 1 1 0 0 1 1 0 0 0 0 1 0 0 0 0 1 0 0 0 1 1 0 0 0 1 0 1 1 1 0 0 0 0 0 0 0 0 1 0 1 0 1 1 0 0 0 0 0 1 0 0 0 1 0 1 1 1 1 0 0 1 0 0 0 1 0 0 0 0 1 1 0 1 0 1 0 0 1 1 1 0 1 0 0 1 0 0 0 0 1 1 0 1 0 0 0 1 0 1 1 1 0 1 1 0 1 0 0 1 0 0 0 0 1 0 0 0 0 0 0 0 1 1 0 1 1 1 1 0 0 1 0 0 1 1 0 1 1 0 0 1 0 0 0 0 1 1 0 1 1 1 1 0 0 0 0 0 0 0 1 1 0 1 0 0 0 0 1 0 1 1 0 1 1 1 0 0 0 0 1 0 0 1 0 1 0 1 0 0 1 0 0 0 1 0 0 
1 1 0 0 1 1 1 1 1 1 1 1 1 1 1 1 0 0 1 1 1 1 0 1 1 0 0 1 1 1 1 1 0 1 0 1 1 0 1 1 0 1 0 1 0 1 1 1 1 1 0 1 1 0 1 1 1 1 1 1 1 1 1 1 1 1 1 1 1 0 1 1 1 1 1 0 1 0 1 1 1 1 1 1 0 1 0 1 1 1 1 1 1 1 0 1 1 1 1 1 1 0 1 1 1 0 0 1 1 1 1 1 1 1 1 1 1 1 0 1 0 1 1 1 1 1 1 1 1 1 1 1 1 1 1 1 1 1 1 1 1 1 1 1 1 0 0 0 1 0 1 1 1 0 1 1 0 0 1 1 1 1 0 1 0 1 1 1 0 1 0 1 1 1 1 1 1 1 1 1 0 1 1 0 0 0 1 1 1 1 1 0 1 1 1 1 0 1 1 1 
1 1 1 1 0 0 0 0 0 0 0 0 1 1 0 1 1 0 1 0 0 0 0 0 0 1 1 0 0 1 0 0 0 1 1 1 0 1 1 0 1 0 1 0 0 0 0 0 1 0 1 1 0 1 0 1 0 0 0 0 0 0 1 1 0 1 0 0 0 0 1 0 0 0 0 0 0 0 0 0 1 0 0 0 0 0 0 0 0 1 1 1 0 0 0 1 0 0 1 1 0 1 0 0 0 0 0 1 1 0 0 0 0 0 1 1 0 0 1 1 1 1 1 1 0 0 0 1 0 0 0 0 0 1 0 0 0 0 0 1 0 0 1 0 1 0 1 0 1 0 0 1 0 0 0 0 0 1 1 1 1 1 1 0 0 1 1 1 0 1 0 0 1 0 0 0 0 0 0 1 0 0 0 0 0 1 0 1 0 0 0 0 0 0 1 1 0 0 1 1 
1 0 0 1 0 0 1 0 0 0 0 1 1 1 0 1 1 1 1 0 0 0 0 0 0 0 1 1 0 0 0 0 0 0 1 0 0 0 1 0 1 0 0 0 1 0 0 1 1 0 0 0 0 0 1 1 0 0 0 0 0 0 0 1 0 1 0 1 0 0 1 1 0 0 0 0 0 0 0 1 1 0 0 0 0 0 1 0 0 1 0 1 1 0 0 1 0 1 1 1 0 1 0 0 0 1 0 0 0 0 1 1 0 1 1 1 0 0 0 1 1 0 0 1 1 0 0 1 0 0 0 0 1 0 0 0 1 0 0 0 0 0 1 1 0 1 1 0 1 0 0 1 0 0 0 0 1 0 0 1 0 1 1 0 0 1 0 0 0 0 0 0 1 0 0 1 0 0 0 0 0 1 0 0 1 0 0 0 0 0 0 1 0 0 0 1 0 0 0 1 
0 1 0 0 0 1 0 1 1 1 0 0 0 0 0 0 0 0 0 1 1 0 1 1 1 0 0 0 1 1 1 1 1 1 0 0 0 0 0 0 0 0 0 0 0 0 1 0 0 0 0 1 0 0 0 0 0 1 1 0 1 1 0 0 1 0 1 0 1 1 0 0 0 1 1 0 1 0 1 0 0 0 0 0 0 0 0 0 0 0 0 0 0 1 1 0 1 0 0 0 1 0 1 1 0 0 1 1 1 1 0 0 1 0 0 0 1 0 0 0 0 1 0 0 0 1 1 0 1 1 1 1 0 0 1 1 0 1 1 0 1 0 0 0 1 0 0 0 0 1 1 0 1 1 1 1 0 0 0 0 1 0 0 1 1 0 1 1 0 1 1 1 0 1 1 0 1 1 0 0 0 0 1 1 0 0 0 1 1 0 0 0 0 1 0 0 1 1 1 0 
1 1 1 1 0 1 0 1 1 1 0 0 1 1 0 1 1 0 1 0 1 0 1 1 1 1 0 0 1 1 1 1 0 1 1 1 0 1 1 0 1 0 1 0 0 0 1 0 1 0 1 1 0 1 0 1 0 1 0 0 0 1 1 1 1 1 1 0 1 1 1 0 0 1 1 0 1 0 0 0 0 0 0 0 0 0 0 0 0 0 1 0 0 0 0 1 1 0 1 1 0 0 0 0 0 0 0 1 1 1 0 0 0 0 1 0 1 0 1 1 0 1 1 1 0 0 1 1 1 0 0 0 0 1 0 1 0 0 1 1 0 1 1 0 1 0 0 0 0 0 0 0 1 0 0 1 0 1 1 1 1 1 0 0 0 1 1 1 0 1 1 1 1 0 0 0 1 1 0 1 0 0 0 1 1 0 1 0 1 0 0 0 0 0 1 0 1 1 1 1 
1 1 1 0 1 1 1 1 1 1 0 0 1 1 0 1 0 0 1 1 1 0 1 1 1 0 0 0 1 1 1 1 0 1 0 1 0 1 1 0 0 1 1 1 0 0 1 0 0 0 1 1 1 0 0 0 1 1 1 1 1 1 1 0 1 1 1 1 1 1 1 0 0 1 1 0 1 0 1 0 0 1 1 0 0 1 0 0 1 0 1 0 0 1 1 1 1 0 0 1 1 0 1 1 1 0 1 1 1 1 1 0 1 1 1 1 1 1 1 1 0 1 1 1 0 1 1 1 1 1 1 1 0 1 1 1 1 1 1 1 1 1 1 1 1 0 0 0 1 0 1 1 1 1 1 1 0 0 1 0 1 1 0 1 1 1 1 1 0 1 1 1 1 1 1 1 1 1 0 1 0 0 1 1 0 0 1 1 0 0 1 0 0 1 1 0 1 1 1 0 
0 0 0 0 0 1 1 0 0 0 1 1 0 0 1 1 0 1 1 1 0 1 0 0 0 0 0 1 1 0 0 0 0 0 0 0 1 0 1 1 0 1 0 1 1 1 0 1 0 1 0 0 1 0 1 0 1 0 0 1 0 0 0 0 1 0 0 1 1 0 1 1 1 0 0 1 0 1 1 1 1 1 1 1 1 1 1 1 1 1 1 0 1 0 0 0 0 1 0 1 1 0 0 1 0 1 0 1 0 0 1 1 1 1 1 1 0 1 0 1 0 0 1 0 1 0 0 1 0 0 1 0 1 0 0 0 1 0 1 1 1 1 1 1 0 1 0 1 1 0 0 1 0 0 0 1 1 0 0 0 0 1 0 0 0 1 0 0 1 0 0 0 1 1 0 1 1 0 1 1 1 1 0 1 0 0 0 0 0 0 1 1 1 0 0 1 0 0 0 0 
0 1 0 0 1 1 1 0 1 1 1 1 1 1 1 1 0 1 1 1 0 1 0 1 0 0 0 1 1 1 0 1 0 0 0 0 1 0 1 1 0 1 0 1 1 1 0 1 1 1 0 1 1 0 1 1 1 0 0 1 0 0 1 1 1 0 0 1 1 0 1 1 1 1 1 0 0 0 1 1 1 1 1 1 1 1 1 1 1 1 1 1 1 1 0 1 0 1 1 1 1 0 1 1 1 1 0 1 0 1 1 1 1 1 1 1 0 1 0 1 0 0 1 1 1 1 0 1 1 1 1 1 1 1 0 0 1 1 1 1 1 1 1 1 1 1 0 1 1 0 0 1 1 0 1 1 1 0 0 0 0 1 0 0 0 1 1 0 1 1 0 1 1 1 1 1 1 1 1 1 1 1 1 1 0 0 0 0 1 1 0 0 1 1 0 1 0 1 1 1 
1 0 0 1 0 0 1 0 0 0 0 1 1 1 0 1 0 1 1 0 0 0 0 0 0 0 1 1 0 0 0 0 0 0 0 0 0 0 1 1 1 0 0 0 1 0 0 1 1 0 0 0 0 0 1 1 0 0 0 0 0 0 0 1 0 1 0 1 0 0 1 1 1 0 0 0 0 0 0 1 1 0 1 0 0 0 1 1 0 1 1 1 1 0 0 1 0 1 1 1 0 1 0 0 0 1 0 0 0 0 1 1 0 1 1 1 0 0 0 1 1 0 1 0 1 0 0 1 0 0 0 0 1 0 0 0 1 0 0 1 0 1 1 1 0 1 1 0 1 0 0 1 0 0 0 0 1 0 0 1 0 1 1 0 0 1 0 0 0 0 0 0 1 0 0 1 0 0 0 1 0 1 0 0 0 1 0 0 0 1 0 0 0 0 0 1 0 0 0 1 
0 0 0 0 1 1 1 0 0 0 1 1 0 0 1 1 0 1 0 1 0 1 0 0 0 0 0 1 1 0 0 0 0 0 0 0 1 0 0 1 0 1 0 1 1 1 0 1 0 1 0 0 1 0 1 0 1 0 0 1 0 0 0 0 1 0 0 1 1 0 0 0 1 0 0 1 0 1 1 1 0 1 1 1 1 1 0 1 1 1 0 0 1 0 0 0 0 1 0 1 1 0 1 1 1 1 0 1 0 0 1 1 1 1 0 1 0 1 0 1 0 0 1 0 1 0 0 0 0 1 1 1 1 0 0 0 1 1 1 1 1 1 1 1 0 1 0 1 1 0 0 1 0 0 1 1 0 0 0 0 0 1 0 0 0 1 0 0 1 0 0 1 1 1 0 1 1 1 1 1 1 1 0 1 0 0 0 0 0 1 1 0 0 0 0 1 0 0 0 0 
0 1 0 0 1 1 0 1 1 1 0 0 0 0 0 0 0 0 0 1 1 0 0 1 1 0 0 0 1 1 1 1 1 1 0 0 0 0 0 0 0 1 0 1 0 1 1 0 0 0 0 1 1 0 0 0 1 1 1 1 1 1 0 0 1 0 1 0 1 0 0 0 0 1 1 0 1 0 1 0 0 1 1 1 0 1 0 0 1 0 0 0 0 1 1 0 1 0 0 1 1 0 1 1 1 0 1 1 0 1 0 0 1 0 0 0 1 1 0 0 0 1 1 0 0 1 1 0 1 1 1 1 0 0 1 1 0 1 1 1 1 1 0 0 1 0 0 0 0 1 1 0 1 1 1 1 0 0 0 0 1 0 0 1 1 0 1 0 0 1 0 1 0 1 1 0 1 1 1 1 0 0 1 1 0 0 1 0 1 0 1 0 0 0 0 0 0 1 0 0 
1 1 1 1 0 0 0 1 0 0 0 0 1 1 0 1 1 0 1 0 1 0 1 1 0 1 0 0 1 1 0 1 0 1 1 1 0 1 1 0 1 0 1 0 0 0 0 0 1 0 1 1 0 1 0 1 0 1 0 0 0 0 1 1 0 1 1 0 0 1 1 0 0 1 0 0 0 0 0 0 0 0 0 0 0 0 0 0 0 0 1 1 0 0 0 1 0 0 1 1 0 1 0 0 0 0 0 1 1 0 0 0 0 0 1 0 1 0 1 1 1 1 1 1 0 0 0 1 1 0 0 0 0 1 0 1 0 0 0 1 0 1 1 0 1 0 0 0 1 0 0 1 0 0 0 0 0 1 1 1 1 1 1 0 0 1 1 1 0 1 1 0 1 0 0 0 0 1 0 1 0 0 0 1 1 0 0 1 1 0 0 0 0 0 0 0 1 1 1 1 
1 1 0 1 0 1 1 0 0 0 1 1 1 1 0 1 1 1 1 1 0 1 0 1 0 0 1 1 1 1 0 0 0 0 1 0 1 0 1 1 1 1 0 1 1 0 0 1 1 0 0 1 1 0 1 1 1 0 0 1 0 0 1 1 1 1 0 1 1 0 1 1 1 0 0 0 0 0 0 1 1 0 1 0 1 1 1 1 0 1 1 1 1 0 0 1 0 1 1 1 0 1 0 0 0 1 0 1 0 0 1 1 0 1 1 1 0 1 0 1 1 0 1 1 1 0 0 1 0 0 0 0 1 1 0 0 1 0 1 1 0 1 1 1 1 1 1 0 1 0 0 1 0 0 0 1 1 0 0 1 0 1 1 0 0 1 1 0 0 0 0 0 1 1 0 1 1 1 0 1 1 1 0 1 1 1 0 0 0 1 1 1 1 0 0 0 0 0 1 1 
0 1 1 0 0 0 0 1 0 1 0 0 0 0 0 0 0 0 0 0 1 0 1 1 1 1 0 0 0 1 1 1 0 1 0 1 0 1 0 0 0 0 1 0 0 0 1 0 0 0 1 1 0 1 0 0 0 1 0 0 0 1 1 0 0 0 1 0 0 1 0 0 0 1 1 0 1 0 0 0 0 0 0 0 0 0 0 0 0 0 0 0 0 0 0 0 1 0 0 0 0 0 0 0 0 0 0 0 1 1 0 0 0 0 0 0 1 0 1 0 0 1 0 0 0 0 1 0 1 0 0 0 0 1 0 1 0 0 0 0 0 0 0 0 1 0 0 0 0 0 0 0 1 0 0 0 0 0 1 0 1 0 0 1 0 0 1 1 0 1 1 0 0 0 0 0 0 0 0 0 0 0 0 0 0 0 1 1 1 0 0 0 0 0 1 0 0 1 1 0 
1 1 1 0 0 1 0 1 1 1 0 0 1 0 0 0 0 0 1 1 1 0 1 1 1 1 0 0 1 1 1 1 0 1 0 1 0 1 0 0 0 0 1 0 0 0 1 0 0 0 1 1 0 1 0 0 1 1 1 0 1 1 1 0 1 0 1 0 1 1 0 0 0 1 1 0 1 0 0 0 0 0 1 0 0 1 0 0 0 0 1 0 0 1 1 1 1 0 0 1 1 0 0 0 0 0 1 1 1 1 0 0 0 0 0 0 1 0 1 1 0 1 1 1 0 1 1 1 1 1 0 0 0 1 1 1 0 0 1 1 0 1 1 0 1 0 0 0 0 0 1 0 1 0 0 1 0 0 1 0 1 1 0 1 0 0 1 1 0 1 1 1 1 1 1 0 1 1 0 1 0 0 1 1 0 0 1 1 1 0 1 0 0 1 1 0 1 0 1 0 
1 1 1 1 0 1 1 1 1 1 0 0 1 1 0 1 1 0 1 1 1 0 1 1 1 1 0 1 1 1 1 1 0 1 1 1 0 1 1 0 1 1 1 0 0 0 1 0 1 0 1 1 1 1 0 1 1 1 0 1 0 1 1 1 1 1 1 1 1 1 1 0 0 1 1 0 1 0 1 0 1 0 1 0 0 1 0 0 0 1 1 1 0 0 0 1 1 1 1 1 0 1 0 0 0 0 0 1 1 1 1 1 0 1 1 1 1 0 1 1 1 1 1 1 1 0 1 1 1 0 0 0 1 1 0 1 1 0 1 1 0 1 1 1 1 0 0 0 1 0 0 1 1 0 0 1 0 1 1 1 1 1 1 0 0 1 1 1 0 1 1 1 1 1 1 1 1 1 0 1 0 0 0 1 1 0 1 1 1 0 1 0 0 0 1 1 1 1 0 1 
1 1 0 1 0 0 1 0 0 0 0 0 1 1 0 1 1 1 1 0 0 0 0 1 0 0 1 1 1 1 0 0 0 0 1 1 0 1 1 0 1 0 1 0 0 0 0 0 1 0 0 1 0 0 1 1 0 0 0 0 0 0 1 1 0 1 0 1 1 0 1 1 0 0 0 0 0 0 0 1 1 0 1 0 0 1 1 0 0 1 1 1 0 0 0 1 0 1 1 1 0 1 0 0 0 1 0 1 1 0 1 1 0 1 1 1 0 0 0 1 1 0 1 1 1 0 0 1 0 0 0 0 1 1 0 0 1 0 0 1 0 1 1 1 1 1 1 0 1 0 0 1 0 0 0 1 1 1 1 1 1 1 1 0 0 1 1 1 0 0 0 0 1 0 0 1 1 1 0 1 0 0 0 1 1 1 0 1 0 0 1 1 0 0 1 1 0 0 1 0 
