200 50 0.495528
1 20 41
2 6 24
3 34 74
4 35 81
5 54 65
6 72 45
7 66 57
8 85 95
9 64 56
10 58 61
11 48 23
12 33 70
13 74 95
14 73 13
15 77 38
16 43 34
17 96 41
18 43 54
19 53 7
20 25 39
21 79 95
22 84 20
23 48 25
24 11 34
25 34 70
26 74 72
27 25 32
28 67 73
29 10 92
30 10 31
31 35 23
32 22 34
33 10 63
34 73 73
35 50 55
36 73 100
37 92 44
38 43 22
39 31 89
40 77 61
41 70 81
42 59 45
43 13 24
44 7 97
45 54 47
46 22 92
47 97 52
48 72 58
49 99 30
50 15 21
51 31 96
52 7 11
53 33 52
54 97 5
55 23 86
56 34 17
57 81 1
58 81 63
59 49 49
60 21 97
61 67 2
62 24 41
63 21 22
64 7 67
65 70 97
66 55 31
67 64 92
68 3 32
69 55 87
70 62 6
71 60 66
72 19 50
73 14 67
74 80 71
75 60 77
76 33 35
77 24 88
78 1 82
79 90 7
80 53 29
81 15 22
82 51 23
83 39 50
84 24 96
85 21 17
86 58 28
87 39 30
88 25 11
89 66 17
90 32 68
91 74 23
92 14 11
93 45 41
94 42 6
95 12 65
96 95 15
97 3 60
98 28 76
99 14 61
100 91 7
101 71 79
102 77 88
103 51 95
104 26 96
105 43 92
106 44 79
107 76 55
108 93 2
109 58 60
110 36 33
111 96 38
112 5 78
113 45 99
114 50 59
115 72 35
116 72 44
117 94 35
118 74 69
119 84 91
120 50 43
121 31 93
122 2 52
123 13 52
124 18 59
125 8 79
126 14 4
127 9 80
128 3 38
129 97 91
130 49 99
131 94 59
132 91 96
133 53 18
134 82 41
135 19 100
136 51 25
137 94 90
138 88 90
139 29 80
140 21 72
141 46 29
142 39 51
143 11 65
144 32 26
145 63 20
146 28 13
147 83 5
148 28 55
149 25 61
150 1 28
151 31 53
152 95 29
153 70 85
154 23 58
155 28 18
156 57 38
157 73 74
158 10 29
159 95 47
160 57 10
161 24 6
162 61 8
163 43 93
164 42 24
165 60 58
166 63 19
167 92 58
168 40 76
169 81 76
170 31 75
171 75 26
172 32 95
173 64 74
174 68 19
175 11 61
176 27 71
177 3 65
178 54 17
179 2 27
180 19 43
181 28 39
182 44 54
183 2 46
184 28 65
185 91 65
186 39 18
187 97 84
188 72 91
189 39 62
190 49 93
191 6 27
192 8 25
193 5 77
194 88 28
195 53 91
196 61 29
197 4 31
198 83 32
199 86 59
200 51 2
0 1 1 1 1 0 1 0 1 1 1 1 0 0 0 1 0 1 1 1 0 0 1 1 1 0 1 0 0 1 1 1 1 0 1 0 0 1 1 0 0 1 1 0 1 0 0 0 0 1 0 1 1 0 1 1 0 0 1 0 0 1 1 1 0 1 0 1 0 0 1 1 1 0 0 1 1 1 0 1 1 1 1 0 1 1 1 1 0 1 0 1 1 1 1 0 1 1 1 0 0 0 0 0 0 1 0 0 1 1 0 1 0 1 0 0 0 0 0 1 0 1 1 1 1 1 1 1 0 0 0 0 1 0 0 1 0 0 1 1 1 1 1 1 1 1 0 1 1 1 1 0 0 1 1 1 0 1 0 1 1 0 0 1 1 1 0 1 0 1 0 0 0 0 1 1 1 1 1 1 1 1 1 1 0 1 0 0 1 0 1 1 1 0 0 1 1 0 0 1 
1 0 0 0 0 0 0 0 0 0 1 0 0 0 0 1 0 1 1 1 0 0 1 1 0 0 1 0 0 1 1 1 1 0 0 0 0 1 0 0 0 0 1 0 0 0 0 0 0 1 0 1 1 0 0 1 0 0 1 0 0 1 1 1 0 1 0 1 0 0 0 1 1 0 0 1 0 0 0 1 1 1 1 0 1 0 1 1 0 0 0 1 1 1 1 0 1 0 1 0 0 0 0 0 0 0 0 0 0 1 0 0 0 0 0 0 0 0 0 1 0 1 1 1 0 1 0 1 0 0 0 0 1 0 0 1 0 0 0 0 1 1 1 1 0 1 0 1 1 1 1 0 0 1 1 0 0 1 0 0 1 0 0 1 0 0 0 0 0 0 0 0 0 0 1 0 1 1 1 1 1 1 1 1 0 1 0 0 0 0 1 1 0 0 0 0 1 0 0 0 
1 0 0 1 1 1 1 0 1 1 0 1 1 0 0 1 0 1 0 1 1 0 0 1 1 1 1 1 1 1 0 1 1 1 1 1 0 0 1 1 1 1 0 1 1 1 0 1 0 0 1 0 1 0 1 0 0 1 1 1 0 1 0 1 1 1 1 0 1 0 1 1 1 1 1 1 1 1 0 1 0 0 1 1 0 0 1 0 0 1 0 0 1 0 1 0 1 1 1 0 1 1 1 1 1 1 1 0 1 1 0 1 1 1 0 1 0 1 0 1 1 1 1 1 1 0 1 1 0 1 0 0 0 0 1 0 0 0 1 1 1 1 1 1 0 0 0 1 1 0 1 0 1 1 0 1 1 0 0 0 0 0 1 0 1 0 0 1 1 1 0 1 1 0 1 1 1 0 0 1 1 1 1 1 0 0 0 1 1 1 0 0 1 0 1 0 0 0 0 0 
1 0 1 0 1 0 1 0 1 1 0 1 1 0 0 1 0 1 0 1 1 0 0 0 1 1 0 1 1 0 0 1 1 1 1 1 0 0 1 1 1 1 0 1 1 1 0 1 0 0 1 0 1 0 1 0 0 1 1 1 0 1 0 1 1 0 1 0 1 0 1 1 1 1 1 1 1 1 0 0 0 0 1 1 0 0 0 0 0 1 0 0 1 0 1 0 1 1 1 0 1 1 1 1 1 1 1 0 1 1 0 1 1 1 0 0 0 1 0 1 1 1 1 1 1 0 1 0 0 1 0 0 0 0 1 0 0 0 1 1 0 1 1 0 0 0 0 1 1 0 1 0 1 1 0 1 1 0 0 0 0 0 1 0 1 0 0 1 1 1 0 1 1 0 1 1 1 0 0 1 1 1 1 1 0 0 0 1 1 1 0 0 1 0 1 0 0 0 0 0 
1 0 1 1 0 1 1 1 1 1 1 1 1 0 1 1 1 1 0 1 1 0 1 0 1 1 1 1 0 0 1 1 1 1 1 1 1 1 1 1 1 1 0 0 1 1 1 1 0 0 1 0 1 0 1 0 0 1 1 1 0 1 0 1 1 1 1 0 1 0 1 1 1 1 1 1 1 0 0 1 0 1 1 1 0 1 1 0 1 1 1 0 1 0 1 0 0 1 1 0 1 1 1 1 1 1 1 0 1 1 1 0 1 1 1 1 1 1 1 1 1 0 1 1 1 0 1 0 0 1 1 1 1 1 1 1 1 1 1 1 1 1 1 1 1 0 0 1 1 0 1 0 1 1 0 1 1 0 1 0 0 0 1 1 1 1 1 1 1 1 1 1 1 1 1 1 0 1 0 1 1 1 0 1 1 1 1 1 1 1 0 0 0 0 1 1 0 1 1 0 
0 0 1 0 1 0 1 0 1 1 1 1 0 1 1 1 1 1 1 1 0 1 1 0 1 1 1 1 0 0 1 0 0 1 1 0 1 1 0 1 1 1 0 0 1 0 1 1 1 0 0 0 1 1 0 1 1 1 1 0 1 1 0 0 0 1 1 0 1 1 1 0 0 1 1 1 0 0 1 1 0 1 1 0 0 1 1 0 1 1 1 0 1 1 0 1 0 0 0 1 1 1 0 0 0 1 1 1 1 1 1 0 0 1 1 1 1 1 1 1 0 0 0 0 0 0 0 0 0 0 1 0 1 1 0 1 0 1 0 0 1 1 0 1 1 0 1 1 1 0 1 1 1 0 0 1 1 0 1 1 0 1 0 1 1 1 1 1 1 0 1 0 1 1 0 0 0 1 0 0 1 1 0 1 1 1 1 1 1 0 0 0 0 1 1 1 0 1 1 1 
1 0 1 1 1 1 0 1 1 1 1 1 1 1 1 1 1 1 0 1 1 1 1 0 1 1 1 1 0 0 1 1 0 1 1 1 1 1 1 1 1 1 0 0 1 0 1 1 1 0 0 0 1 0 0 0 0 1 1 0 0 1 0 0 1 1 1 0 1 0 1 1 0 1 1 1 0 0 0 1 0 1 1 0 0 1 1 0 1 1 1 0 1 0 0 0 0 1 0 0 1 1 1 0 1 1 1 0 1 1 1 0 1 1 1 1 1 1 1 1 0 0 0 1 0 0 0 0 1 1 1 1 1 1 0 1 1 1 1 1 1 1 0 1 1 0 0 1 1 0 1 1 1 1 0 1 1 0 1 1 0 1 1 1 1 1 1 1 1 1 1 0 1 1 0 1 0 1 0 1 1 1 0 1 1 1 1 1 1 1 0 0 0 1 1 1 0 1 1 0 
0 0 0 0 1 0 1 0 1 1 0 0 1 0 0 0 0 0 0 0 1 0 0 0 0 1 0 1 0 0 0 0 0 1 0 1 0 0 0 1 1 0 0 0 0 0 1 1 0 0 0 0 0 0 0 0 0 1 0 0 0 0 0 0 1 0 1 0 1 0 1 0 0 1 1 0 0 0 0 0 0 0 0 0 0 0 0 0 0 0 0 0 0 0 0 0 0 0 0 0 1 1 1 0 1 1 1 0 1 0 0 0 1 0 0 0 0 1 1 0 0 0 0 0 0 0 0 0 1 1 1 1 0 0 0 0 1 1 0 0 0 0 0 0 0 0 0 0 0 0 0 0 1 0 0 0 1 0 1 0 0 0 1 0 1 0 1 1 1 0 0 0 1 0 0 0 0 0 0 0 0 0 0 0 1 0 1 1 0 1 0 0 0 0 1 0 0 0 1 0 
1 0 1 1 1 1 1 1 0 1 1 1 1 1 1 1 1 1 0 1 1 1 1 0 1 1 1 1 0 0 1 1 0 1 1 1 1 1 1 1 1 1 0 0 1 0 1 1 1 0 0 0 1 0 0 1 0 1 1 0 0 1 0 0 1 1 1 0 1 0 1 1 0 1 1 1 0 0 0 1 0 1 1 0 0 1 1 0 1 1 1 0 1 0 0 0 0 1 0 0 1 1 1 0 1 1 1 0 1 1 1 0 1 1 1 1 1 1 1 1 1 0 0 1 0 0 0 0 1 1 1 1 1 1 0 1 1 1 1 1 1 1 0 1 1 0 0 1 1 0 1 1 1 1 0 1 1 0 1 1 0 1 1 1 1 1 1 1 1 1 1 0 1 1 0 1 0 1 0 1 1 1 0 1 1 1 1 1 1 1 0 0 0 1 1 1 0 1 1 0 
1 0 1 1 1 1 1 1 1 0 1 1 1 0 1 1 1 1 0 1 1 1 1 0 1 1 1 1 0 0 1 1 1 1 1 1 1 1 1 1 1 1 0 0 1 1 1 1 0 0 1 0 1 0 1 0 0 1 1 0 0 1 0 0 1 1 1 0 1 0 1 1 1 1 1 1 1 0 0 1 0 1 1 1 0 1 1 0 1 1 1 0 1 0 1 0 0 1 1 0 1 1 1 1 1 1 1 0 1 1 1 0 1 1 1 1 1 1 1 1 1 0 1 1 0 0 0 0 1 1 1 1 1 1 0 1 1 1 1 1 1 1 1 1 1 0 0 1 1 0 1 1 1 1 0 1 1 0 1 0 0 0 1 1 1 1 1 1 1 1 1 1 1 1 1 1 0 1 0 1 1 1 0 1 1 1 1 1 1 1 0 0 0 1 1 1 0 1 1 0 
1 1 0 0 1 1 1 0 1 1 0 1 0 1 1 1 0 1 1 1 0 1 1 1 1 0 1 0 0 1 1 1 0 0 1 0 1 1 0 1 0 1 1 0 1 0 0 1 0 1 0 1 1 0 0 1 1 0 1 0 1 1 1 0 0 1 0 1 0 1 1 1 0 0 0 1 0 0 1 1 1 1 1 0 1 1 1 1 1 1 1 1 1 1 0 1 0 0 0 1 0 0 0 0 0 0 1 1 1 1 0 0 0 1 1 1 1 0 0 1 0 0 1 1 0 1 0 1 0 0 0 0 1 1 0 1 0 0 0 0 1 1 0 1 1 1 1 1 1 1 1 1 0 1 1 1 0 1 0 1 1 1 0 1 1 1 0 0 0 0 1 0 0 1 0 0 0 1 1 1 1 1 0 1 0 1 0 0 1 0 1 1 0 1 0 1 1 1 0 1 
1 0 1 1 1 1 1 0 1 1 1 0 1 0 0 1 0 1 0 1 0 0 1 1 1 1 1 1 1 1 1 1 1 1 1 1 0 1 1 1 1 1 0 1 1 1 0 1 0 0 1 0 1 0 1 0 0 1 1 1 0 1 1 1 1 1 1 1 1 0 1 1 1 1 1 1 1 1 0 1 0 0 1 1 0 1 1 0 0 1 0 0 1 0 1 0 1 1 1 0 1 1 1 1 1 1 1 0 1 1 0 1 1 1 0 1 0 1 0 1 1 1 1 1 1 0 1 1 0 1 0 0 0 0 1 1 0 0 1 1 1 1 1 1 0 0 0 1 1 0 1 0 1 1 0 1 1 1 0 0 0 0 1 1 1 0 0 1 1 1 0 1 1 0 1 1 1 0 0 1 1 1 1 1 0 0 0 1 1 1 0 0 1 0 1 1 1 0 0 0 
0 0 1 1 1 0 1 1 1 1 0 1 0 0 0 0 0 0 0 0 1 0 0 0 1 1 0 1 0 0 0 0 0 1 1 1 0 0 1 1 1 0 0 0 0 0 1 1 0 0 1 0 0 0 0 0 0 1 0 0 0 0 0 0 1 0 1 0 1 0 1 0 0 1 1 0 0 0 0 0 0 0 0 0 0 0 0 0 0 1 0 0 0 0 0 0 0 1 0 0 1 1 1 1 1 1 1 0 1 0 0 0 1 1 0 0 0 1 1 0 1 0 0 0 0 0 0 0 1 1 1 1 0 0 0 0 1 1 1 0 0 0 0 0 0 0 0 0 0 0 0 0 1 0 0 0 1 0 0 0 0 0 1 0 1 0 1 1 1 1 0 1 1 0 0 0 0 0 0 0 0 0 0 0 1 0 1 1 1 1 0 0 0 0 1 0 0 0 1 0 
0 0 0 0 0 1 1 0 1 0 1 0 0 0 1 1 1 0 1 0 0 1 1 0 0 0 0 0 0 0 1 0 0 0 1 0 1 1 0 1 0 1 0 0 1 0 1 1 1 0 0 0 0 1 0 1 1 0 1 0 1 0 0 0 0 1 0 0 0 1 0 0 0 0 0 1 0 0 1 1 0 1 0 0 0 1 1 1 1 0 1 0 1 1 0 1 0 0 0 1 0 0 0 0 0 0 1 1 1 1 1 0 0 0 1 1 1 0 0 1 0 0 0 0 0 0 0 0 0 0 0 0 1 1 0 1 0 0 0 0 1 0 0 1 1 1 1 0 0 0 0 1 0 0 1 1 0 0 1 1 1 1 0 1 1 1 1 0 0 0 1 0 0 1 0 0 0 1 0 0 0 0 0 0 0 1 0 0 0 0 0 0 0 1 0 1 0 1 1 1 
0 0 0 0 1 1 1 0 1 1 1 0 0 1 0 1 1 1 1 0 0 1 1 0 0 1 0 1 0 0 1 0 0 1 1 0 1 1 0 1 1 1 0 0 1 0 1 1 1 0 0 0 1 1 0 1 1 1 1 0 1 0 0 0 0 1 0 0 0 1 1 0 0 1 1 1 0 0 1 1 0 1 1 0 0 1 1 0 1 0 1 0 1 1 0 1 0 0 0 1 1 1 0 0 0 0 1 1 1 1 1 0 0 1 1 1 1 1 0 1 0 0 0 0 0 0 0 0 0 0 1 0 1 1 0 1 0 0 0 0 1 1 0 1 1 0 1 0 0 0 1 1 1 0 0 1 1 0 1 1 0 1 0 1 1 1 1 0 1 0 1 0 1 1 0 0 0 1 0 0 1 1 0 0 1 1 0 0 1 0 0 0 0 1 0 1 0 1 1 1 
1 1 1 1 1 1 1 0 1 1 1 1 0 1 1 0 0 1 1 1 0 1 1 1 1 1 1 1 0 1 1 1 1 1 1 0 0 1 0 1 0 1 1 0 1 0 0 1 0 1 0 1 1 0 0 1 0 1 1 0 1 1 1 1 0 1 0 1 0 1 1 1 1 0 1 1 0 0 0 1 1 1 1 0 1 1 1 1 1 1 1 1 1 1 1 0 1 1 1 0 0 0 0 0 0 1 1 0 1 1 0 0 0 1 1 1 0 1 0 1 0 1 1 1 0 1 0 1 0 0 0 0 1 1 0 1 0 0 1 1 1 1 1 1 1 1 1 1 1 1 1 0 0 1 1 1 1 1 0 1 1 1 0 1 1 1 0 1 0 1 1 0 1 1 1 1 0 1 1 1 1 1 1 1 0 1 0 0 1 0 1 1 0 1 0 1 1 1 1 1 
0 0 0 0 1 1 1 0 1 1 0 0 0 1 1 0 0 0 0 0 0 1 0 0 0 1 0 1 0 0 0 0 0 1 1 0 1 0 0 1 1 1 0 0 1 0 1 1 1 0 0 0 0 1 0 0 1 1 1 0 1 0 0 0 0 1 0 0 0 1 1 0 0 1 0 0 0 0 1 1 0 1 0 0 0 1 0 0 1 0 1 0 0 0 0 1 0 0 0 1 1 0 0 0 0 0 1 1 1 0 1 0 0 1 1 1 1 1 0 1 0 0 0 0 0 0 0 0 0 0 1 0 1 1 0 1 1 1 0 0 0 0 0 0 1 0 1 0 0 0 0 1 0 0 0 1 1 0 1 1 0 1 0 0 1 1 1 0 1 0 1 0 1 1 0 0 0 1 0 0 0 0 0 0 1 0 1 0 0 0 0 0 0 1 0 1 0 1 1 0 
1 1 1 1 1 1 1 0 1 1 1 1 0 0 1 1 0 0 1 1 0 0 1 1 1 1 1 1 0 1 1 1 1 1 1 0 0 1 1 1 1 1 1 0 1 1 0 1 0 1 1 0 1 0 1 1 0 1 1 1 0 1 1 1 0 1 1 1 1 0 1 1 1 1 1 1 1 0 0 1 1 1 1 1 1 1 1 1 1 1 1 0 1 1 1 0 1 1 1 0 1 1 1 1 1 1 1 0 1 1 0 1 1 1 1 1 0 1 0 1 1 1 1 1 1 0 1 1 0 1 0 0 1 1 0 1 0 0 1 1 1 1 1 1 1 1 0 1 1 1 1 0 1 1 1 1 1 1 0 1 0 1 1 1 1 1 1 1 1 1 1 1 1 1 1 1 1 1 1 1 1 1 1 1 1 1 0 1 1 1 1 1 1 0 1 1 1 1 1 0 
1 1 0 0 0 1 0 0 0 0 1 0 0 1 1 1 0 1 0 1 0 1 1 1 0 0 1 0 0 1 1 1 0 0 1 0 0 1 0 0 0 1 1 0 1 0 0 0 0 1 0 1 1 1 0 1 1 0 1 0 1 1 1 0 0 1 0 0 0 1 0 0 0 0 0 1 0 0 1 1 1 1 1 0 1 1 1 1 1 0 1 1 1 1 0 1 0 0 0 1 0 0 0 0 0 0 0 1 0 1 0 0 0 0 1 1 1 0 0 1 0 0 0 0 0 1 0 0 0 0 0 0 1 1 0 1 0 0 0 0 1 1 0 1 1 1 1 0 0 0 0 1 0 0 1 1 0 1 0 1 1 1 0 1 0 1 0 0 0 0 1 0 0 1 0 0 0 1 0 1 1 1 0 0 0 1 0 0 0 0 0 1 0 1 0 1 0 1 0 1 
1 1 1 1 1 1 1 0 1 1 1 1 0 0 0 1 0 1 1 0 0 0 1 1 1 0 1 0 0 1 1 1 1 0 1 0 0 1 0 0 0 1 1 0 1 0 0 0 0 1 0 1 1 0 1 1 0 0 1 0 0 1 1 1 0 1 0 1 0 1 1 1 1 0 0 1 1 1 0 1 1 1 1 0 1 1 1 1 1 1 0 1 1 1 1 0 1 1 1 0 0 0 0 0 0 1 0 0 1 1 0 1 0 1 1 1 0 0 0 1 0 1 1 1 1 1 1 1 0 0 0 0 1 0 0 1 0 0 1 1 1 1 1 1 1 1 0 1 1 1 1 0 0 1 1 1 0 1 0 1 1 1 0 1 1 1 0 1 0 1 0 0 0 1 1 1 1 1 1 1 1 1 1 1 0 1 0 0 1 0 1 1 1 0 0 1 1 0 0 1 
0 0 1 1 1 0 1 1 1 1 0 0 1 0 0 0 0 0 0 0 0 0 0 0 0 1 0 1 0 0 0 0 0 1 1 1 0 0 1 1 1 0 0 0 0 0 1 1 0 0 1 0 0 0 0 0 0 1 0 0 0 0 0 0 1 0 1 0 1 0 1 0 0 1 1 0 0 0 0 0 0 0 0 0 0 0 0 0 0 0 0 0 0 0 0 0 0 0 0 0 1 1 1 0 1 1 1 0 1 0 0 0 1 1 0 0 0 1 1 0 1 0 0 0 0 0 0 0 1 1 1 1 0 0 0 0 1 1 0 0 0 0 0 0 0 0 0 0 0 0 0 0 1 0 0 0 1 0 0 0 0 0 1 0 1 0 1 1 1 0 0 1 1 0 0 0 0 0 0 0 0 0 0 0 1 0 1 1 0 1 0 0 0 0 1 0 0 0 1 0 
0 0 0 0 0 1 1 0 1 1 1 0 0 1 1 1 1 0 1 0 0 0 1 0 0 0 0 0 0 0 1 0 0 0 1 0 1 1 0 1 0 1 0 0 1 0 1 1 1 0 0 0 0 1 0 0 1 1 1 0 1 0 0 0 0 1 0 0 0 1 0 0 0 0 0 0 0 0 1 1 0 1 0 0 0 1 1 0 1 0 1 0 1 1 0 1 0 0 0 1 0 0 0 0 0 0 1 1 1 1 1 0 0 0 1 1 1 0 0 1 0 0 0 0 0 0 0 0 0 0 1 0 1 1 0 1 0 0 0 0 1 0 0 0 1 0 1 0 0 0 0 1 0 0 0 1 0 0 1 1 0 1 0 1 1 1 1 0 0 0 1 0 0 1 0 0 0 1 0 0 0 0 0 0 1 1 0 0 0 0 0 0 0 1 0 1 0 1 1 1 
1 1 0 0 1 1 1 0 1 1 1 1 0 1 1 1 0 1 1 1 0 1 0 1 1 0 1 0 0 1 1 1 0 0 1 0 1 1 0 1 0 1 1 0 1 0 0 1 0 1 0 1 1 0 0 1 1 0 1 0 1 1 1 0 0 1 0 1 0 1 1 1 0 0 0 1 0 0 1 1 1 1 1 0 1 1 1 1 1 1 1 1 1 1 0 1 0 0 1 1 0 0 0 0 0 0 1 0 1 1 1 0 0 1 1 1 1 0 0 1 0 0 1 1 0 1 0 1 0 0 0 0 1 1 0 1 0 0 0 0 1 1 0 1 1 1 1 1 1 1 1 1 0 1 1 1 0 1 0 1 1 1 0 1 1 1 0 0 0 0 1 0 0 1 0 0 0 1 1 1 1 1 0 1 0 1 0 0 1 0 1 1 0 1 0 1 1 1 0 1 
1 1 1 0 0 0 0 0 0 0 1 1 0 0 0 1 0 1 1 1 0 0 1 0 1 0 1 0 0 1 1 1 1 0 1 0 0 1 0 0 0 1 1 0 1 0 0 0 0 1 0 1 1 0 0 1 0 0 1 0 0 1 1 1 0 1 0 1 0 0 0 1 1 0 0 1 0 1 0 1 1 1 1 0 1 1 1 1 0 1 0 1 1 1 1 0 1 1 1 0 0 0 0 0 0 0 0 0 0 1 0 1 0 1 0 0 0 0 0 1 0 1 1 1 1 1 1 1 0 0 0 0 1 0 0 1 0 0 1 1 1 1 1 1 0 1 0 1 1 1 1 0 0 1 1 1 0 1 0 0 1 0 0 1 0 0 0 0 0 1 0 0 0 0 1 1 1 1 1 1 1 1 1 1 0 1 0 0 1 0 1 1 1 0 0 0 1 0 0 0 
1 0 1 1 1 1 1 0 1 1 1 1 1 0 0 1 0 1 0 1 0 0 1 1 0 1 1 1 1 1 1 1 1 1 1 1 0 1 1 1 1 1 0 1 1 1 0 1 0 0 1 0 1 0 1 0 0 1 1 1 0 1 1 1 1 1 1 1 1 0 1 1 1 1 1 1 1 1 0 1 0 1 1 1 0 1 1 0 0 1 0 0 1 0 1 0 1 1 1 0 1 1 1 1 1 1 1 0 1 1 0 1 1 1 0 1 0 1 0 1 1 1 1 1 1 0 1 1 0 1 0 0 0 0 1 1 0 0 1 1 1 1 1 1 0 0 0 1 1 0 1 0 1 1 0 1 1 1 0 0 0 0 1 1 1 0 0 1 1 1 0 1 1 0 1 1 1 0 0 1 1 1 1 1 0 0 0 1 1 1 0 0 1 0 1 1 1 0 0 0 
0 0 1 1 1 1 1 1 1 1 0 1 1 0 1 1 1 1 0 0 1 0 0 0 1 0 0 1 0 0 0 0 0 1 1 1 1 0 1 1 1 1 0 0 1 0 1 1 1 0 1 0 1 0 0 0 0 1 1 0 0 0 0 0 1 1 1 0 1 0 1 0 0 1 1 0 0 0 0 1 0 0 1 0 0 1 0 0 0 1 1 0 1 0 0 0 0 1 0 0 1 1 1 0 1 1 1 0 1 0 1 0 1 1 1 1 1 1 1 1 1 0 0 0 0 0 0 0 1 1 1 1 0 1 0 0 1 1 1 0 0 1 0 0 0 0 0 1 0 0 1 1 1 0 0 1 1 0 1 0 0 0 1 0 1 0 1 1 1 1 1 1 1 0 0 1 0 0 0 0 0 1 0 1 1 0 1 1 1 1 0 0 0 1 1 1 0 1 1 0 
1 1 1 0 1 1 1 0 1 1 1 1 0 0 0 1 0 1 1 1 0 0 1 1 1 0 0 0 0 1 1 1 1 0 1 0 0 1 0 0 0 1 1 0 1 0 0 0 0 1 0 1 1 0 0 1 0 0 1 0 0 1 1 1 0 1 0 1 0 1 1 1 1 0 0 1 0 0 0 1 1 1 1 0 1 1 1 1 1 1 1 1 1 1 1 0 1 1 1 0 0 0 0 0 0 0 0 0 1 1 0 0 0 1 1 1 0 0 0 1 0 1 1 1 1 1 0 1 0 0 0 0 1 0 0 1 0 0 1 1 1 1 1 1 1 1 0 1 1 1 1 0 0 1 1 1 0 1 0 1 1 1 0 1 1 1 0 1 0 1 0 0 0 1 1 1 1 1 1 1 1 1 1 1 0 1 0 0 1 0 1 1 1 0 0 1 1 0 0 1 
0 0 1 1 1 1 1 1 1 1 0 1 1 0 1 1 1 1 0 0 1 0 0 0 1 1 0 0 0 0 0 0 0 1 1 1 1 0 1 1 1 1 0 0 1 1 1 1 0 0 1 0 1 0 1 0 0 1 1 0 0 0 0 0 1 1 1 0 1 0 1 0 0 1 1 0 1 0 0 1 0 0 1 1 0 1 0 0 0 1 0 0 1 0 0 0 0 1 0 0 1 1 1 1 1 1 1 0 1 0 1 0 1 1 1 1 1 1 1 1 1 0 0 0 0 0 0 0 1 1 1 1 0 1 0 0 1 1 1 1 1 1 0 0 0 0 0 1 1 0 1 0 1 1 0 1 1 0 1 0 0 0 1 0 1 0 1 1 1 1 1 1 1 0 0 1 0 0 0 0 0 1 0 1 1 0 1 1 1 1 0 0 0 1 1 1 0 1 1 0 
0 0 1 1 0 0 0 0 0 0 0 1 0 0 0 0 0 0 0 0 0 0 0 0 1 0 0 0 0 0 0 0 1 0 0 0 0 0 1 0 0 0 0 1 0 1 0 0 0 0 1 0 1 0 1 0 0 0 0 1 0 0 0 1 0 0 0 0 1 0 0 1 1 0 0 0 1 1 0 0 0 0 0 1 0 0 0 0 0 1 0 0 0 0 1 0 1 1 1 0 0 0 1 1 1 1 0 0 0 0 0 1 1 0 0 0 0 0 0 0 1 1 1 1 1 0 1 0 0 1 0 0 0 0 1 0 0 0 1 1 0 0 1 0 0 0 0 1 1 0 1 0 0 1 0 0 0 0 0 0 0 0 1 0 0 0 0 1 0 1 0 1 0 0 1 1 1 0 0 1 0 0 1 1 0 0 0 0 1 1 0 0 1 0 1 0 0 0 0 0 
1 1 1 0 0 0 0 0 0 0 1 1 0 0 0 1 0 1 1 1 0 0 1 1 1 0 1 0 0 0 1 1 1 0 1 0 0 1 0 0 0 0 1 0 1 0 0 0 0 1 0 1 1 0 0 1 0 0 1 0 0 1 1 1 0 1 0 1 0 0 0 1 1 0 0 1 0 0 0 1 1 1 1 0 1 1 1 1 0 1 0 1 1 1 1 0 1 1 1 0 0 0 0 0 0 0 0 0 0 1 0 1 0 1 0 0 0 0 0 1 0 1 1 1 1 1 1 1 0 0 0 0 1 0 0 1 0 0 0 1 1 1 1 1 0 1 0 1 1 1 1 0 0 1 1 1 0 1 0 0 1 0 0 1 0 0 0 0 0 1 0 0 0 0 1 1 1 1 1 1 1 1 1 1 0 1 0 0 1 0 1 1 1 0 0 0 1 0 0 0 
1 1 0 0 1 1 1 0 1 1 1 1 0 1 1 1 0 1 1 1 0 1 1 1 1 0 1 0 0 1 0 1 1 0 1 0 0 1 0 0 0 1 1 0 1 0 0 0 0 1 0 1 1 0 0 1 0 0 1 0 1 1 1 0 0 1 0 1 0 1 1 1 1 0 0 1 0 0 0 1 1 1 1 0 1 1 1 1 1 1 1 1 1 1 1 0 1 0 1 0 0 0 0 0 0 0 0 0 1 1 0 0 0 1 1 1 0 0 0 1 0 1 1 1 0 1 0 1 0 0 0 0 1 0 0 1 0 0 0 0 1 1 1 1 1 1 0 1 1 1 1 0 0 1 1 1 0 1 0 1 1 1 0 1 1 1 0 0 0 0 1 0 0 1 1 1 0 1 1 1 1 1 1 1 0 1 0 0 1 0 1 1 0 0 0 1 1 1 0 1 
1 1 1 1 1 0 1 0 1 1 1 1 0 0 0 1 0 1 1 1 0 0 1 1 1 0 1 0 0 1 1 0 1 0 1 0 0 1 0 0 0 1 1 0 1 0 0 0 0 1 0 1 1 0 0 1 0 0 1 0 0 1 1 1 0 1 0 1 0 1 1 1 1 0 0 1 0 0 0 1 1 1 1 0 1 1 1 1 1 1 0 1 1 1 1 0 1 1 1 0 0 0 0 0 0 0 0 0 1 1 0 1 0 1 0 0 0 0 0 1 0 1 1 1 1 1 1 1 0 0 0 0 1 0 0 1 0 0 1 1 1 1 1 1 1 1 0 1 1 1 1 0 0 1 1 1 0 1 0 1 1 1 0 1 1 1 0 1 0 1 0 0 0 1 1 1 1 1 1 1 1 1 1 1 0 1 0 0 1 0 1 1 1 0 0 1 1 0 0 1 
1 1 1 1 1 0 0 0 0 1 0 1 0 0 0 1 0 1 0 1 0 0 0 1 1 0 1 0 1 1 1 1 0 0 1 0 0 0 1 0 0 0 1 1 1 1 0 0 0 1 1 0 1 0 1 0 0 0 1 1 0 1 1 1 0 0 0 1 0 0 0 1 1 0 0 1 1 1 0 0 1 0 1 1 1 0 1 0 0 1 0 0 1 0 1 0 1 1 1 0 0 0 0 1 1 1 0 0 1 1 0 1 0 1 0 0 0 0 0 1 1 1 1 1 1 0 1 1 0 0 0 0 0 0 1 0 0 0 1 1 1 1 1 1 0 0 0 1 1 1 1 0 0 1 1 0 0 1 0 0 0 0 1 0 0 0 0 1 0 1 0 1 0 0 1 1 1 0 1 1 1 1 1 1 0 0 0 0 1 1 1 1 1 0 0 0 1 0 0 0 
0 0 1 1 1 1 1 1 1 1 0 1 1 0 1 1 1 1 0 0 1 0 0 0 1 1 0 1 0 0 0 0 0 0 1 1 1 0 1 1 1 1 0 0 1 0 1 1 0 0 1 0 1 0 0 0 0 1 1 0 0 0 0 0 1 1 1 0 1 0 1 0 0 1 1 0 0 0 0 1 0 0 1 0 0 1 0 0 0 1 0 0 1 0 0 0 0 1 0 0 1 1 1 0 1 1 1 0 1 0 1 0 1 1 1 1 1 1 1 1 1 0 0 0 0 0 0 0 1 1 1 1 0 1 0 0 1 1 1 0 0 1 0 0 0 0 0 1 1 0 1 1 1 0 0 1 1 0 1 0 0 0 1 0 1 0 1 1 1 1 1 1 1 0 0 1 0 0 0 0 0 1 0 1 1 0 1 1 1 1 0 0 0 1 1 1 0 1 1 0 
1 0 1 1 1 1 1 0 1 1 1 1 1 1 1 1 1 1 1 1 1 1 1 1 1 1 1 1 0 1 1 1 1 1 0 0 1 1 1 1 1 1 1 0 1 1 1 1 0 1 1 0 1 0 1 1 0 1 1 0 0 1 1 1 1 1 1 0 1 0 1 1 1 1 1 1 1 0 0 1 1 1 1 1 1 1 1 0 1 1 1 0 1 1 1 0 1 1 1 0 1 1 1 1 1 1 1 0 1 1 1 0 1 1 1 1 1 1 1 1 1 1 1 1 1 0 1 1 0 1 1 0 1 1 0 1 0 0 1 1 1 1 1 1 1 1 0 1 1 0 1 0 1 1 1 1 1 1 1 1 0 1 1 1 1 1 1 1 1 1 1 1 1 1 1 1 1 1 0 1 1 1 1 1 1 1 0 1 1 1 0 0 0 1 1 1 0 1 1 0 
0 0 1 1 1 0 1 1 1 1 0 1 1 0 0 0 0 0 0 0 1 0 0 0 1 1 0 1 0 0 0 0 0 1 0 0 0 0 1 1 1 0 0 0 0 0 0 1 0 0 1 0 0 0 0 0 0 1 0 0 0 0 0 0 1 0 1 0 1 0 1 0 0 1 1 0 0 0 0 0 0 0 0 1 0 0 0 0 0 0 0 0 0 0 0 0 0 0 0 0 1 1 1 1 1 1 1 0 1 0 0 0 1 1 0 0 0 1 1 0 1 0 0 0 0 0 0 0 1 1 1 1 0 0 0 0 1 1 1 0 0 0 0 0 0 0 0 0 0 0 0 0 1 0 0 0 1 0 0 0 0 0 1 0 1 0 1 1 1 1 0 1 1 0 0 0 0 0 0 0 0 0 0 0 1 0 1 1 0 1 0 0 0 0 1 0 0 0 1 0 
0 0 0 0 1 1 1 0 1 1 1 0 0 1 1 0 1 0 0 0 0 1 1 0 0 1 0 1 0 0 0 0 0 1 1 0 0 0 0 1 1 1 0 0 1 0 1 1 1 0 0 0 0 1 0 0 1 1 1 0 1 0 0 0 0 1 0 0 0 1 1 0 0 1 1 0 0 0 1 1 0 1 0 0 0 1 0 0 1 0 1 0 1 0 0 1 0 0 0 1 1 1 0 0 0 0 1 1 1 0 1 0 0 1 1 1 1 1 1 1 0 0 0 0 0 0 0 0 1 0 1 0 1 1 0 1 1 1 0 0 1 0 0 0 1 0 1 0 0 0 0 1 1 0 0 1 1 0 1 1 0 1 0 0 1 1 1 0 1 0 1 0 1 1 0 0 0 1 0 0 0 1 0 0 1 0 1 0 0 0 0 0 0 1 0 1 0 1 1 0 
1 1 0 0 1 1 1 0 1 1 1 1 0 1 1 1 0 1 1 1 0 1 1 1 1 0 1 0 0 1 1 1 0 0 1 0 0 0 0 0 0 1 1 0 1 0 0 1 0 1 0 1 1 0 0 1 1 0 1 0 1 1 1 0 0 1 0 1 0 1 1 1 0 0 0 1 0 0 1 1 1 1 1 0 1 1 1 1 1 1 1 1 1 1 0 0 0 0 1 0 0 0 0 0 0 0 1 0 1 1 0 0 0 1 1 1 0 0 0 1 0 0 1 1 0 1 0 1 0 0 0 0 1 1 0 1 0 0 0 0 1 1 0 1 1 1 1 1 1 1 1 0 0 1 1 1 0 1 0 1 1 1 0 1 1 1 0 0 0 0 1 0 0 1 0 0 0 1 1 1 1 1 1 1 0 1 0 0 1 0 1 1 0 1 0 1 1 1 0 1 
1 0 1 1 1 0 1 0 1 1 0 1 1 0 0 0 0 1 0 0 1 0 0 0 1 1 0 1 1 0 0 0 1 1 1 1 0 0 0 0 1 0 0 1 1 1 0 0 0 0 1 0 1 0 1 0 0 0 1 1 0 1 0 1 1 0 1 0 1 0 1 1 1 0 1 0 1 1 0 0 0 0 1 1 0 0 0 0 0 1 0 0 1 0 1 0 1 1 1 0 1 1 1 1 1 1 0 0 1 0 0 1 1 1 0 0 0 1 0 1 1 1 1 1 1 0 1 0 0 1 0 0 0 0 1 0 0 0 1 1 0 1 1 0 0 0 0 1 1 0 1 0 1 1 0 0 1 0 0 0 0 0 1 0 1 0 0 1 0 1 0 1 1 0 1 1 1 0 0 1 0 1 0 1 0 0 0 1 1 1 0 0 1 0 1 0 0 0 0 0 
0 0 1 1 1 1 1 1 1 1 1 1 1 1 1 1 1 1 0 0 1 1 1 0 1 1 0 1 0 0 0 0 0 1 1 1 1 0 0 0 1 1 0 0 1 0 1 1 1 0 0 0 1 0 0 0 0 1 1 0 0 0 0 0 1 1 1 0 1 0 1 0 0 1 1 0 0 0 0 1 0 1 1 0 0 1 1 0 1 1 1 0 1 0 0 1 0 0 0 0 1 1 1 0 1 1 1 0 1 1 1 0 1 1 1 1 1 1 1 1 0 0 0 0 0 0 0 0 1 1 1 1 1 1 0 1 1 1 0 0 1 1 0 0 1 0 0 1 0 0 1 1 1 0 0 1 1 0 1 0 0 0 1 0 1 1 1 1 1 1 1 0 1 1 0 0 0 1 0 0 0 1 0 1 1 0 1 1 1 1 0 0 0 1 1 1 0 1 1 0 
0 0 1 1 1 1 1 1 1 1 0 1 1 0 1 0 1 1 0 0 1 0 0 0 1 1 0 1 0 0 0 0 0 1 1 1 1 0 1 1 0 1 0 0 1 1 1 1 0 0 1 0 1 0 1 0 0 1 1 0 0 0 0 0 1 0 1 0 1 0 1 0 0 1 1 0 1 0 0 0 0 0 1 1 0 0 0 0 0 1 0 0 1 0 0 0 0 1 0 0 1 1 1 1 1 1 1 0 1 0 0 0 1 1 1 1 0 1 1 1 1 0 0 0 0 0 0 0 1 1 1 1 0 1 0 0 1 1 1 1 0 1 0 0 0 0 0 1 1 0 1 0 1 0 0 1 1 0 1 0 0 0 1 0 1 0 1 1 1 1 0 1 1 0 0 1 0 0 0 0 0 1 0 1 1 0 1 1 1 1 0 0 0 0 1 0 0 0 1 0 
1 0 1 1 1 1 1 0 1 1 1 1 0 1 1 1 1 1 1 1 0 1 1 1 1 1 1 1 0 0 1 1 0 1 1 0 1 1 0 1 1 0 0 0 1 0 1 1 1 0 0 0 1 0 0 1 1 1 1 0 1 1 1 0 0 1 1 0 1 1 1 1 0 1 1 1 0 0 1 1 1 1 1 0 1 1 1 1 1 1 1 0 1 1 0 1 0 1 1 1 1 1 0 0 1 1 1 0 1 1 1 0 0 1 1 1 1 1 0 1 0 0 1 1 0 0 0 0 0 0 1 0 1 1 0 1 0 0 1 1 1 1 0 1 1 1 1 1 1 0 1 1 1 1 1 1 1 0 1 1 0 1 0 1 1 1 1 1 1 1 1 0 1 1 0 1 0 1 0 1 1 1 0 1 1 1 0 1 1 1 0 0 0 1 1 1 0 1 1 1 
1 1 0 0 0 0 0 0 0 0 1 0 0 0 0 1 0 1 1 1 0 0 1 1 0 0 1 0 0 1 1 1 1 0 1 0 0 1 0 0 0 0 0 0 1 0 0 0 0 1 0 1 1 0 0 1 0 0 1 0 0 1 1 1 0 1 0 1 0 0 0 1 1 0 0 1 0 0 0 1 1 1 1 0 1 1 1 1 0 1 0 1 1 1 1 0 1 0 1 0 0 0 0 0 0 0 0 0 0 1 0 0 0 0 0 0 0 0 0 1 0 1 1 1 0 1 0 1 0 0 0 0 1 0 0 1 0 0 0 1 1 1 1 1 0 1 0 1 1 1 1 0 0 1 1 1 0 1 0 1 1 0 0 1 0 0 0 0 0 0 0 0 0 0 1 1 1 1 1 1 1 1 1 1 0 1 0 0 1 0 1 1 0 0 0 1 1 0 0 1 
0 0 1 1 0 0 0 0 0 0 0 1 0 0 0 0 0 0 0 0 0 0 0 0 1 0 0 0 1 0 0 0 1 0 0 0 0 0 1 0 0 0 0 0 0 1 0 0 0 0 1 0 0 0 1 0 0 0 0 1 0 0 0 1 0 0 0 0 1 0 0 1 1 0 0 0 1 1 0 0 0 0 0 1 0 0 0 0 0 1 0 0 0 0 1 0 1 1 1 0 0 0 1 1 1 1 0 0 0 0 0 1 1 0 0 0 0 0 0 0 1 1 1 1 1 0 1 0 0 1 0 0 0 0 1 0 0 0 1 1 0 0 1 0 0 0 0 1 1 0 0 0 0 1 0 0 0 0 0 0 0 0 1 0 0 0 0 1 0 1 0 1 0 0 1 1 1 0 0 0 0 0 0 1 0 0 0 0 1 1 0 0 1 0 1 0 0 0 0 0 
1 0 1 1 1 1 1 0 1 1 1 1 0 1 1 1 1 1 1 1 0 1 1 1 1 1 1 1 0 1 1 1 1 1 1 0 1 1 1 1 1 1 1 0 0 0 1 1 1 1 0 0 1 0 1 1 0 1 1 0 1 1 1 0 0 1 1 0 1 1 1 1 1 1 1 1 0 0 0 1 1 1 1 0 1 1 1 1 1 1 1 0 1 1 1 0 0 1 1 0 1 1 1 0 1 1 1 0 1 1 1 0 0 1 1 1 1 1 0 1 0 0 1 1 0 0 0 0 0 0 1 0 1 1 0 1 0 0 1 1 1 1 1 1 1 1 0 1 1 0 1 1 1 1 1 1 1 1 1 1 0 1 1 1 1 1 1 1 1 1 1 0 1 1 1 1 0 1 0 1 1 1 0 1 1 1 0 1 1 1 0 0 0 1 1 1 0 1 1 1 
0 0 1 1 1 0 0 0 0 1 0 1 0 0 0 0 0 1 0 0 0 0 0 0 1 0 0 1 1 0 0 0 1 0 1 0 0 0 1 0 1 0 0 1 0 0 0 0 0 0 1 0 1 0 1 0 0 0 0 1 0 0 0 1 1 0 1 0 1 0 1 1 1 0 1 0 1 1 0 0 0 0 1 1 0 0 0 0 0 1 0 0 0 0 1 0 1 1 1 0 0 0 1 1 1 1 0 0 1 0 0 1 1 1 0 0 0 0 0 0 1 1 1 1 1 0 1 0 0 1 0 0 0 0 1 0 0 0 1 1 0 1 1 0 0 0 0 1 1 0 1 0 1 1 0 0 0 0 0 0 0 0 1 0 0 0 0 1 0 1 0 1 1 0 1 1 1 0 0 1 0 1 0 1 0 0 0 0 1 1 0 0 1 0 1 0 0 0 0 0 
0 0 0 0 1 1 1 1 1 1 0 0 1 1 1 0 1 0 0 0 1 1 0 0 0 1 0 1 0 0 0 0 0 1 1 0 1 0 0 1 1 1 0 0 1 0 0 1 1 0 0 0 0 1 0 0 0 1 1 0 0 0 0 0 0 1 0 0 0 0 1 0 0 1 1 0 0 0 1 1 0 0 0 0 0 1 0 0 1 0 1 0 0 0 0 1 0 0 0 1 1 1 0 0 0 0 1 0 1 0 1 0 0 1 1 1 1 1 1 1 0 0 0 0 0 0 0 0 1 0 1 1 0 1 0 0 1 1 0 0 0 0 0 0 1 0 1 0 0 0 0 1 1 0 0 1 1 0 1 0 0 0 0 0 1 1 1 0 1 0 1 0 1 1 0 0 0 0 0 0 0 0 0 0 1 0 1 1 0 0 0 0 0 1 0 1 0 1 1 0 
0 0 1 1 1 1 1 1 1 1 1 1 1 1 1 1 1 1 0 0 1 1 1 0 1 1 0 1 0 0 0 0 0 1 1 1 1 1 0 1 1 1 0 0 1 0 1 0 1 0 0 0 1 0 0 0 0 1 1 0 0 0 0 0 1 1 1 0 1 0 1 0 0 1 1 1 0 0 0 1 0 1 1 0 0 1 1 0 1 1 1 0 1 0 0 1 0 1 0 0 1 1 1 0 1 1 1 0 1 1 1 0 1 1 1 1 1 1 1 1 0 0 0 0 0 0 0 0 1 1 1 1 1 1 0 1 1 1 1 0 1 1 0 0 1 0 0 1 1 0 1 1 1 1 0 1 1 0 1 0 0 0 1 1 1 1 1 1 1 1 1 0 1 1 0 1 0 1 0 0 1 1 0 1 1 0 1 1 1 1 0 0 0 1 1 1 0 1 1 0 
0 0 0 0 0 1 1 0 1 0 0 0 0 1 1 0 1 0 0 0 0 1 0 0 0 1 0 0 0 0 0 0 0 0 0 0 1 0 0 1 0 1 0 0 1 0 1 1 0 0 0 0 0 1 0 0 1 1 0 0 1 0 0 0 0 1 0 0 0 1 0 0 0 1 0 0 0 0 1 1 0 1 0 0 0 1 0 0 1 0 1 0 0 0 0 1 0 0 0 1 0 0 0 0 0 0 1 1 0 0 1 0 0 0 1 1 1 1 0 0 0 0 0 0 0 0 0 0 0 0 1 0 1 1 0 1 0 0 0 0 0 0 0 0 1 0 1 0 0 0 0 1 0 0 0 1 0 0 1 1 0 1 0 0 1 1 1 0 1 0 1 0 0 1 0 0 0 1 0 0 0 0 0 0 1 0 0 0 0 0 0 0 0 1 0 1 0 1 1 0 
1 1 0 0 0 0 0 0 0 0 1 0 0 0 0 1 0 1 1 1 0 0 1 1 0 0 1 0 0 1 1 1 1 0 1 0 0 1 0 0 0 0 1 0 1 0 0 0 0 0 0 1 1 0 0 1 0 0 1 0 0 1 1 1 0 1 0 1 0 1 0 1 1 0 0 1 0 0 0 1 1 1 1 0 1 1 1 1 0 1 0 1 1 1 1 0 1 0 1 0 0 0 0 0 0 0 0 0 0 1 0 0 0 0 0 0 0 0 0 1 0 1 1 1 0 1 0 1 0 0 0 0 1 0 0 1 0 0 0 0 1 1 1 1 1 1 0 1 1 1 1 0 0 1 1 1 0 1 0 1 1 1 0 1 0 1 0 0 0 0 0 0 0 0 1 0 1 1 1 1 1 1 1 1 0 1 0 0 1 0 1 1 0 0 0 1 1 0 0 1 
0 0 1 1 1 0 0 0 0 1 0 1 1 0 0 0 0 1 0 0 1 0 0 0 1 1 0 1 1 0 0 0 1 1 1 1 0 0 1 0 1 0 0 1 0 1 0 0 0 0 0 0 1 0 1 0 0 0 0 1 0 0 0 1 1 0 1 0 1 0 1 1 1 0 1 0 1 1 0 0 0 0 1 1 0 0 0 0 0 1 0 0 0 0 1 0 1 1 1 0 1 1 1 1 1 1 0 0 1 0 0 1 1 1 0 0 0 0 0 0 1 0 1 1 1 0 1 0 0 1 0 0 0 0 1 0 0 0 1 1 0 1 1 0 0 0 0 1 1 0 1 0 1 1 0 0 1 0 0 0 0 0 1 0 1 0 0 1 0 1 0 1 1 0 1 1 1 0 0 0 0 1 0 1 0 0 0 1 1 1 0 0 1 0 1 0 0 0 0 0 
1 1 0 0 0 0 0 0 0 0 1 0 0 0 0 1 0 0 1 1 0 0 1 1 0 0 1 0 0 1 1 1 0 0 0 0 0 1 0 0 0 0 1 0 0 0 0 0 0 1 0 0 1 0 0 1 0 0 0 0 0 1 1 0 0 0 0 1 0 0 0 1 0 0 0 1 0 0 0 1 1 1 0 0 1 0 1 1 0 0 0 1 1 1 0 0 1 0 0 0 0 0 0 0 0 0 0 0 0 1 0 0 0 0 0 0 0 0 0 0 0 1 1 1 0 1 0 1 0 0 0 0 1 0 0 1 0 0 0 0 1 0 0 1 0 1 0 1 0 1 1 0 0 1 1 0 0 1 0 0 1 0 0 1 0 0 0 0 0 0 0 0 0 0 0 0 0 1 1 1 1 0 1 0 0 1 0 0 0 0 1 1 0 0 0 0 1 0 0 1 
1 1 1 1 1 1 1 0 1 1 1 1 0 0 1 1 0 1 1 1 0 0 1 1 1 1 1 1 1 1 1 1 1 1 1 0 0 1 1 1 1 1 1 0 1 1 0 1 0 1 1 1 0 0 1 1 0 1 1 1 0 1 1 1 0 1 0 1 1 0 1 1 1 0 1 1 1 1 0 1 1 1 1 1 1 1 1 1 1 1 0 1 1 1 1 0 1 1 1 0 1 0 1 1 1 1 1 0 1 1 0 1 1 1 1 1 0 1 0 1 1 1 1 1 1 0 1 1 0 1 0 0 1 0 1 1 0 0 1 1 1 1 1 1 1 1 0 1 1 1 1 0 1 1 1 1 1 1 0 1 1 0 1 1 1 1 0 1 0 1 1 1 1 1 1 1 1 1 1 1 1 1 1 1 0 1 0 0 1 1 1 1 1 0 1 1 1 0 0 0 
0 0 0 0 0 1 0 0 0 0 0 0 0 1 1 0 1 0 1 0 0 1 0 0 0 0 0 0 0 0 0 0 0 0 0 0 1 0 0 0 0 0 0 0 0 0 1 0 1 0 0 0 0 0 0 0 1 0 0 0 1 0 0 0 0 1 0 0 0 1 0 0 0 0 0 0 0 0 1 0 0 1 0 0 0 1 0 0 1 0 1 0 0 0 0 1 0 0 0 1 0 0 0 0 0 0 0 1 0 0 1 0 0 0 1 1 1 0 0 0 0 0 0 0 0 0 0 0 0 0 0 0 1 1 0 0 0 0 0 0 0 0 0 0 1 0 1 0 0 0 0 1 0 0 0 0 0 0 1 1 0 1 0 0 0 1 0 0 0 0 1 0 0 1 0 0 0 1 0 0 0 0 0 0 0 0 0 0 0 0 0 0 0 1 0 1 0 1 0 1 
1 0 1 1 1 0 0 0 0 1 0 1 0 0 0 0 0 1 0 1 0 0 0 0 1 0 0 1 1 0 0 0 1 0 1 0 0 0 1 0 1 0 0 1 1 1 0 0 0 0 1 0 1 0 0 0 0 0 1 1 0 1 0 1 1 0 1 0 1 0 1 1 1 0 1 0 1 1 0 0 0 0 1 1 0 0 0 0 0 1 0 0 0 0 1 0 1 1 1 0 1 0 1 1 1 1 0 0 1 0 0 1 1 1 0 0 0 0 0 0 1 1 1 1 1 0 1 0 0 1 0 0 0 0 1 0 0 0 1 1 0 1 1 0 0 0 0 1 1 0 1 0 1 1 0 0 0 0 0 0 0 0 1 0 1 0 0 1 0 1 0 1 1 0 1 1 1 0 0 1 1 1 1 1 0 0 0 1 1 1 0 0 1 0 1 0 0 0 0 0 
1 1 0 0 0 1 0 0 1 0 1 0 0 1 1 1 0 1 1 1 0 0 1 1 0 0 1 0 0 1 1 1 0 0 1 0 0 1 0 0 0 1 1 0 1 0 0 0 0 1 0 1 1 0 0 0 1 0 1 0 1 1 1 0 0 1 0 1 0 1 0 1 0 0 0 1 0 0 0 1 1 1 1 0 1 1 1 1 1 0 1 1 1 1 0 0 0 0 1 0 0 0 0 0 0 0 0 0 1 1 0 0 0 1 1 1 0 0 0 1 0 1 1 1 0 1 0 1 0 0 0 0 1 0 0 1 0 0 0 0 1 1 0 1 1 1 0 1 1 1 1 0 0 1 1 1 0 1 0 1 1 1 0 1 1 1 0 0 0 0 1 0 0 1 1 0 0 1 1 1 1 1 1 1 0 1 0 0 1 0 1 1 0 0 0 1 1 0 0 1 
0 0 0 0 0 1 0 0 0 0 1 0 0 1 1 0 1 0 1 0 0 1 1 0 0 0 0 0 0 0 0 0 0 0 0 0 1 1 0 0 0 1 0 0 0 0 0 0 1 0 0 0 0 1 0 1 0 0 0 0 1 0 0 0 0 1 0 0 0 1 0 0 0 0 0 0 0 0 1 1 0 1 0 0 0 1 0 0 1 0 1 0 0 1 0 1 0 0 0 1 0 0 0 0 0 0 0 1 0 0 1 0 0 0 1 1 1 0 0 0 0 0 0 0 0 0 0 0 0 0 0 0 1 1 0 1 0 0 0 0 1 0 0 0 1 0 1 0 0 0 0 1 0 0 0 1 0 0 1 1 0 1 0 1 0 1 0 0 0 0 1 0 0 1 0 0 0 1 0 0 0 0 0 0 0 1 0 0 0 0 0 0 0 1 0 1 0 1 0 1 
0 0 1 1 1 1 1 1 1 1 0 1 1 0 1 1 1 1 0 0 1 1 0 0 1 1 0 1 0 0 0 0 0 1 1 1 1 0 0 1 1 1 0 0 1 0 1 1 1 0 0 0 1 0 0 0 0 0 1 0 0 0 0 0 1 1 1 0 1 0 1 0 0 1 1 0 0 0 0 1 0 1 1 0 0 1 0 0 1 1 1 0 1 0 0 1 0 0 0 0 1 1 1 0 1 1 1 0 1 0 1 0 0 1 1 1 1 1 1 1 0 0 0 0 0 0 0 0 1 1 1 1 0 1 0 1 1 1 0 0 1 1 0 0 1 0 0 0 0 0 0 1 1 0 0 1 1 0 1 0 0 0 1 0 1 1 1 1 1 0 1 0 1 1 0 0 0 0 0 0 0 1 0 0 1 0 1 1 1 1 0 0 0 1 1 1 0 1 1 0 
1 1 1 1 1 1 1 0 1 1 1 1 0 1 1 1 1 1 1 1 0 1 1 1 1 1 1 1 0 1 1 1 1 1 1 0 1 1 1 1 1 1 1 0 1 0 1 1 0 1 0 0 1 0 1 1 0 1 0 0 0 1 1 1 0 1 1 1 1 1 1 1 1 1 1 1 1 0 0 1 1 1 1 0 1 1 1 1 1 1 1 0 1 1 1 0 1 1 1 0 1 1 1 0 1 1 1 0 1 1 1 0 0 1 1 1 1 1 0 1 1 1 1 1 0 0 0 1 0 1 1 0 1 1 0 1 0 0 1 1 1 1 1 1 1 1 0 1 1 0 1 0 1 1 1 1 1 1 1 1 1 1 1 1 1 1 1 1 1 1 1 1 1 1 1 1 1 1 0 1 1 1 1 1 1 1 0 1 1 1 1 1 0 1 1 1 1 1 1 1 
0 0 1 1 1 0 0 0 0 0 0 1 0 0 0 0 0 1 0 0 0 0 0 0 1 0 0 0 1 0 0 0 1 0 0 0 0 0 1 0 0 0 0 1 0 1 0 0 0 0 1 0 1 0 1 0 0 0 0 0 0 0 0 1 1 0 1 0 1 0 1 1 1 0 1 0 1 1 0 0 0 0 0 1 0 0 0 0 0 1 0 0 0 0 1 0 1 1 1 0 0 0 1 1 1 1 0 0 0 0 0 1 1 1 0 0 0 0 0 0 1 1 1 1 1 0 1 0 0 1 0 0 0 0 1 0 0 0 1 1 0 1 1 0 0 0 0 1 1 0 1 0 0 1 0 0 0 0 0 0 0 0 1 0 0 0 0 1 0 1 0 1 1 0 1 1 1 0 0 0 0 1 0 1 0 0 0 0 1 1 0 0 1 0 1 0 0 0 0 0 
0 0 0 0 0 1 0 0 0 0 1 0 0 1 1 1 1 0 1 0 0 1 1 0 0 0 0 0 0 0 1 0 0 0 0 0 1 1 0 0 0 1 0 0 1 0 0 0 1 0 0 0 0 1 0 1 1 0 0 0 0 0 0 0 0 1 0 0 0 1 0 0 0 0 0 1 0 0 1 1 0 1 0 0 1 1 1 1 1 0 1 0 1 1 0 1 0 0 0 1 0 0 0 0 0 0 0 1 0 1 1 0 0 0 1 1 1 0 0 1 0 0 0 0 0 0 0 0 0 0 0 0 1 1 0 1 0 0 0 0 1 0 0 1 1 1 1 0 0 0 0 1 0 0 1 1 0 0 0 1 1 1 0 1 0 1 0 0 0 0 1 0 0 1 0 0 0 1 0 0 0 0 0 0 0 1 0 0 0 0 0 0 0 1 0 1 0 1 0 1 
1 1 1 1 1 1 1 0 1 1 1 1 0 0 0 1 0 1 1 1 0 0 1 1 1 0 1 0 0 1 1 1 1 0 1 0 0 1 1 0 0 1 1 0 1 0 0 0 0 1 0 1 1 0 1 1 0 0 1 0 0 0 1 1 0 1 0 1 0 0 1 1 1 0 0 1 1 1 0 1 1 1 1 0 1 1 1 1 1 1 0 1 1 1 1 0 1 1 1 0 0 0 0 0 0 1 0 0 1 1 0 1 0 1 1 1 0 0 0 1 0 1 1 1 1 1 1 1 0 0 0 0 1 0 0 1 0 0 1 1 1 1 1 1 1 1 0 1 1 1 1 0 0 1 1 1 0 1 0 1 1 1 0 1 1 1 0 1 0 1 0 0 0 1 1 1 1 1 1 1 1 1 1 1 0 1 0 0 1 0 1 1 1 0 0 1 1 0 0 1 
1 1 0 0 0 0 0 0 0 0 1 1 0 0 0 1 0 1 1 1 0 0 1 1 1 0 1 0 0 1 1 1 1 0 1 0 0 1 0 0 0 1 1 0 1 0 0 0 0 1 0 1 1 0 0 1 0 0 1 0 0 1 0 1 0 1 0 1 0 1 0 1 1 0 0 1 0 0 0 1 1 1 1 0 1 1 1 1 1 1 0 1 1 1 1 0 1 0 1 0 0 0 0 0 0 0 0 0 0 1 0 0 0 1 0 0 0 0 0 1 0 1 1 1 0 1 0 1 0 0 0 0 1 0 0 1 0 0 0 1 1 1 1 1 1 1 0 1 1 1 1 0 0 1 1 1 0 1 0 1 1 1 0 1 0 1 0 0 0 0 0 0 0 1 1 1 1 1 1 1 1 1 1 1 0 1 0 0 1 0 1 1 0 0 0 1 1 0 0 1 
1 1 1 1 1 0 0 0 0 0 0 1 0 0 0 1 0 1 0 1 0 0 0 1 1 0 1 0 1 1 0 1 1 0 1 0 0 0 1 0 0 0 1 1 0 1 0 0 0 1 1 0 1 0 1 0 0 0 1 1 0 1 1 0 0 0 0 1 0 0 0 1 1 0 0 1 1 1 0 0 1 0 1 1 0 0 1 0 0 1 0 0 1 0 1 0 1 1 1 0 0 0 0 1 1 1 0 0 0 1 0 1 1 1 0 0 0 0 0 1 1 1 1 1 1 0 1 1 0 0 0 0 0 0 1 0 0 0 1 1 0 1 1 1 0 0 0 1 1 1 1 0 0 1 0 0 0 1 0 0 0 0 1 0 0 0 0 1 0 1 0 1 0 0 1 1 1 0 1 1 1 1 1 1 0 0 0 0 1 1 1 1 1 0 0 0 1 0 0 0 
0 0 1 1 1 0 1 1 1 1 0 1 1 0 0 0 0 0 0 0 1 0 0 0 1 1 0 1 0 0 0 0 0 1 1 1 0 0 1 1 1 0 0 0 0 1 0 1 0 0 1 0 0 0 1 0 0 1 0 1 0 0 0 0 0 0 1 0 1 0 1 0 0 1 1 0 1 0 0 0 0 0 0 1 0 0 0 0 0 1 0 0 0 0 0 0 0 1 0 0 1 1 1 1 1 1 1 0 1 0 0 0 1 1 0 0 0 1 1 0 1 0 0 0 0 0 0 0 1 1 1 1 0 0 0 0 1 1 1 0 0 0 0 0 0 0 0 0 0 0 0 0 1 0 0 0 1 0 0 0 0 0 1 0 1 0 1 1 1 1 0 1 1 0 0 0 0 0 0 0 0 0 0 0 1 0 1 1 1 1 0 0 0 0 1 0 0 0 1 0 
1 1 1 0 1 1 1 0 1 1 1 1 0 1 1 1 1 1 1 1 0 1 1 1 1 1 1 1 0 1 1 1 0 1 1 0 1 1 0 1 0 1 1 0 1 0 1 1 1 1 0 0 1 1 0 1 1 1 1 0 1 1 1 0 0 0 0 0 0 1 1 1 0 1 1 1 0 0 1 1 1 1 1 0 1 1 1 1 1 1 1 1 1 1 0 1 0 0 0 1 0 0 0 0 0 1 1 1 1 1 1 0 0 1 1 1 1 1 0 1 0 0 1 1 0 1 0 0 0 0 1 0 1 1 0 1 0 0 0 0 1 1 0 1 1 1 1 1 1 0 1 1 0 1 1 1 1 1 1 1 1 1 0 1 1 1 1 1 0 0 1 0 1 1 0 1 0 1 0 1 1 1 0 1 1 1 0 0 1 0 1 1 0 1 0 1 0 1 1 1 
0 0 1 1 1 1 1 1 1 1 0 1 1 0 0 0 0 1 0 0 1 0 0 0 1 1 0 1 0 0 0 0 0 1 1 1 0 0 1 1 1 1 0 0 1 1 0 1 0 0 1 0 0 0 1 0 0 1 1 1 0 0 0 0 1 0 0 0 1 0 1 0 0 1 1 0 1 0 0 0 0 0 1 1 0 0 0 0 0 1 0 0 0 0 0 0 0 1 0 0 1 1 1 1 1 1 1 0 1 0 0 0 1 1 0 1 0 1 1 0 1 0 0 0 0 0 0 0 1 1 1 1 0 0 1 0 1 1 1 1 0 1 0 0 0 0 0 0 1 0 0 0 1 0 0 0 1 0 0 0 0 0 1 0 1 0 1 1 1 1 0 1 1 0 0 1 0 0 0 0 0 1 0 1 1 0 1 1 1 1 0 0 0 0 1 0 0 0 1 0 
1 1 0 0 0 0 0 0 0 0 1 1 0 0 0 1 0 1 0 1 0 0 1 1 1 0 1 0 0 1 1 1 1 0 0 0 0 1 0 0 0 0 1 0 0 0 0 0 0 1 0 1 1 0 0 1 0 0 1 0 0 1 1 1 0 0 0 0 0 0 0 1 1 0 0 1 0 0 0 0 1 1 1 0 1 0 1 1 0 1 0 1 1 1 1 0 1 0 1 0 0 0 0 0 0 0 0 0 0 1 0 1 0 0 0 0 0 0 0 1 0 1 1 1 1 1 1 1 0 0 0 0 0 0 0 1 0 0 0 1 1 1 1 1 0 1 0 1 1 1 1 0 0 1 1 0 0 1 0 0 1 0 0 1 0 0 0 0 0 0 0 0 0 0 1 1 1 0 1 1 1 1 1 1 0 1 0 0 1 0 1 1 1 0 0 0 1 0 0 0 
0 0 1 1 1 1 1 1 1 1 0 1 1 0 0 0 0 1 0 0 1 0 0 0 1 1 0 1 1 0 0 0 0 1 1 1 0 0 1 1 1 1 0 1 1 1 0 1 0 0 1 0 1 0 1 0 0 1 1 1 0 0 0 0 1 0 1 0 0 0 1 0 1 1 1 0 1 0 0 0 0 0 1 1 0 0 0 0 0 1 0 0 1 0 1 0 0 1 1 0 1 1 1 1 1 1 1 0 1 0 0 0 1 1 0 1 0 1 1 1 1 0 0 1 1 0 1 0 1 1 1 1 0 0 1 0 1 1 1 1 0 1 1 0 0 0 0 1 1 0 1 0 1 1 0 1 1 0 0 0 0 0 1 0 1 0 1 1 1 1 0 1 1 0 0 1 0 0 0 0 0 1 0 1 1 0 1 1 1 1 0 0 0 0 1 0 0 0 1 0 
0 0 0 0 0 1 0 0 0 0 1 0 0 1 1 1 1 0 1 1 0 1 1 0 0 0 1 0 0 0 1 1 0 0 0 0 1 1 0 0 0 1 0 0 1 0 0 0 1 1 0 0 0 1 0 1 1 0 1 0 1 0 1 0 0 1 0 0 0 0 0 0 0 0 0 1 0 0 1 1 1 1 1 0 1 1 1 1 1 0 1 1 1 1 0 1 0 0 0 1 0 0 0 0 0 0 0 1 0 1 1 0 0 0 1 1 1 0 0 1 0 0 0 0 0 1 0 0 0 0 0 0 1 1 0 1 0 0 0 0 1 0 0 1 1 1 1 0 0 0 0 1 0 0 1 1 0 0 0 1 1 1 0 1 0 1 0 0 0 0 1 0 0 1 0 0 0 1 0 0 1 0 0 0 0 1 0 0 0 0 0 0 0 1 0 1 0 1 0 1 
1 0 1 1 1 1 1 1 1 1 1 1 1 0 1 1 1 1 0 1 1 0 1 0 1 1 1 1 0 0 1 1 0 1 1 1 1 1 1 1 1 1 0 0 1 1 1 1 0 0 1 0 1 0 1 0 0 1 1 1 0 1 0 0 1 1 1 0 1 0 0 1 1 1 1 1 1 0 0 1 0 1 1 1 0 1 1 0 1 1 1 0 1 0 1 0 0 1 1 0 1 1 1 1 1 1 1 0 1 1 1 0 1 1 1 1 1 1 1 1 1 0 1 1 0 0 0 0 1 1 1 1 1 1 0 1 1 1 1 1 1 1 1 1 1 0 0 1 1 0 1 0 1 1 0 1 1 0 1 0 0 0 1 1 1 1 1 1 1 1 1 1 1 1 1 1 0 1 0 1 1 1 0 1 1 0 1 1 1 1 0 0 0 1 1 1 0 1 1 0 
1 1 1 1 1 0 1 0 1 1 1 1 0 0 0 1 0 1 0 1 0 0 1 1 1 0 1 0 1 1 1 1 1 0 1 0 0 1 1 0 0 1 1 1 1 1 0 0 0 1 1 1 1 0 1 1 0 0 1 1 0 1 1 1 0 1 0 1 0 0 1 0 1 0 1 1 1 1 0 1 1 1 1 1 1 1 1 1 0 1 0 1 1 1 1 0 1 1 1 0 0 0 0 1 1 1 0 0 1 1 0 1 0 1 0 0 0 0 0 1 1 1 1 1 1 1 1 1 0 0 0 0 1 0 1 1 0 0 1 1 1 1 1 1 0 1 0 1 1 1 1 0 0 1 1 1 0 1 0 0 1 0 1 1 1 0 0 1 0 1 0 1 0 0 1 1 1 1 1 1 1 1 1 1 0 1 0 0 1 0 1 1 1 0 0 1 1 0 0 0 
1 1 1 1 1 0 0 0 0 1 0 1 0 0 0 1 0 1 0 1 0 0 0 1 1 0 1 0 1 1 1 1 1 0 1 0 0 0 1 0 0 0 1 1 1 1 0 0 0 1 1 0 1 0 1 0 0 0 1 1 0 1 1 1 0 0 0 1 1 0 1 1 0 0 1 1 1 1 0 0 1 0 1 1 0 0 1 0 0 1 0 0 1 0 1 0 1 1 1 0 0 0 1 1 1 1 0 0 1 1 0 1 1 1 0 0 0 0 0 1 1 1 1 1 1 0 1 1 0 1 0 0 0 0 1 0 0 0 1 1 1 1 1 1 0 0 0 1 1 1 1 0 0 1 0 0 0 1 0 0 0 0 1 0 1 0 0 1 0 1 0 1 0 0 1 1 1 0 1 1 1 1 1 1 0 0 0 0 1 1 1 1 1 0 1 0 1 0 0 0 
0 0 1 1 1 1 1 1 1 1 0 1 1 0 1 0 1 1 0 0 1 0 0 0 1 1 0 1 0 0 0 0 0 1 1 1 1 0 0 1 1 1 0 0 1 0 1 1 1 0 0 0 0 0 0 0 0 1 1 0 0 0 0 0 1 1 1 0 1 0 1 0 0 0 1 0 0 0 0 1 0 0 1 0 0 1 0 0 0 1 1 0 1 0 0 0 0 0 0 0 1 1 1 0 1 1 1 0 1 0 1 0 1 1 1 1 1 1 1 1 0 0 0 0 0 0 0 0 1 1 1 1 0 1 0 0 1 1 0 0 0 1 0 0 0 0 0 0 0 0 0 1 1 0 0 1 1 0 1 0 0 0 1 0 1 0 1 1 1 1 1 0 1 0 0 0 0 0 0 0 0 1 0 0 1 0 1 1 1 1 0 0 0 1 1 1 0 1 1 0 
0 0 1 1 1 1 1 1 1 1 0 1 1 0 1 1 0 1 0 0 1 0 0 0 1 1 0 1 0 0 0 0 0 1 1 1 1 0 1 1 1 1 0 0 1 1 1 1 0 0 1 0 1 0 1 0 0 1 1 1 0 0 0 0 1 1 1 0 1 0 1 1 1 1 0 1 1 0 0 1 0 0 1 1 0 1 0 0 0 1 0 0 1 0 1 0 0 1 1 0 1 1 1 1 1 1 1 0 1 0 0 0 1 1 1 1 0 1 1 1 1 0 0 1 0 0 0 0 1 1 1 1 0 1 1 0 1 1 1 1 1 1 0 0 0 0 0 1 1 0 1 0 1 1 0 1 1 0 1 0 0 0 1 0 1 0 1 1 1 1 0 1 1 0 0 1 0 0 0 0 1 1 0 1 1 0 1 1 1 1 0 0 0 0 1 1 0 0 1 0 
1 1 1 1 1 1 1 0 1 1 1 1 0 1 1 1 0 1 1 1 0 0 1 1 1 0 1 0 0 1 1 1 1 0 1 0 0 1 0 0 0 1 1 0 1 0 0 1 0 1 0 1 1 0 0 1 0 0 1 0 1 1 1 1 0 1 0 1 0 1 1 1 1 0 1 0 0 0 0 1 1 1 1 0 1 1 1 1 1 1 1 1 1 1 1 0 1 1 1 0 0 0 0 0 0 1 1 0 1 1 0 0 0 1 1 1 0 0 0 1 0 1 1 1 0 1 0 1 0 0 0 0 1 1 0 1 0 0 1 1 1 1 1 1 1 1 0 1 1 1 1 0 0 1 1 1 0 1 0 1 1 1 0 1 1 1 0 1 0 1 1 0 1 1 1 1 1 1 1 1 1 1 1 1 0 1 0 0 1 0 1 1 0 0 0 1 1 0 0 1 
1 0 1 1 1 0 0 0 0 1 0 1 0 0 0 0 0 1 0 1 0 0 0 0 1 0 0 1 1 0 0 0 1 0 1 0 0 0 1 0 1 0 0 1 0 1 0 0 0 0 1 0 1 0 1 0 0 0 1 1 0 1 0 1 1 0 1 0 1 0 1 1 1 0 1 0 0 1 0 0 0 0 1 1 0 0 0 0 0 1 0 0 0 0 1 0 1 1 1 0 1 0 1 1 1 1 0 0 1 0 0 1 1 1 0 0 0 0 0 0 1 1 1 1 1 0 1 0 0 1 0 0 0 0 1 0 0 0 1 1 0 1 1 0 0 0 0 1 1 0 1 0 1 1 0 0 0 0 0 0 0 0 1 0 1 0 0 1 0 1 0 1 1 0 1 1 1 0 0 1 1 1 1 1 0 0 0 1 1 1 0 0 1 0 1 0 0 0 0 0 
1 0 1 1 0 0 0 0 0 0 0 1 0 0 0 0 0 0 0 1 0 0 0 1 1 0 0 0 1 0 0 0 1 0 0 0 0 0 1 0 0 0 0 1 0 1 0 0 0 0 1 0 1 0 1 0 0 0 0 1 0 1 0 1 0 0 0 0 0 0 0 1 1 0 0 0 1 0 0 0 0 0 1 1 0 0 0 0 0 1 0 0 0 0 1 0 1 1 1 0 0 0 0 1 1 1 0 0 0 0 0 1 1 0 0 0 0 0 0 0 1 1 1 1 1 0 1 1 0 0 0 0 0 0 1 0 0 0 1 1 0 1 1 0 0 0 0 1 1 0 1 0 0 1 0 0 0 0 0 0 0 0 1 0 0 0 0 1 0 1 0 1 0 0 1 1 1 0 0 1 0 0 1 1 0 0 0 0 1 1 0 0 1 0 0 0 0 0 0 0 
0 0 0 0 0 1 0 0 0 0 1 0 0 1 1 0 1 0 1 0 0 1 1 0 0 0 0 0 0 0 0 0 0 0 0 0 1 1 0 0 0 1 0 0 0 0 1 0 1 0 0 0 0 1 0 0 1 0 0 0 1 0 0 0 0 1 0 0 0 1 0 0 0 0 0 0 0 0 0 1 0 1 0 0 0 1 0 0 1 0 1 0 0 1 0 1 0 0 0 1 0 0 0 0 0 0 1 1 0 0 1 0 0 0 1 1 1 0 0 0 0 0 0 0 0 0 0 0 0 0 0 0 1 1 0 1 0 0 0 0 1 0 0 0 1 0 1 0 0 0 0 1 0 0 0 1 0 0 1 1 0 1 0 0 0 1 0 0 0 0 1 0 0 1 0 0 0 1 0 0 0 0 0 0 0 0 0 0 0 0 0 0 0 1 0 1 0 1 0 1 
1 1 1 0 1 1 1 0 1 1 1 1 0 1 1 1 1 1 1 1 0 1 1 1 1 1 1 1 0 1 1 1 0 1 1 0 1 1 0 1 0 1 1 0 1 0 1 1 1 1 0 1 1 0 0 1 1 1 1 0 1 1 1 0 0 1 0 0 0 1 1 1 0 1 1 1 0 0 1 0 1 1 1 0 1 1 1 1 1 1 1 1 1 1 0 1 0 0 0 1 0 0 0 0 0 0 1 1 1 1 1 0 0 1 1 1 1 1 0 1 0 0 1 1 0 1 0 0 0 0 0 0 1 1 0 1 0 0 0 0 1 1 0 1 1 1 1 1 1 0 1 1 0 1 1 1 1 1 1 1 1 1 0 1 1 1 1 1 0 0 1 0 1 1 0 1 0 1 0 1 1 1 0 1 0 1 0 0 1 0 1 1 0 1 0 1 1 1 1 1 
1 1 0 0 0 0 0 0 0 0 1 0 0 0 0 1 0 1 1 1 0 0 1 1 0 0 1 0 0 1 1 1 1 0 1 0 0 1 0 0 0 1 1 0 1 0 0 0 0 1 0 1 1 0 0 1 0 0 1 0 0 1 1 1 0 1 0 1 0 1 0 1 1 0 0 1 0 0 0 1 0 1 1 0 1 1 1 1 0 1 0 1 1 1 1 0 1 0 1 0 0 0 0 0 0 0 0 0 0 1 0 0 0 0 0 0 0 0 0 1 0 1 1 1 0 1 0 1 0 0 0 0 1 0 0 1 0 0 0 0 1 1 1 1 1 1 0 1 1 1 1 0 0 1 1 1 0 1 0 1 1 1 0 1 0 1 0 0 0 0 0 0 0 0 1 0 1 1 1 1 1 1 1 1 0 1 0 0 1 0 1 1 0 0 0 1 1 0 0 1 
1 1 0 0 1 1 1 0 1 1 1 0 0 1 1 1 1 1 1 1 0 1 1 1 1 0 1 0 0 1 1 1 0 0 1 0 1 1 0 1 0 1 1 0 1 0 0 1 1 1 0 1 1 1 0 1 1 1 1 0 1 1 1 0 0 1 0 1 0 1 1 1 0 0 0 1 0 0 1 1 1 0 1 0 1 1 1 1 1 1 1 1 1 1 0 1 0 0 0 1 0 0 0 0 0 0 1 1 1 1 1 0 0 1 1 1 1 0 0 1 0 0 1 1 0 1 0 0 0 0 0 0 1 1 0 1 0 0 0 0 1 1 0 1 1 1 1 1 1 0 1 1 0 1 1 1 0 1 0 1 1 1 0 1 1 1 0 0 0 0 1 0 0 1 0 0 0 1 1 1 1 1 0 1 0 1 0 0 1 0 1 1 0 1 0 1 1 1 0 1 
1 1 1 1 1 1 1 0 1 1 1 1 0 0 1 1 0 1 1 1 0 0 1 1 1 1 1 1 0 1 1 1 1 1 1 0 0 1 1 1 1 1 1 0 1 1 0 1 0 1 1 0 1 0 1 1 0 1 1 0 0 1 1 1 0 1 1 1 1 1 1 1 1 1 1 1 1 1 0 1 1 1 0 1 1 1 1 1 1 1 1 1 1 1 1 0 1 1 1 0 1 0 1 1 1 1 1 0 1 1 0 1 1 1 1 1 0 1 0 1 1 1 1 1 1 0 1 1 0 0 0 0 1 1 0 1 0 0 1 1 1 1 1 1 1 1 0 1 1 1 1 0 1 1 1 1 1 1 0 1 1 1 1 1 1 1 0 1 1 1 1 1 1 1 1 1 1 1 1 1 1 1 1 1 0 1 0 0 1 1 1 1 1 0 1 1 1 1 1 1 
0 0 1 1 1 0 0 0 0 1 0 1 0 0 0 0 0 1 0 0 0 0 0 0 1 0 0 1 1 0 0 0 1 0 1 1 0 0 1 0 1 0 0 1 0 1 0 0 0 0 1 0 1 0 1 0 0 0 0 1 0 0 0 1 1 0 1 0 1 0 1 1 1 0 1 0 1 1 0 0 0 0 1 0 0 0 0 0 0 1 0 0 0 0 1 0 1 1 1 0 1 0 1 1 1 1 0 0 1 0 0 1 1 1 0 0 0 0 0 0 1 1 1 1 1 0 1 0 0 1 0 0 0 0 1 0 0 0 1 1 0 1 1 0 0 0 0 1 1 0 1 0 1 1 0 0 0 0 0 0 0 0 1 0 0 0 0 1 0 1 0 1 1 0 1 1 1 0 0 0 0 1 0 1 0 0 0 1 1 1 0 0 1 0 1 0 0 0 0 0 
1 1 0 0 0 0 0 0 0 0 1 0 0 0 0 1 0 1 1 1 0 0 1 1 0 0 1 0 0 1 1 1 1 0 1 0 0 1 0 0 0 1 1 0 1 0 0 0 0 1 0 1 1 0 0 1 0 0 1 0 1 1 1 0 0 1 0 1 0 1 0 1 0 0 0 1 0 0 0 1 1 1 1 0 0 1 1 1 1 0 0 1 1 1 1 0 1 0 1 0 0 0 0 0 0 0 0 0 0 1 0 0 0 0 0 0 0 0 0 1 0 1 1 1 0 1 0 1 0 0 0 0 1 0 0 1 0 0 0 0 1 1 1 1 1 1 0 1 1 1 1 0 0 1 1 1 0 1 0 1 1 1 0 1 0 1 0 0 0 0 0 0 0 1 1 0 0 1 1 1 1 1 1 1 0 1 0 0 1 0 1 1 0 0 0 1 1 0 0 1 
1 0 0 0 1 1 1 0 1 1 1 1 0 1 1 1 1 1 1 1 0 1 1 1 1 1 1 1 0 1 1 1 0 1 1 0 1 1 0 1 0 1 1 0 1 0 1 1 1 1 0 0 1 1 0 1 1 1 1 0 1 1 1 0 0 1 0 0 0 1 1 1 0 1 1 1 0 0 1 1 1 1 1 0 1 0 1 1 1 1 1 1 1 1 0 1 0 0 0 1 0 0 0 0 0 0 1 1 1 1 1 0 0 1 1 1 1 1 0 1 0 0 0 0 0 0 0 0 0 0 1 0 1 1 0 1 0 0 0 0 1 1 0 1 1 1 1 1 1 0 1 1 0 1 1 1 1 1 1 1 1 1 0 1 1 1 1 0 0 0 1 0 1 1 0 0 0 1 0 1 1 1 0 1 1 1 0 0 1 0 0 0 0 1 0 1 0 1 1 1 
1 1 1 0 1 1 1 0 1 1 1 1 0 1 1 1 0 1 1 1 0 1 1 1 1 0 1 0 0 1 1 1 1 0 1 0 0 1 0 1 0 1 1 0 1 0 0 1 0 1 0 1 1 0 0 1 0 0 1 0 1 1 1 1 0 1 0 1 0 1 1 1 1 0 0 1 0 0 0 1 1 1 1 0 1 1 0 1 1 1 1 1 1 1 1 0 1 1 1 0 0 0 0 0 0 1 1 0 1 1 0 0 0 1 1 1 0 0 0 1 0 1 1 1 0 1 0 1 0 0 0 0 1 1 0 1 0 0 0 1 1 1 1 1 1 1 0 1 1 1 1 0 0 1 1 1 0 1 0 1 1 1 0 1 1 1 0 1 0 1 1 0 0 1 1 1 0 1 1 1 1 1 1 1 0 1 0 0 1 0 1 1 0 1 0 1 1 1 0 1 
1 1 0 0 0 0 0 0 0 0 1 0 0 1 0 1 0 1 1 1 0 0 1 1 0 0 1 0 0 1 1 1 0 0 0 0 0 1 0 0 0 1 1 0 1 0 0 0 0 1 0 1 1 0 0 1 0 0 1 0 1 1 1 0 0 1 0 1 0 1 0 1 0 0 0 1 0 0 0 1 1 1 1 0 1 1 1 0 1 0 0 1 1 1 0 0 0 0 0 0 0 0 0 0 0 0 0 0 0 1 0 0 0 0 0 0 0 0 0 1 0 1 1 1 0 1 0 1 0 0 0 0 1 0 0 1 0 0 0 0 1 1 0 1 1 1 0 1 1 1 1 0 0 1 1 1 0 1 0 1 1 1 0 1 0 1 0 0 0 0 0 0 0 1 0 0 0 1 1 1 1 1 1 0 0 1 0 0 0 0 1 1 0 0 0 1 1 0 0 1 
0 0 0 0 1 1 1 0 1 1 1 0 0 1 1 1 1 1 1 1 0 1 1 0 0 0 1 0 0 0 1 1 0 0 1 0 1 1 0 1 0 1 0 0 1 0 1 1 1 0 0 0 1 1 0 1 1 1 1 0 1 1 1 0 0 1 0 0 0 1 1 0 0 0 0 1 0 0 1 1 0 1 1 0 1 1 1 1 0 0 1 0 1 1 0 1 0 0 0 1 0 0 0 0 0 0 1 1 1 1 1 0 0 1 1 1 1 0 0 1 0 0 0 0 0 0 0 0 0 0 0 0 1 1 0 1 0 0 0 0 1 1 0 1 1 1 1 0 0 0 0 1 0 0 1 1 0 0 1 1 1 1 0 1 1 1 1 0 0 0 1 0 0 1 0 0 0 1 0 0 1 1 0 0 0 1 0 0 0 0 0 0 0 1 0 1 0 1 1 1 
1 0 1 1 1 1 1 0 1 1 1 1 1 0 0 1 0 1 0 1 0 0 1 1 1 1 1 1 1 1 1 1 1 1 1 0 0 1 1 1 1 1 1 1 1 1 0 1 0 1 1 0 1 0 1 0 0 1 1 1 0 1 1 1 1 1 1 1 1 0 1 1 1 1 1 1 1 1 0 1 1 1 1 1 0 1 1 0 0 0 0 0 1 0 1 0 1 1 1 0 1 1 1 1 1 1 1 0 1 1 0 1 1 1 0 1 0 1 0 1 1 1 1 1 1 0 1 1 0 1 0 0 0 0 1 1 0 0 1 1 1 1 1 1 0 0 0 1 1 0 1 0 1 1 0 1 1 1 0 0 0 0 1 1 1 0 0 1 1 1 0 1 1 0 1 1 1 0 0 1 1 1 1 1 0 0 0 1 1 1 1 1 1 0 1 1 1 0 0 0 
0 0 0 0 1 1 1 0 1 1 1 0 0 1 1 1 1 1 1 0 0 1 1 0 0 1 1 0 0 0 1 0 0 0 1 0 1 1 0 1 0 1 0 0 1 0 1 1 1 0 0 0 0 1 0 1 1 1 1 0 1 0 0 0 0 1 0 0 0 1 1 0 0 1 0 1 0 0 1 1 0 1 1 0 0 1 1 0 1 0 0 0 1 1 0 1 0 0 0 1 0 0 0 0 0 0 1 1 1 1 1 0 0 1 1 1 1 1 0 1 0 0 0 0 0 0 0 0 0 0 1 0 1 1 0 1 0 0 0 0 1 1 0 1 1 1 1 0 0 0 0 1 0 0 1 1 0 0 1 1 0 1 0 1 1 1 1 0 0 0 1 0 0 1 0 0 0 1 0 0 1 1 0 0 1 1 0 0 0 0 0 0 0 1 0 1 0 1 1 1 
1 1 0 0 0 0 0 0 0 0 1 0 0 0 0 1 0 0 1 1 0 0 1 1 0 0 1 0 0 1 1 1 0 0 0 0 0 1 0 0 0 0 1 0 0 0 0 0 0 1 0 1 1 0 0 1 0 0 0 0 0 1 1 0 0 1 0 1 0 1 0 1 0 0 0 1 0 0 0 1 1 1 1 0 1 1 1 1 0 0 0 0 1 1 0 0 0 0 1 0 0 0 0 0 0 0 0 0 0 1 0 0 0 0 0 0 0 0 0 1 0 1 1 1 0 1 0 1 0 0 0 0 1 0 0 1 0 0 0 0 1 1 0 1 1 1 0 1 0 1 1 0 0 1 1 0 0 1 0 1 1 1 0 1 0 1 0 0 0 0 0 0 0 0 0 0 0 1 1 1 1 0 1 0 0 1 0 0 0 0 1 1 0 0 0 0 1 0 0 1 
1 1 1 1 1 1 1 0 1 1 1 1 0 1 1 1 0 1 1 1 0 1 1 1 1 1 1 1 0 1 1 1 1 1 1 0 1 1 1 1 1 1 1 0 1 0 0 1 0 1 0 1 1 0 0 1 0 1 1 0 1 1 1 1 0 1 0 1 1 1 1 1 1 1 1 1 0 0 0 1 1 1 1 0 1 1 1 1 1 1 1 1 0 1 1 0 1 1 1 0 1 0 0 0 0 1 1 0 1 1 0 0 0 1 1 1 1 1 0 1 0 1 1 1 0 1 0 1 0 0 0 0 1 1 0 1 0 0 1 1 1 1 1 1 1 1 0 1 1 1 1 0 0 1 1 1 1 1 0 1 1 1 0 1 1 1 1 1 0 1 1 0 1 1 1 1 1 1 1 1 1 1 1 1 0 1 0 0 1 0 1 1 0 1 0 1 1 1 1 1 
1 1 0 0 0 1 0 0 0 0 1 0 0 1 1 1 0 1 1 1 0 1 1 1 0 0 1 0 0 1 1 1 0 0 1 0 0 1 0 0 0 1 1 0 1 0 0 0 0 1 0 1 1 0 0 1 1 0 1 0 1 1 1 0 0 1 0 1 0 1 0 1 0 0 0 1 0 0 1 1 1 1 1 0 1 1 1 1 1 0 1 1 1 0 0 0 0 0 0 1 0 0 0 0 0 0 0 0 0 1 0 0 0 0 1 1 0 0 0 1 0 0 0 0 0 1 0 0 0 0 0 0 1 0 0 1 0 0 0 0 1 1 0 1 1 1 1 0 0 1 1 0 0 0 1 1 0 1 0 1 1 1 0 1 0 1 0 0 0 0 1 0 0 1 0 0 0 1 1 1 1 1 0 0 0 1 0 0 0 0 1 1 0 0 0 1 1 1 0 1 
1 1 1 1 1 0 0 0 0 1 0 1 0 0 0 1 0 1 0 1 0 0 0 1 1 0 1 0 1 1 1 1 1 0 1 0 0 0 1 0 0 0 1 1 1 1 0 0 0 1 1 0 1 0 1 0 0 0 1 1 0 1 1 1 0 0 0 1 1 0 1 1 1 0 1 1 1 1 0 0 1 0 1 1 1 0 1 0 0 1 0 0 1 0 0 0 1 1 1 0 0 0 1 1 1 1 0 0 1 1 0 1 1 1 0 0 0 0 0 1 1 1 1 1 1 0 1 1 0 0 0 0 0 0 1 0 0 0 1 1 1 1 1 1 0 0 0 1 1 1 1 0 0 1 1 0 0 1 0 0 0 0 1 0 1 0 0 1 0 1 0 1 0 0 1 1 1 0 1 1 1 1 1 1 0 0 0 0 1 1 1 1 1 0 1 0 1 0 0 0 
0 0 0 0 0 1 0 0 0 0 1 0 0 1 1 0 1 0 1 0 0 1 1 0 0 0 0 0 0 0 0 0 0 0 0 0 1 0 0 1 0 1 0 0 0 0 1 1 1 0 0 0 0 1 0 0 1 1 0 0 1 0 0 0 0 1 0 0 0 1 0 0 0 0 0 0 0 0 1 1 0 1 0 0 0 1 0 0 1 0 1 0 0 0 0 0 0 0 0 1 0 0 0 0 0 0 1 1 0 0 1 0 0 0 1 1 1 0 0 0 0 0 0 0 0 0 0 0 0 0 1 0 1 1 0 1 0 0 0 0 0 0 0 0 1 0 1 0 0 0 0 1 0 0 0 1 0 0 1 1 0 1 0 0 0 1 1 0 0 0 1 0 0 1 0 0 0 1 0 0 0 0 0 0 0 0 0 0 0 0 0 0 0 1 0 1 0 1 1 1 
1 1 1 1 0 0 0 0 0 0 0 1 0 0 0 1 0 1 0 1 0 0 0 1 1 0 1 0 1 1 1 1 1 0 1 0 0 0 1 0 0 0 1 1 0 1 0 0 0 1 1 1 1 0 1 0 0 0 1 1 0 1 1 1 0 0 0 1 0 0 0 1 1 0 0 1 1 1 0 0 1 0 1 1 1 0 1 0 0 1 0 0 1 0 1 0 0 1 1 0 0 0 0 1 0 1 0 0 0 1 0 1 0 1 0 0 0 0 0 1 1 1 1 1 1 0 1 1 0 0 0 0 0 0 1 0 0 0 1 1 0 1 1 1 0 0 0 1 1 1 1 0 0 1 1 0 0 1 0 0 0 0 0 0 0 0 0 1 0 1 0 1 0 0 1 1 1 0 1 1 1 1 1 1 0 0 0 0 1 0 1 1 1 0 0 0 1 0 0 0 
1 0 1 1 1 0 1 0 1 1 0 1 1 0 0 1 0 1 0 1 0 0 0 1 1 1 1 1 1 1 0 1 1 1 1 0 0 0 1 0 1 1 0 1 1 1 0 1 0 0 1 0 1 0 1 0 0 0 1 1 0 1 0 1 1 0 1 0 1 0 1 1 1 0 1 1 1 1 0 0 0 0 1 1 0 0 1 0 0 1 0 0 1 0 1 0 1 0 1 0 1 0 1 1 1 1 0 0 1 1 0 1 1 1 0 0 0 1 0 1 1 1 1 1 1 0 1 1 0 1 0 0 0 0 1 0 0 0 1 1 0 1 1 0 0 0 0 1 1 0 1 0 1 1 0 1 1 0 0 0 0 0 1 0 1 0 0 1 0 1 0 1 1 0 1 1 1 0 0 1 1 1 1 1 0 0 0 1 1 1 0 0 1 0 1 0 0 0 0 0 
1 1 1 1 1 0 0 0 0 1 0 1 0 0 0 1 0 1 0 1 0 0 1 1 1 0 1 0 1 1 1 1 1 0 1 0 0 1 1 0 0 1 1 1 1 1 0 0 0 1 1 0 1 0 1 1 0 0 1 1 0 1 1 1 0 0 0 1 1 0 1 1 1 0 1 1 1 1 0 0 1 0 1 1 1 0 1 0 0 1 0 1 1 0 1 0 1 1 0 0 0 0 0 1 1 1 0 0 1 1 0 1 1 1 0 0 0 0 0 1 1 1 1 1 1 0 1 1 0 0 0 0 0 0 1 0 0 0 1 1 1 1 1 1 0 1 0 1 1 1 1 0 0 1 1 1 0 1 0 0 0 0 1 1 1 0 0 1 0 1 0 1 0 0 1 1 1 0 1 1 1 1 1 1 0 1 0 0 1 1 1 1 1 0 1 0 1 0 0 0 
0 0 0 0 0 1 0 0 0 0 1 0 0 1 1 0 1 0 1 0 0 1 1 0 0 0 0 0 0 0 0 0 0 0 0 0 1 0 0 0 0 1 0 0 0 0 1 0 1 0 0 0 0 1 0 0 1 0 0 0 1 0 0 0 0 1 0 0 0 1 0 0 0 0 0 0 0 0 1 1 0 1 0 0 0 1 0 0 1 0 1 0 0 1 0 1 0 0 0 0 0 0 0 0 0 0 0 1 0 0 1 0 0 0 1 1 1 0 0 0 0 0 0 0 0 0 0 0 0 0 0 0 1 1 0 1 0 0 0 0 0 0 0 0 1 0 1 0 0 0 0 1 0 0 0 1 0 0 1 1 0 1 0 0 0 1 0 0 0 0 1 0 0 1 0 0 0 1 0 0 0 0 0 0 0 0 0 0 0 0 0 0 0 1 0 1 0 1 0 1 
0 0 1 1 1 1 1 1 1 1 0 1 1 0 1 0 1 1 0 0 1 0 0 0 1 1 0 1 0 0 0 0 0 1 1 1 1 0 1 1 1 1 0 0 1 0 1 1 0 0 1 0 1 0 1 0 0 1 1 0 0 0 0 0 1 0 1 0 1 0 1 0 0 1 1 0 1 0 0 0 0 0 1 1 0 0 0 0 0 1 0 0 1 0 0 0 0 1 0 0 0 1 1 1 1 1 1 0 1 0 1 0 1 1 1 1 1 1 1 1 1 0 0 0 0 0 0 0 1 1 1 1 0 1 0 0 1 1 1 0 0 1 0 0 0 0 0 1 1 0 1 0 1 0 0 1 1 0 1 0 0 0 1 0 1 0 1 1 1 1 0 1 1 0 0 1 0 0 0 0 0 1 0 1 1 0 1 1 1 1 0 0 0 0 1 0 0 1 1 0 
0 0 1 1 1 1 1 1 1 1 0 1 1 0 1 0 0 1 0 0 1 0 0 0 1 1 0 1 0 0 0 0 0 1 1 1 1 0 1 1 1 1 0 0 1 0 1 1 0 0 1 0 0 0 0 0 0 1 1 0 0 0 0 0 1 0 1 0 1 0 1 0 0 1 1 0 0 0 0 0 0 0 0 0 0 0 0 0 0 1 0 0 0 0 0 0 0 0 0 0 1 0 1 0 1 1 1 0 1 0 0 0 1 1 0 1 0 1 1 0 1 0 0 0 0 0 0 0 1 1 1 1 0 1 0 0 1 1 1 0 0 0 0 0 0 0 0 0 0 0 0 0 1 0 0 0 1 0 1 0 0 0 1 0 1 0 1 1 1 1 0 1 1 0 0 0 0 0 0 0 0 1 0 0 1 0 1 1 1 1 0 0 0 0 1 0 0 0 1 0 
0 0 1 1 1 0 1 1 1 1 0 1 1 0 0 0 0 1 0 0 1 0 0 0 1 1 0 1 1 0 0 0 0 1 1 1 0 0 1 1 1 0 0 1 1 1 0 1 0 0 1 0 1 0 1 0 0 1 1 1 0 0 0 0 1 0 1 0 1 0 1 0 1 1 1 0 1 0 0 0 0 0 1 1 0 0 0 0 0 1 0 0 0 0 1 0 0 1 0 0 1 1 0 1 1 1 1 0 1 0 0 1 1 1 0 0 0 1 1 0 1 0 0 1 1 0 1 0 1 1 0 1 0 0 1 0 1 1 1 1 0 1 1 0 0 0 0 1 1 0 1 0 1 1 0 0 1 0 0 0 0 0 1 0 1 0 0 1 1 1 0 1 1 0 0 1 0 0 0 0 0 1 0 1 1 0 1 1 1 1 0 0 1 0 1 0 0 0 0 0 
0 0 1 1 1 0 0 0 0 1 0 1 1 0 0 0 0 1 0 0 0 0 0 0 1 0 0 1 1 0 0 0 1 0 1 1 0 0 1 0 1 0 0 1 0 1 0 0 0 0 1 0 1 0 1 0 0 0 0 1 0 0 0 1 1 0 1 0 1 0 1 1 1 0 1 0 1 1 0 0 0 0 1 1 0 0 0 0 0 1 0 0 0 0 1 0 1 1 1 0 1 0 1 0 1 1 0 0 1 0 0 1 1 1 0 0 0 0 0 0 1 0 1 1 1 0 1 0 0 1 0 0 0 0 1 0 0 0 1 1 0 1 1 0 0 0 0 1 1 0 1 0 1 1 0 0 0 0 0 0 0 0 1 0 0 0 0 1 0 1 0 1 1 0 1 1 1 0 0 0 0 1 0 1 0 0 0 1 1 1 0 0 1 0 1 0 0 0 0 0 
0 0 1 1 1 0 1 1 1 1 0 1 1 0 0 0 0 1 0 0 1 0 0 0 1 1 0 1 1 0 0 0 1 1 1 1 0 0 1 1 1 1 0 1 1 1 0 1 0 0 1 0 1 0 1 0 0 1 1 1 0 0 0 1 1 0 1 0 1 0 1 1 1 1 1 0 1 1 0 0 0 0 1 1 0 0 0 0 0 1 0 0 0 0 1 0 0 1 1 0 1 1 1 1 0 1 1 0 1 0 0 1 1 1 0 0 0 1 1 1 1 0 1 1 1 0 1 0 0 1 0 1 0 0 1 0 0 1 1 1 0 1 1 0 0 0 0 1 1 0 1 0 1 1 0 0 1 0 0 0 0 0 1 0 1 0 0 1 1 1 0 1 1 0 1 1 1 0 0 0 0 1 0 1 0 0 0 1 1 1 0 0 1 0 1 0 0 0 0 0 
1 0 1 1 1 1 1 1 1 1 0 1 1 0 0 1 0 1 0 1 1 0 0 0 1 1 0 1 1 0 0 0 1 1 1 1 0 0 1 1 1 1 0 1 1 1 0 1 0 0 1 0 1 0 1 0 0 1 1 1 0 1 0 1 1 1 1 0 1 0 1 1 1 1 1 1 1 1 0 0 0 0 1 1 0 0 1 0 0 1 0 0 1 0 1 0 1 1 1 0 1 1 1 1 1 0 1 0 1 1 0 1 1 1 0 1 0 1 1 1 1 1 1 1 1 0 1 0 0 1 0 1 0 0 1 0 0 1 1 1 0 1 1 0 0 0 0 1 1 0 1 0 1 1 0 1 1 0 0 0 0 0 1 0 1 0 0 1 1 1 0 1 1 0 1 1 1 0 0 1 1 1 0 1 1 0 0 1 1 1 0 0 1 0 1 0 0 0 1 0 
0 0 1 1 1 1 1 1 1 1 1 1 1 1 1 1 1 1 0 0 1 1 1 0 1 1 0 1 0 0 0 0 0 1 1 1 1 1 0 1 1 1 0 0 1 0 1 1 1 0 0 0 1 0 0 0 0 1 1 0 0 0 0 0 1 1 1 0 1 0 1 0 0 1 1 1 0 0 1 1 0 1 1 0 0 1 1 0 1 1 1 0 1 0 0 1 0 0 0 0 1 1 1 0 1 1 0 0 1 1 1 0 0 1 1 1 1 1 1 1 0 0 0 0 0 0 0 0 1 0 1 1 1 1 0 1 1 1 0 0 1 1 0 0 1 0 0 1 0 0 1 1 1 0 0 1 1 0 1 1 0 1 0 1 1 1 1 1 1 1 1 0 1 1 0 0 0 1 0 0 0 1 0 1 1 0 1 1 1 1 0 0 0 1 1 1 0 1 1 0 
0 0 0 0 0 1 0 0 0 0 1 0 0 1 1 0 1 0 1 0 0 1 0 0 0 0 0 0 0 0 0 0 0 0 0 0 1 0 0 0 0 0 0 0 0 0 0 0 1 0 0 0 0 1 0 0 1 0 0 0 1 0 0 0 0 1 0 0 0 1 0 0 0 0 0 0 0 0 1 1 0 1 0 0 0 1 0 0 1 0 1 0 0 0 0 1 0 0 0 1 0 0 0 0 0 0 0 0 0 0 1 0 0 0 1 1 1 0 0 0 0 0 0 0 0 0 0 0 0 0 0 0 1 1 0 1 0 0 0 0 0 0 0 0 1 0 1 0 0 0 0 1 0 0 0 0 0 0 1 1 0 1 0 0 0 1 0 0 0 0 1 0 0 1 0 0 0 1 0 0 0 0 0 0 0 0 0 0 0 0 0 0 0 1 0 1 0 1 0 1 
1 0 1 1 1 1 1 1 1 1 1 1 1 1 1 1 1 1 0 1 1 1 1 0 1 1 1 1 0 0 1 1 1 1 1 1 1 1 1 1 1 1 0 0 1 1 1 1 0 0 1 0 1 0 1 1 0 1 1 0 0 1 0 0 1 1 1 0 1 0 1 1 1 1 1 1 1 0 0 1 0 1 1 1 0 1 1 0 1 1 1 0 1 0 1 0 0 1 1 0 1 1 1 1 1 1 1 0 0 1 1 0 1 1 1 1 1 1 1 1 1 0 1 1 0 0 0 0 1 1 1 1 1 1 0 1 1 1 1 1 1 1 1 1 1 0 0 1 1 0 1 1 1 1 0 1 1 0 1 0 0 0 1 1 1 1 1 1 1 1 1 1 1 1 1 1 0 1 0 1 1 1 0 1 1 1 1 1 1 1 0 0 0 1 1 1 0 1 1 0 
1 1 1 1 1 1 1 0 1 1 1 1 0 1 1 1 0 1 1 1 0 1 1 1 1 0 1 0 0 1 1 1 1 0 1 0 0 1 0 1 0 1 1 0 1 0 0 1 0 1 0 1 1 0 0 1 0 0 1 0 1 1 1 1 0 1 0 1 0 1 1 1 1 0 0 1 0 0 0 1 1 1 1 0 1 1 1 1 1 1 1 1 1 1 1 0 1 1 1 0 0 0 0 0 0 1 1 0 1 0 0 0 0 1 1 1 0 0 0 1 0 1 1 1 0 1 0 1 0 0 0 0 1 1 0 1 0 0 1 1 1 1 1 1 1 1 0 1 1 1 1 0 0 1 1 1 0 1 0 1 1 1 0 1 1 1 0 1 0 1 1 0 1 1 1 1 1 1 1 1 1 1 1 1 0 1 0 0 1 0 1 1 0 0 0 1 1 1 0 1 
0 0 0 0 1 1 1 0 1 1 0 0 0 1 1 0 1 0 0 0 0 1 1 0 0 1 0 1 0 0 0 0 0 1 1 0 1 0 0 1 0 1 0 0 1 0 1 1 1 0 0 0 0 1 0 0 1 1 1 0 1 0 0 0 0 1 0 0 0 1 1 0 0 1 0 0 0 0 1 1 0 1 0 0 0 1 0 0 1 0 1 0 0 0 0 1 0 0 0 1 1 0 0 0 0 0 1 1 1 0 0 0 0 0 1 1 1 1 0 1 0 0 0 0 0 0 0 0 0 0 1 0 1 1 0 1 0 0 0 0 0 0 0 0 1 0 1 0 0 0 0 1 0 0 0 1 1 0 1 1 0 1 0 0 1 1 1 0 1 0 1 0 1 1 0 0 0 1 0 0 0 0 0 0 1 0 1 0 0 0 0 0 0 1 0 1 0 1 1 0 
1 0 1 1 0 0 0 0 0 0 0 1 0 0 0 0 0 1 0 1 0 0 0 1 1 0 0 0 1 1 0 1 1 0 0 0 0 0 1 0 0 0 0 1 0 1 0 0 0 0 1 0 1 0 1 0 0 0 0 1 0 1 0 1 0 0 0 1 0 0 0 1 1 0 0 0 1 1 0 0 0 0 1 1 0 0 0 0 0 1 0 0 0 0 1 0 1 1 1 0 0 0 1 1 1 1 0 0 0 0 0 0 1 1 0 0 0 0 0 0 1 1 1 1 1 0 1 1 0 1 0 0 0 0 1 0 0 0 1 1 0 1 1 0 0 0 0 1 1 0 1 0 0 1 0 0 0 1 0 0 0 0 1 0 0 0 0 1 0 1 0 1 0 0 1 1 1 0 0 1 1 1 1 1 0 0 0 0 1 1 0 0 1 0 1 0 1 0 0 0 
0 0 1 1 1 0 1 1 1 1 0 1 1 0 0 0 0 1 0 0 1 0 0 0 1 1 0 1 1 0 0 0 0 1 1 1 0 0 1 1 1 0 0 1 0 1 0 1 0 0 1 0 1 0 1 0 0 0 0 1 0 0 0 1 1 0 1 0 1 0 1 0 1 1 1 0 1 1 0 0 0 0 1 1 0 0 0 0 0 1 0 0 0 0 1 0 0 1 1 0 1 1 1 1 1 1 0 0 1 0 0 1 0 1 0 0 0 1 1 0 1 0 0 1 1 0 1 0 0 1 0 1 0 0 1 0 1 1 1 1 0 1 1 0 0 0 0 1 1 0 1 0 1 1 0 0 1 0 0 0 0 0 1 0 1 0 0 1 1 1 0 1 1 0 0 1 0 0 0 0 0 1 0 1 0 0 0 1 1 1 0 0 1 0 1 0 0 0 0 0 
1 0 1 1 1 1 1 0 1 1 1 1 1 0 1 1 1 1 0 1 1 0 1 1 1 1 1 1 0 1 1 1 1 1 1 1 1 1 1 1 1 1 0 0 1 1 1 1 0 0 1 0 1 0 1 1 0 1 1 1 0 1 1 1 1 1 1 0 1 0 1 1 1 1 1 1 1 0 0 1 0 1 1 1 0 1 1 0 1 1 1 0 1 0 1 0 1 1 1 0 1 1 1 1 1 1 1 0 1 1 0 1 1 0 1 1 0 1 1 1 1 1 1 1 1 0 1 0 0 1 1 0 1 1 0 1 0 1 1 1 1 1 1 1 1 0 0 1 1 0 1 0 1 1 1 1 1 1 1 1 0 0 1 1 1 1 1 1 1 1 1 1 1 1 1 1 1 1 0 1 1 1 1 1 1 1 0 1 1 1 0 0 1 1 1 1 0 1 1 0 
0 0 0 0 1 1 1 0 1 1 1 0 0 1 1 1 1 1 1 1 0 1 1 0 0 1 1 1 0 0 1 0 0 1 1 0 1 1 0 1 1 1 0 0 1 0 1 1 1 0 0 0 1 1 0 1 1 1 1 0 1 1 0 0 0 1 0 0 0 1 1 0 0 1 1 1 0 0 1 1 0 1 1 0 0 1 1 0 1 0 1 0 1 1 0 1 0 0 0 1 1 0 0 0 0 0 1 1 1 1 1 0 0 1 0 1 1 1 0 1 0 0 0 0 0 0 0 0 0 0 1 0 1 1 0 1 0 0 0 0 1 1 0 1 1 1 1 1 0 0 1 1 0 0 1 1 1 0 1 1 0 1 0 1 1 1 1 0 1 0 1 0 1 1 0 0 0 1 0 0 1 1 0 0 1 1 0 0 1 0 0 0 0 1 0 1 0 1 1 1 
0 0 1 0 1 1 1 0 1 1 1 1 0 1 1 1 1 1 1 1 0 1 1 0 1 1 1 1 0 0 1 0 0 1 1 0 1 1 0 1 1 1 0 0 1 0 1 1 1 0 0 0 1 1 0 1 1 1 1 0 1 1 0 0 0 1 1 0 1 1 1 0 0 1 1 1 0 0 1 1 0 1 1 0 0 1 1 0 1 1 1 0 1 1 0 1 0 0 0 1 1 1 0 0 0 1 1 1 1 1 1 0 0 1 1 0 1 1 1 1 0 0 0 0 0 0 0 0 0 0 1 0 1 1 0 1 0 1 0 0 1 1 0 1 1 0 1 1 1 0 1 1 1 0 0 1 1 0 1 1 0 1 0 1 1 1 1 1 1 0 1 0 1 1 0 0 0 1 0 0 1 1 0 1 1 1 1 1 1 0 0 0 0 1 0 1 0 1 1 1 
0 0 0 0 1 1 1 0 1 1 1 0 0 1 1 0 1 0 1 0 0 1 1 0 0 1 0 1 0 0 0 0 0 1 1 0 1 0 0 1 0 1 0 0 1 0 1 1 1 0 0 0 0 1 0 0 1 1 1 0 1 0 0 0 0 1 0 0 0 1 1 0 0 1 0 0 0 0 1 1 0 1 0 0 0 1 0 0 1 0 1 0 1 0 0 1 0 0 0 1 1 0 0 0 0 0 1 1 1 0 1 0 0 0 1 1 0 1 0 1 0 0 0 0 0 0 0 0 0 0 1 0 1 1 0 1 0 0 0 0 1 0 0 0 1 0 1 0 0 0 0 1 0 0 0 1 1 0 1 1 0 1 0 0 1 1 1 0 1 0 1 0 1 1 0 0 0 1 0 0 0 0 0 0 1 0 1 0 0 0 0 0 0 1 0 1 0 1 1 0 
0 0 1 1 1 1 1 1 1 1 0 1 1 0 1 1 1 1 0 0 1 0 0 0 1 1 0 1 0 0 0 0 0 1 1 1 1 0 1 1 1 1 0 0 1 0 1 1 1 0 0 0 1 0 0 0 0 1 1 0 0 0 0 0 1 1 1 0 1 0 1 0 0 1 1 0 0 0 0 1 0 0 1 0 0 1 0 0 0 1 1 0 1 0 0 0 0 1 0 0 1 1 1 0 1 1 1 0 1 0 1 0 1 1 1 1 1 0 1 1 1 0 0 0 0 0 0 0 1 1 1 1 0 1 0 1 1 1 1 0 1 1 0 0 0 0 0 1 1 0 1 1 1 0 0 1 1 0 1 0 0 0 1 0 1 0 1 1 1 1 1 1 1 0 0 1 0 0 0 0 0 1 0 1 1 0 1 1 1 1 0 0 0 1 1 1 0 1 1 0 
0 0 0 0 1 1 1 1 1 1 0 0 1 0 0 0 0 0 0 0 1 0 0 0 0 1 0 1 0 0 0 0 0 1 1 1 1 0 0 1 1 0 0 0 0 0 1 1 0 0 0 0 0 0 0 0 0 1 0 0 0 0 0 0 1 0 1 0 1 0 1 0 0 1 1 0 0 0 0 0 0 0 0 0 0 0 0 0 0 0 0 0 0 0 0 0 0 0 0 0 1 1 1 0 1 1 1 0 1 0 0 0 1 1 0 1 0 1 0 0 0 0 0 0 0 0 0 0 1 1 1 1 0 0 0 0 1 1 0 0 0 0 0 0 0 0 0 0 0 0 0 0 1 0 0 0 1 0 1 0 0 0 1 0 1 0 1 1 1 0 0 0 1 0 0 0 0 0 0 0 0 0 0 0 1 0 1 1 0 1 0 0 0 0 1 0 0 0 1 0 
1 1 1 1 1 1 1 0 1 1 1 1 0 1 1 1 1 1 1 1 0 1 1 1 1 1 1 1 0 1 1 1 1 1 1 0 1 1 1 1 1 1 1 0 1 0 1 1 0 1 0 0 1 0 0 1 0 1 1 0 1 1 1 1 0 1 0 1 1 1 1 1 1 1 1 1 0 0 0 1 1 1 1 0 1 1 1 1 1 1 1 1 1 1 1 0 1 1 1 0 1 0 0 0 1 1 1 0 1 1 1 0 0 1 1 1 1 1 0 0 0 1 1 1 0 0 0 1 0 0 1 0 1 1 0 1 0 0 1 1 1 1 1 1 1 1 0 1 1 0 1 1 1 1 1 1 1 1 1 1 1 1 0 1 1 1 1 1 1 1 1 0 1 1 1 1 0 1 0 1 1 1 1 1 1 1 0 0 1 0 1 1 0 1 1 1 1 1 1 1 
0 0 1 1 1 0 0 0 1 1 0 1 1 0 0 0 0 1 0 0 1 0 0 0 1 1 0 1 1 0 0 0 1 1 1 1 0 0 1 0 1 0 0 1 0 1 0 0 0 0 1 0 1 0 1 0 0 0 1 1 0 0 0 1 1 0 1 0 1 0 1 1 1 0 1 0 1 1 0 0 0 0 1 1 0 0 0 0 0 1 0 0 0 0 1 0 1 1 1 0 1 1 1 1 1 1 0 0 1 0 0 1 1 1 0 0 0 1 0 0 0 0 1 1 1 0 1 0 0 1 0 0 0 0 1 0 0 0 1 1 0 1 1 0 0 0 0 1 1 0 1 0 1 1 0 0 1 0 0 0 0 0 1 0 1 0 0 1 0 1 0 1 1 0 1 1 1 0 0 0 0 1 0 1 0 0 0 1 1 1 0 0 1 0 1 0 0 0 0 0 
1 1 1 1 0 0 0 0 0 0 0 1 0 0 0 1 0 1 0 1 0 0 0 1 1 0 1 0 1 1 1 1 1 0 1 0 0 0 1 0 0 0 1 1 0 1 0 0 0 1 0 1 1 0 1 1 0 0 1 1 0 1 1 1 0 0 0 1 0 0 0 1 1 0 0 1 1 1 0 0 1 0 1 1 1 0 1 1 0 1 0 1 1 0 1 0 1 1 1 0 0 0 0 0 0 1 0 0 0 1 0 1 0 1 0 0 0 0 0 1 0 0 1 1 1 1 1 1 0 0 0 0 0 0 0 0 0 0 1 1 1 1 1 1 0 1 0 1 1 1 1 0 0 1 1 0 0 1 0 0 0 0 0 1 0 0 0 1 0 1 0 0 0 0 1 1 1 0 1 1 1 1 1 1 0 0 0 0 1 0 1 1 1 0 0 0 1 0 0 0 
1 1 1 1 1 0 0 0 0 1 1 1 0 0 0 1 0 1 0 1 0 0 1 1 1 0 1 0 1 1 1 1 1 0 1 0 0 1 1 0 0 1 1 1 1 1 0 0 0 1 1 1 1 0 1 1 0 0 1 1 0 1 1 1 0 1 0 1 0 0 1 1 1 0 0 1 1 1 0 1 1 1 1 1 1 0 1 1 0 1 0 1 1 0 1 0 1 1 1 0 0 0 0 1 1 1 0 0 1 1 0 1 0 1 0 0 0 0 0 1 1 1 0 1 1 1 1 1 0 0 0 0 0 0 1 1 0 0 1 1 1 1 1 1 0 1 0 1 1 1 1 0 0 1 1 1 0 1 0 0 1 0 0 1 1 0 0 1 0 1 0 1 0 0 1 1 1 0 1 1 1 1 1 1 0 1 0 0 1 0 1 1 1 0 0 0 1 0 0 0 
1 1 1 1 1 0 1 0 1 1 1 1 0 0 0 1 0 1 0 1 0 0 1 1 1 0 1 0 1 1 1 1 1 0 1 0 0 1 1 0 0 1 1 1 1 1 0 0 0 1 1 1 1 0 1 1 0 0 1 1 0 1 1 1 0 1 0 1 1 0 1 1 1 0 1 1 1 1 0 1 1 1 1 1 1 0 1 1 0 1 0 1 1 0 1 0 1 1 1 0 0 0 1 1 1 1 0 0 1 1 0 1 1 1 0 0 0 0 0 1 1 1 1 0 1 0 1 1 0 0 0 0 0 0 1 1 0 0 1 1 1 1 1 1 0 1 0 1 1 1 1 0 0 1 1 1 0 1 0 0 0 0 1 1 1 0 0 1 0 1 0 1 1 0 1 1 1 0 1 1 1 1 1 1 0 1 0 0 1 1 1 1 1 0 1 0 1 0 0 0 
1 0 1 1 1 0 0 0 0 0 0 1 0 0 0 0 0 1 0 1 0 0 0 1 1 0 1 0 1 1 0 1 1 0 1 0 0 0 1 0 0 0 0 1 0 1 0 0 0 0 1 0 1 0 1 0 0 0 0 1 0 1 0 1 0 0 0 1 1 0 0 1 1 0 0 0 1 1 0 0 0 0 1 1 0 0 0 0 0 1 0 0 0 0 1 0 1 1 1 0 0 0 1 1 1 1 0 0 0 0 0 1 1 1 0 0 0 0 0 0 1 1 1 1 0 0 1 1 0 1 0 0 0 0 1 0 0 0 1 1 0 1 1 0 0 0 0 1 1 0 1 0 0 1 0 0 0 0 0 0 0 0 1 0 0 0 0 1 0 1 0 1 0 0 1 1 1 0 0 1 1 1 1 1 0 0 0 0 1 1 0 0 1 0 1 0 1 0 0 0 
1 1 0 0 0 0 0 0 0 0 1 0 0 0 0 1 0 0 1 1 0 0 1 1 0 0 1 0 0 1 1 1 0 0 0 0 0 1 0 0 0 0 1 0 0 0 0 0 0 1 0 1 0 0 0 1 0 0 0 0 0 1 1 0 0 1 0 1 0 1 0 1 0 0 0 1 0 0 0 1 1 1 0 0 1 0 1 1 0 0 0 1 1 1 0 0 0 0 0 0 0 0 0 0 0 0 0 0 0 1 0 0 0 0 0 0 0 0 0 0 0 1 1 0 0 0 0 1 0 0 0 0 1 0 0 1 0 0 0 0 1 0 0 1 0 1 0 0 0 1 0 0 0 0 1 0 0 1 0 1 1 1 0 1 0 0 0 0 0 0 0 0 0 0 0 0 0 1 1 1 1 0 1 0 0 1 0 0 0 0 1 1 0 0 0 0 1 0 0 1 
1 0 1 1 1 0 0 0 0 0 0 1 0 0 0 0 0 1 0 1 0 0 0 1 1 0 0 0 1 1 0 1 1 0 1 0 0 0 1 0 0 0 0 1 0 1 0 0 0 0 1 0 1 0 1 0 0 0 0 1 0 1 0 1 0 0 0 1 1 0 0 1 1 0 0 0 1 1 0 0 0 0 1 1 0 0 0 0 0 1 0 0 0 0 1 0 1 1 1 0 0 0 1 1 1 1 0 0 0 0 0 1 1 1 0 0 0 0 0 0 1 1 1 1 1 0 0 1 0 1 0 0 0 0 1 0 0 0 1 1 0 1 1 0 0 0 0 1 1 0 1 0 0 1 0 0 0 0 0 0 0 0 1 0 0 0 0 1 0 1 0 1 0 0 1 1 1 0 0 1 1 1 1 1 0 0 0 0 1 1 0 0 1 0 1 0 1 0 0 0 
1 1 1 0 0 0 0 0 0 0 1 1 0 0 0 1 0 1 0 1 0 0 1 1 1 0 1 0 0 1 1 1 1 0 1 0 0 1 0 0 0 0 1 0 0 0 0 0 0 1 0 1 1 0 0 1 0 0 1 0 0 1 1 1 0 0 0 1 0 0 0 1 1 0 0 1 0 1 0 0 1 0 1 0 1 0 1 1 0 1 0 1 1 0 1 0 1 1 1 0 0 0 0 0 0 0 0 0 0 1 0 1 0 0 0 0 0 0 0 1 0 1 1 1 1 1 1 0 0 0 0 0 0 0 0 1 0 0 1 1 1 1 1 1 0 1 0 1 1 1 1 0 0 1 1 0 0 1 0 0 1 0 0 1 0 0 0 0 0 1 0 0 0 0 1 1 1 0 1 1 1 1 1 1 0 1 0 0 1 0 1 1 1 0 0 0 1 0 0 0 
0 0 0 0 0 0 1 1 1 1 0 0 1 0 0 0 0 0 0 0 1 0 0 0 0 1 0 1 0 0 0 0 0 1 0 1 1 0 0 1 1 0 0 0 0 0 1 1 0 0 0 0 0 0 0 0 0 1 0 0 0 0 0 0 1 0 1 0 1 0 1 0 0 1 1 0 0 0 0 0 0 0 0 0 0 0 0 0 0 0 0 0 0 0 0 0 0 0 0 0 1 1 1 0 0 0 1 0 1 0 0 0 0 0 0 0 0 1 1 0 0 0 0 0 0 0 0 0 0 1 1 1 0 0 0 0 1 1 0 0 0 0 0 0 0 0 0 0 0 0 0 0 1 0 0 0 1 0 1 0 0 0 0 0 1 0 1 0 1 0 0 0 1 0 0 0 0 0 0 0 0 0 0 0 1 0 1 1 0 1 0 0 0 0 1 0 0 0 1 0 
0 0 1 1 1 0 1 1 1 1 0 1 1 0 0 0 0 1 0 0 1 0 0 0 1 1 0 1 1 0 0 0 0 1 1 1 0 0 1 1 1 0 0 1 0 1 0 1 0 0 1 0 1 0 1 0 0 1 1 1 0 0 0 0 1 0 1 0 1 0 1 0 1 1 1 0 1 0 0 0 0 0 0 1 0 0 0 0 0 1 0 0 0 0 0 0 0 1 0 0 1 1 1 1 1 1 0 0 1 0 0 1 1 1 0 0 0 1 1 0 1 0 0 0 1 0 1 0 1 0 0 1 0 0 1 0 1 1 1 1 0 1 0 0 0 0 0 1 1 0 1 0 1 1 0 0 1 0 0 0 0 0 1 0 1 0 0 1 1 1 0 1 1 0 0 1 0 0 0 0 0 1 0 1 0 0 0 1 1 1 0 0 1 0 1 0 0 0 0 0 
0 0 0 0 1 1 1 1 1 1 0 0 1 0 1 0 1 0 0 0 1 1 0 0 0 1 0 1 0 0 0 0 0 1 1 1 1 0 0 1 1 1 0 0 1 0 1 1 1 0 0 0 0 0 0 0 0 1 1 0 0 0 0 0 1 1 1 0 1 0 1 0 0 1 1 0 0 0 0 0 0 0 0 0 0 1 0 0 0 0 1 0 0 0 0 1 0 0 0 0 1 1 0 0 0 0 1 0 1 0 1 0 0 1 1 1 1 1 1 1 0 0 0 0 0 0 0 0 1 0 0 1 0 1 0 0 1 1 0 0 0 0 0 0 1 0 0 0 0 0 0 1 1 0 0 1 1 0 1 0 0 0 0 0 1 0 1 0 1 0 1 0 1 1 0 0 0 0 0 0 0 0 0 0 1 0 1 1 0 0 0 0 0 1 0 1 0 1 1 0 
0 0 0 0 1 0 1 1 1 1 0 0 1 0 0 0 0 0 0 0 1 0 0 0 0 1 0 1 0 0 0 0 0 1 0 1 0 0 0 1 1 0 0 0 0 0 1 1 0 0 0 0 0 0 0 0 0 1 0 0 0 0 0 0 1 0 1 0 1 0 1 0 0 1 1 0 0 0 0 0 0 0 0 0 0 0 0 0 0 0 0 0 0 0 0 0 0 0 0 0 1 1 1 0 1 1 1 0 1 0 0 0 1 0 0 0 0 1 1 0 0 0 0 0 0 0 0 0 1 1 1 0 0 0 0 0 1 1 0 0 0 0 0 0 0 0 0 0 0 0 0 0 1 0 0 0 1 0 1 0 0 0 1 0 1 0 1 0 1 0 0 0 1 0 0 0 0 0 0 0 0 0 0 0 1 0 1 1 0 1 0 0 0 0 1 0 0 0 1 0 
1 1 0 0 1 1 1 0 1 1 1 0 0 1 1 1 1 1 1 1 0 1 1 1 0 0 1 0 0 1 1 1 0 0 1 0 1 1 0 1 0 1 1 0 1 0 0 1 1 1 0 1 1 1 0 1 1 0 1 0 1 1 1 0 0 1 0 0 0 1 1 1 0 0 0 1 0 0 1 1 1 1 1 0 1 1 1 1 1 0 1 1 1 1 0 1 0 0 0 1 0 0 0 0 0 0 1 1 1 1 1 0 0 1 1 1 1 0 0 1 0 0 0 0 0 1 0 0 0 0 0 0 0 1 0 1 0 0 0 0 1 1 0 1 1 1 1 1 0 0 1 1 0 1 1 1 0 1 0 1 1 1 0 1 1 1 0 0 0 0 1 0 0 1 0 0 0 1 0 1 1 1 0 0 0 1 0 0 1 0 1 1 0 1 0 1 0 1 0 1 
0 0 0 0 1 1 1 0 1 1 1 0 0 1 1 1 1 1 1 0 0 1 1 0 0 1 0 1 0 0 0 0 0 1 1 0 1 1 0 1 1 1 0 0 1 0 1 1 1 0 0 0 0 1 0 0 1 1 1 0 1 0 0 0 0 1 0 0 0 1 1 0 0 1 1 1 0 0 1 1 0 1 1 0 0 1 1 0 1 0 1 0 1 0 0 1 0 0 0 1 1 1 0 0 0 0 1 1 1 1 1 0 0 1 1 1 1 1 0 1 0 0 0 0 0 0 0 0 0 0 1 0 1 0 0 1 0 1 0 0 1 1 0 0 1 0 1 0 0 0 0 1 1 0 0 1 1 0 1 1 0 1 0 1 1 1 1 0 1 0 1 0 1 1 0 0 0 1 0 0 0 1 0 0 1 1 1 0 1 0 0 0 0 1 0 1 0 1 1 1 
0 0 1 1 1 0 0 0 0 0 0 1 0 0 0 0 0 0 0 0 0 0 0 0 1 0 0 0 1 0 0 0 1 0 0 0 0 0 1 0 0 0 0 1 0 1 0 0 0 0 1 0 1 0 1 0 0 0 0 1 0 0 0 1 0 0 1 0 1 0 0 1 1 0 1 0 1 1 0 0 0 0 0 1 0 0 0 0 0 1 0 0 0 0 1 0 1 1 1 0 0 0 1 1 1 1 0 0 0 0 0 1 1 0 0 0 0 0 0 0 1 0 1 1 1 0 1 0 0 1 0 0 0 0 0 0 0 0 1 1 0 0 1 0 0 0 0 1 1 0 1 0 0 1 0 0 0 0 0 0 0 0 1 0 0 0 0 1 0 1 0 1 0 0 1 1 1 0 0 0 0 0 0 1 0 0 0 0 1 1 0 0 1 0 1 0 0 0 0 0 
1 1 0 0 1 1 1 0 1 1 1 1 0 1 1 1 1 1 1 1 0 1 1 1 1 0 1 0 0 1 1 1 0 0 1 0 1 1 0 1 0 1 1 0 1 0 0 1 1 1 0 1 1 0 0 1 1 1 1 0 1 1 1 0 0 1 0 1 0 1 1 1 0 0 0 1 0 0 1 1 1 1 1 0 1 1 1 1 1 1 1 1 1 1 0 1 0 0 0 1 0 0 0 0 0 0 1 1 1 1 1 0 0 1 1 1 1 1 0 1 0 0 1 1 0 1 0 1 0 0 0 0 1 1 0 0 0 0 0 0 1 1 0 1 1 1 1 1 1 0 1 1 0 1 1 1 0 1 1 1 1 1 0 1 1 1 0 0 0 0 1 0 0 1 0 0 0 1 1 1 1 1 0 1 0 1 0 0 1 0 1 1 0 1 0 1 1 1 1 1 
0 0 0 0 1 0 1 1 1 1 0 0 1 0 0 0 1 0 0 0 1 0 0 0 0 1 0 1 0 0 0 0 0 1 0 1 1 0 0 1 1 0 0 0 0 0 1 1 0 0 0 0 0 0 0 0 0 1 0 0 0 0 0 0 1 0 1 0 1 0 1 0 0 1 1 0 0 0 0 0 0 0 0 0 0 0 0 0 0 0 0 0 0 0 0 0 0 0 0 0 1 1 1 0 0 0 1 0 1 0 0 0 1 0 0 0 0 1 1 0 0 0 0 0 0 0 0 0 1 1 1 1 0 0 0 0 0 1 0 0 0 0 0 0 0 0 0 0 0 0 0 0 1 0 0 0 1 0 1 0 0 0 0 0 1 0 1 0 1 0 0 0 1 0 0 0 0 0 0 0 0 0 0 0 1 0 1 1 0 1 0 0 0 0 1 0 0 0 1 0 
0 0 0 0 1 1 1 1 1 1 0 0 1 0 0 0 1 0 0 0 1 0 0 0 0 1 0 1 0 0 0 0 0 1 0 1 1 0 0 1 1 0 0 0 0 0 1 1 0 0 0 0 0 0 0 0 0 1 0 0 0 0 0 0 1 0 1 0 1 0 1 0 0 1 1 0 0 0 0 0 0 0 0 0 0 0 0 0 0 0 0 0 0 0 0 0 0 0 0 0 1 1 1 0 1 1 1 0 1 0 0 0 1 1 0 1 0 1 1 0 0 0 0 0 0 0 0 0 1 1 1 1 0 1 0 0 1 0 0 0 0 0 0 0 0 0 0 0 0 0 0 0 1 0 0 0 1 0 1 0 0 0 1 0 1 0 1 1 1 0 0 0 1 0 0 0 0 0 0 0 0 0 0 0 1 0 1 1 0 1 0 0 0 0 1 0 0 0 1 0 
1 0 1 1 1 0 1 0 1 1 0 1 1 0 0 1 0 1 0 1 0 0 0 1 1 1 1 1 1 0 0 1 1 1 1 1 0 0 1 0 1 1 0 1 1 1 0 1 0 0 1 0 1 0 1 0 0 0 1 1 0 1 0 1 1 0 1 0 1 0 1 1 1 0 1 1 1 1 0 0 0 0 1 1 0 0 0 0 0 1 0 0 1 0 1 0 1 1 1 0 1 1 1 1 1 1 0 0 1 1 0 1 1 1 0 0 0 1 0 1 1 1 1 1 1 0 1 1 0 1 0 0 0 0 1 0 0 0 0 1 0 1 1 0 0 0 0 1 1 0 1 0 1 1 0 0 1 0 0 0 0 0 1 0 1 0 0 1 0 1 0 1 1 0 1 1 1 0 0 1 1 1 1 1 0 0 0 1 1 1 0 0 1 0 1 0 0 0 0 0 
1 0 1 1 1 0 1 0 1 1 0 1 0 0 0 1 0 1 0 1 0 0 0 1 1 0 1 1 1 1 0 1 1 0 1 0 0 0 1 0 1 1 1 1 1 1 0 0 0 0 1 0 1 0 1 0 0 0 1 1 0 1 1 1 0 0 1 1 1 0 1 1 1 0 1 1 1 1 0 0 0 0 1 1 0 0 1 0 0 1 0 0 1 0 1 0 1 1 1 0 0 0 1 1 1 1 0 0 1 1 0 1 1 1 0 0 0 0 0 1 1 1 1 1 1 0 1 1 0 1 0 0 0 0 1 0 0 0 1 0 1 1 1 1 0 0 0 1 1 1 1 0 0 1 0 1 0 1 0 0 0 0 1 0 1 0 0 1 0 1 0 1 1 0 1 1 1 0 1 1 1 1 1 1 0 0 0 0 1 1 1 1 1 0 1 0 1 0 0 0 
1 1 1 0 1 1 1 0 1 1 1 1 0 1 1 1 0 1 1 1 0 1 1 1 1 0 1 1 0 1 1 1 1 0 1 0 1 1 0 1 0 1 1 0 1 0 0 1 0 1 0 1 1 0 0 1 1 1 1 0 1 1 1 0 0 1 0 1 0 1 1 1 1 0 1 1 0 0 1 1 1 1 1 0 1 1 1 1 1 1 1 1 1 1 1 0 0 0 1 0 0 0 0 0 0 0 1 0 1 1 0 0 0 1 1 1 1 1 0 1 0 1 1 1 0 1 0 1 0 0 0 0 1 1 0 1 0 0 0 1 0 1 0 1 1 1 1 1 1 1 1 1 0 1 1 1 0 1 0 1 1 1 0 1 1 1 0 1 0 1 1 0 1 1 1 1 0 1 1 1 1 1 1 1 0 1 0 0 1 0 1 1 0 1 0 1 1 1 1 1 
1 1 1 1 1 1 1 0 1 1 1 1 0 0 1 1 0 1 1 1 0 0 1 1 1 1 1 1 0 1 1 1 1 1 1 0 0 1 1 1 1 1 1 0 1 1 0 1 0 1 1 0 1 0 1 1 0 1 1 1 0 1 1 1 0 1 1 1 1 0 1 1 1 1 1 1 1 1 0 1 1 1 1 1 1 1 1 1 1 1 1 1 1 1 1 0 1 1 1 0 1 0 1 1 1 1 1 0 1 1 0 1 1 1 1 1 0 1 0 1 1 1 1 1 1 0 1 1 0 1 0 0 1 1 0 1 0 0 1 1 1 0 1 1 1 1 0 1 1 1 1 0 1 1 1 1 1 1 0 1 1 1 1 1 1 1 0 1 1 1 1 1 1 1 1 1 1 1 1 1 1 1 1 1 0 1 0 0 1 1 1 1 1 0 1 1 1 1 1 0 
1 1 1 1 1 0 0 0 0 1 0 1 0 0 0 1 0 1 0 1 0 0 0 1 1 0 1 0 1 1 1 1 1 0 1 0 0 0 1 0 0 0 1 1 1 1 0 0 0 1 1 0 1 0 1 0 0 0 1 1 0 1 1 1 0 0 0 1 1 0 1 1 1 0 0 1 1 1 0 0 1 0 1 1 1 0 1 0 0 1 0 0 1 0 1 0 1 1 1 0 0 0 1 1 1 1 0 0 1 1 0 1 1 1 0 0 0 0 0 1 1 1 1 1 1 0 1 1 0 0 0 0 0 0 1 0 0 0 1 1 0 1 0 1 0 0 0 1 1 1 1 0 0 1 1 0 0 1 0 0 0 0 1 0 1 0 0 1 0 1 0 1 0 0 1 1 1 0 1 1 1 1 1 1 0 0 0 0 1 1 1 1 1 0 1 0 1 0 0 0 
1 1 1 0 1 1 1 0 1 1 1 1 0 1 1 1 0 1 1 1 0 0 1 1 1 0 1 0 0 1 1 1 1 0 1 0 0 1 0 0 0 1 1 0 1 0 0 0 0 1 0 1 1 0 0 1 0 0 1 0 1 1 1 1 0 1 0 1 0 1 1 1 1 0 0 1 0 0 0 1 1 1 1 0 1 1 1 1 1 1 1 1 1 1 1 0 1 0 1 0 0 0 0 0 0 0 0 0 1 1 0 0 0 1 1 1 0 0 0 1 0 1 1 1 0 1 0 1 0 0 0 0 1 0 0 1 0 0 0 1 1 1 1 0 1 1 0 1 1 1 1 0 0 1 1 1 0 1 0 1 1 1 0 1 1 1 0 0 0 1 1 0 0 1 1 1 1 1 1 1 1 1 1 1 0 1 0 0 1 0 1 1 0 0 0 1 1 0 0 1 
1 0 0 0 1 1 1 0 1 1 1 0 0 1 1 1 1 1 1 1 0 1 1 0 0 0 1 0 0 0 1 1 0 0 1 0 1 1 0 1 0 1 0 0 1 0 1 1 1 1 0 0 1 1 0 1 1 1 1 0 1 1 1 0 0 1 0 0 0 1 1 0 0 0 0 1 0 0 1 1 1 1 1 0 1 1 1 1 1 0 1 1 1 1 0 1 0 0 0 1 0 0 0 0 0 0 1 1 1 1 1 0 0 1 1 1 1 0 0 1 0 0 0 0 0 0 0 0 0 0 1 0 1 1 0 1 0 0 0 0 1 1 0 1 0 1 1 1 0 0 1 1 0 0 1 1 0 0 1 1 1 1 0 1 1 1 1 0 0 0 1 0 0 1 0 0 0 1 0 1 1 1 0 0 0 1 0 0 1 0 0 0 0 1 0 1 0 1 1 1 
1 1 0 0 0 0 0 0 0 0 1 0 0 1 0 1 0 1 1 1 0 0 1 1 0 0 1 0 0 1 1 1 0 0 1 0 0 1 0 0 0 1 1 0 1 0 0 0 0 1 0 1 1 0 0 1 0 0 1 0 1 1 1 0 0 1 0 1 0 1 0 1 0 0 0 1 0 0 0 1 1 1 1 0 1 1 1 1 1 0 1 1 1 1 0 0 0 0 1 0 0 0 0 0 0 0 0 0 0 1 0 0 0 0 1 0 0 0 0 1 0 1 1 1 0 1 0 1 0 0 0 0 1 0 0 1 0 0 0 0 1 1 0 1 1 0 0 1 1 1 1 0 0 1 1 1 0 1 0 1 1 1 0 1 0 1 0 0 0 0 1 0 0 1 0 0 0 1 1 1 1 1 1 0 0 1 0 0 0 0 1 1 0 0 0 1 1 0 0 1 
0 0 0 0 0 1 0 0 0 0 1 0 0 1 1 1 1 0 1 0 0 1 1 0 0 0 0 0 0 0 0 0 0 0 0 0 1 1 0 0 0 1 0 0 0 0 1 0 1 0 0 0 0 1 0 0 1 0 0 0 1 0 0 0 0 1 0 0 0 1 0 0 0 0 0 0 0 0 1 1 0 1 0 0 0 1 0 0 1 0 1 0 0 1 0 1 0 0 0 1 0 0 0 0 0 0 0 1 0 0 1 0 0 0 1 1 1 0 0 0 0 0 0 0 0 0 0 0 0 0 0 0 1 1 0 1 0 0 0 0 1 0 0 0 1 0 0 0 0 0 0 1 0 0 0 1 0 0 1 1 0 1 0 1 0 1 0 0 0 0 1 0 0 1 0 0 0 1 0 0 0 0 0 0 0 1 0 0 0 0 0 0 0 1 0 1 0 1 0 1 
1 1 1 1 1 1 1 0 1 1 1 1 0 0 0 1 0 1 0 1 0 0 1 1 1 1 1 1 1 1 1 1 1 1 1 0 0 1 1 1 1 1 1 1 1 1 0 1 0 1 1 1 1 0 1 1 0 0 1 1 0 1 1 1 0 1 0 1 1 0 1 1 1 0 1 1 1 1 0 1 1 1 1 1 1 1 1 1 0 1 0 1 1 0 1 0 1 1 1 0 1 0 1 1 1 1 1 0 1 1 0 1 1 1 1 1 0 1 0 1 1 1 1 1 1 0 1 1 0 1 0 0 1 0 1 1 0 0 1 1 1 1 1 1 1 1 0 0 1 1 1 0 0 1 1 1 1 1 0 0 1 0 1 1 1 0 0 1 0 1 0 1 1 0 1 1 1 1 1 1 1 1 1 1 0 1 0 0 1 1 1 1 1 0 1 1 1 0 0 0 
1 1 1 1 1 1 1 0 1 1 1 1 0 0 0 1 0 1 0 1 0 0 1 1 1 0 1 1 1 1 1 1 1 1 1 0 0 1 1 0 1 1 1 1 1 1 0 1 0 1 1 0 1 0 1 1 0 0 1 1 0 1 1 1 0 1 1 1 1 0 1 1 1 0 1 1 1 1 0 1 1 1 1 1 1 1 1 1 0 1 0 0 1 0 1 0 1 1 1 0 1 0 1 1 1 1 0 0 1 1 0 1 1 1 0 1 0 1 0 1 1 1 1 1 1 0 1 1 0 1 0 0 0 0 1 1 0 0 1 1 1 1 1 1 0 1 0 1 0 1 1 0 0 1 1 1 1 1 0 0 0 0 1 1 1 0 0 1 0 1 0 1 1 0 1 1 1 0 1 1 1 1 1 1 0 1 0 0 1 1 1 1 1 0 1 1 1 0 0 0 
1 1 0 0 0 0 0 0 0 0 1 0 0 0 0 1 0 1 0 1 0 0 1 1 0 0 1 0 0 1 1 1 1 0 0 0 0 1 0 0 0 0 1 0 0 0 0 0 0 1 0 1 1 0 0 1 0 0 0 0 0 1 1 1 0 0 0 1 0 0 0 1 1 0 0 1 0 0 0 0 1 0 1 0 1 0 1 1 0 0 0 1 1 1 1 0 1 0 1 0 0 0 0 0 0 0 0 0 0 1 0 0 0 0 0 0 0 0 0 0 0 1 1 1 0 1 0 1 0 0 0 0 0 0 0 0 0 0 0 1 1 1 1 1 0 1 0 1 1 0 1 0 0 1 1 0 0 1 0 0 1 0 0 1 0 0 0 0 0 0 0 0 0 0 1 0 1 0 1 1 1 0 1 1 0 1 0 0 0 0 1 1 1 0 0 0 1 0 0 0 
1 1 1 1 1 1 1 0 1 1 1 1 0 0 1 1 0 1 0 1 0 0 1 1 1 1 1 1 1 1 1 1 1 1 1 0 0 1 1 1 1 1 1 0 1 1 0 1 0 1 1 1 1 0 1 1 0 0 1 1 0 1 1 1 0 1 0 1 1 0 1 1 1 0 1 1 1 1 0 1 1 1 1 1 1 1 1 1 0 1 0 1 1 1 1 0 1 1 1 0 1 0 1 1 1 1 1 0 1 1 0 1 1 1 1 1 0 1 0 1 1 1 1 1 1 0 1 1 0 1 0 0 1 0 1 1 0 0 1 1 1 1 1 1 1 1 0 1 1 1 0 0 0 1 1 1 1 1 0 0 1 0 1 1 1 1 0 1 0 1 0 1 1 0 1 1 1 1 1 1 1 1 1 1 0 1 0 0 1 1 1 1 1 0 1 1 1 0 0 0 
0 0 0 0 0 1 1 0 1 1 1 0 0 1 1 0 1 0 1 0 0 1 1 0 0 1 0 0 0 0 0 0 0 1 0 0 1 0 0 1 0 1 0 0 1 0 1 1 1 0 0 0 0 1 0 0 1 1 0 0 1 0 0 0 0 1 0 0 0 1 0 0 0 1 0 0 0 0 1 1 0 1 0 0 0 1 0 0 1 0 1 0 0 0 0 1 0 0 0 1 0 0 0 0 0 0 1 1 1 0 1 0 0 0 1 1 1 1 0 1 0 0 0 0 0 0 0 0 0 0 1 0 1 1 0 1 0 0 0 0 1 0 0 0 1 0 1 0 0 0 0 0 0 0 0 1 0 0 1 1 0 1 0 0 1 1 1 0 1 0 1 0 0 1 0 0 0 1 0 0 0 0 0 0 1 0 0 0 0 0 0 0 0 1 0 1 0 1 1 0 
0 0 1 1 1 1 1 1 1 1 0 1 1 0 1 0 0 1 0 0 1 0 0 0 1 1 0 1 0 0 0 0 0 1 1 1 1 0 1 1 1 1 0 0 1 1 1 1 0 0 1 0 1 0 1 0 0 1 1 0 0 0 0 0 1 0 1 0 1 0 1 0 0 1 1 0 1 0 0 0 0 0 1 1 0 0 0 0 0 1 0 0 0 0 0 0 0 1 0 0 1 1 1 1 1 1 1 0 1 0 0 0 1 1 0 1 0 1 1 1 1 0 0 0 0 0 0 0 1 1 1 1 0 1 0 0 1 1 1 0 0 1 0 0 0 0 0 0 0 0 0 0 0 0 0 1 1 0 1 0 0 0 1 0 1 0 1 1 1 1 0 1 1 0 0 1 0 0 0 0 0 1 0 1 1 0 1 1 1 1 0 0 0 0 1 0 0 0 1 0 
1 1 1 1 1 0 1 0 1 1 1 1 0 0 0 1 0 1 0 1 0 0 1 1 1 0 1 1 1 1 1 1 1 0 1 0 0 1 1 0 0 1 1 1 1 1 0 1 0 1 1 1 1 0 1 1 0 0 1 1 0 1 1 1 0 1 0 1 1 0 1 1 1 0 1 1 1 1 0 1 1 1 1 1 1 1 1 1 0 1 0 1 1 0 1 0 1 1 1 0 0 0 1 1 1 1 0 0 1 1 0 1 1 1 0 0 0 0 0 1 1 1 1 1 1 0 1 1 0 1 0 0 1 0 1 1 0 0 1 1 1 1 1 1 0 1 0 1 1 1 1 0 0 0 1 1 0 1 0 0 0 0 1 1 1 0 0 1 0 1 0 1 1 0 1 1 1 0 1 1 1 1 1 1 0 1 0 0 1 1 1 1 1 0 1 1 1 0 0 0 
1 1 0 0 0 0 0 0 0 0 1 0 0 1 0 1 0 1 1 1 0 0 1 1 0 0 1 0 0 1 1 1 1 0 1 0 0 1 0 0 0 1 1 0 1 0 0 0 0 1 0 1 1 0 0 1 0 0 1 0 1 1 1 0 0 1 0 1 0 1 0 1 0 0 0 1 0 0 0 1 1 1 1 0 1 1 1 1 1 0 1 1 1 1 1 0 1 0 1 0 0 0 0 0 0 0 0 0 0 1 0 0 0 1 1 0 0 0 0 1 0 1 1 1 0 1 0 1 0 0 0 0 1 0 0 1 0 0 0 0 1 1 1 1 1 1 0 1 1 1 1 0 0 1 0 1 0 1 0 1 1 1 0 1 0 1 0 0 0 0 1 0 0 1 1 0 0 1 1 1 1 1 1 1 0 1 0 0 1 0 1 1 0 0 0 1 1 0 0 1 
1 0 1 1 1 1 1 0 1 1 1 1 0 1 1 1 1 1 1 1 0 1 1 1 1 1 1 1 0 1 1 1 0 1 1 0 1 1 0 1 1 1 1 0 1 0 1 1 1 1 0 0 1 0 0 1 1 1 1 0 1 1 1 0 0 1 0 0 1 1 1 1 0 1 1 1 0 0 1 1 1 1 1 0 1 1 1 1 1 1 1 0 1 1 0 1 0 1 1 1 1 0 0 0 0 1 1 0 1 1 1 0 0 1 1 1 1 1 0 1 0 0 1 1 0 0 0 0 0 0 1 0 1 1 0 1 0 0 0 1 1 1 0 1 1 1 1 1 1 0 1 1 1 1 1 0 1 1 1 1 1 1 0 1 1 1 1 1 1 1 1 0 1 1 0 1 0 1 0 1 1 1 0 1 1 1 0 0 1 0 0 0 0 1 0 1 0 1 1 1 
0 0 1 1 1 1 1 1 1 1 0 1 1 0 1 1 1 1 0 0 1 0 0 0 1 1 0 1 0 0 0 0 0 1 1 1 1 0 1 1 1 1 0 0 1 0 1 1 0 0 1 0 1 0 0 0 0 1 1 0 0 0 0 0 1 1 1 0 1 0 1 0 0 1 1 0 0 0 0 1 0 0 1 0 0 1 0 0 0 1 0 0 1 0 0 0 0 1 0 0 1 1 1 0 1 1 1 0 1 0 1 0 1 1 1 1 1 1 1 1 1 0 0 0 0 0 0 0 1 1 1 1 0 1 0 0 1 1 1 0 0 1 0 0 0 0 0 1 1 0 1 0 1 0 0 1 0 0 1 0 0 0 1 0 1 0 1 1 1 1 1 1 1 0 0 1 0 0 0 0 0 1 0 1 1 0 1 1 1 1 0 0 0 1 1 1 0 1 1 0 
1 1 0 0 0 0 0 0 0 0 1 1 0 0 0 1 0 1 1 1 0 0 1 1 1 0 1 0 0 1 1 1 1 0 1 0 0 1 0 0 0 0 1 0 1 0 0 0 0 1 0 1 1 0 0 1 0 0 1 0 0 1 1 1 0 1 0 1 0 0 0 1 1 0 0 1 0 0 0 1 1 1 1 0 1 1 1 1 0 1 0 1 1 1 1 0 1 0 1 0 0 0 0 0 0 0 0 0 0 1 0 1 0 1 0 0 0 0 0 1 0 1 1 1 0 1 0 1 0 0 0 0 1 0 0 1 0 0 0 1 1 1 1 1 0 1 0 1 1 1 1 0 0 1 1 1 0 0 0 0 1 0 0 1 0 0 0 0 0 0 0 0 0 0 1 1 1 1 1 1 1 1 1 1 0 1 0 0 1 0 1 1 1 0 0 0 1 0 0 1 
0 0 0 0 1 1 1 1 1 1 0 0 0 1 1 0 1 0 0 0 0 1 0 0 0 1 0 1 0 0 0 0 0 1 1 0 1 0 0 1 1 1 0 0 1 0 1 1 1 0 0 0 0 1 0 0 1 1 1 0 0 0 0 0 0 1 0 0 0 0 1 0 0 1 1 0 0 0 1 1 0 0 0 0 0 1 0 0 1 0 1 0 0 0 0 1 0 0 0 1 1 1 0 0 0 0 1 1 1 0 1 0 0 1 1 1 1 1 1 1 0 0 0 0 0 0 0 0 1 0 1 1 0 1 0 1 1 1 0 0 0 0 0 0 1 0 1 0 0 0 0 1 1 0 0 1 1 0 0 0 0 0 0 0 1 1 1 0 1 0 1 0 1 1 0 0 0 0 0 0 0 0 0 0 1 0 1 1 0 0 0 0 0 1 0 1 0 1 1 0 
1 0 0 0 0 1 1 0 1 0 1 0 0 1 1 1 1 1 1 1 0 1 1 0 0 0 1 0 0 0 1 1 0 0 1 0 1 1 0 0 0 1 1 0 1 0 0 0 1 1 0 0 1 1 0 1 1 0 1 0 1 1 1 0 0 1 0 0 0 1 0 0 0 0 0 1 0 0 1 1 1 1 1 0 1 1 1 1 1 0 1 1 1 1 0 1 0 0 0 1 0 0 0 0 0 0 1 1 0 1 1 0 0 1 1 1 1 0 0 1 0 0 0 0 0 1 0 0 0 0 0 0 1 1 0 1 0 0 0 0 1 1 0 1 1 1 1 0 0 0 0 1 0 0 1 1 0 0 0 0 1 1 0 1 1 1 0 0 0 0 1 0 0 1 0 0 0 1 0 0 1 1 0 0 0 1 0 0 0 0 0 0 0 1 0 1 0 1 0 1 
1 1 0 0 0 0 0 0 0 0 1 0 0 1 0 1 0 0 1 1 0 0 1 1 0 0 1 0 0 1 1 1 0 0 0 0 0 1 0 0 0 0 1 0 0 0 0 0 0 1 0 1 1 0 0 1 0 0 1 0 1 1 1 0 0 1 0 1 0 1 0 1 0 0 0 1 0 0 0 1 1 1 1 0 1 1 1 1 1 0 0 1 1 1 0 0 0 0 0 0 0 0 0 0 0 0 0 0 0 1 0 0 0 0 0 0 0 0 0 1 0 0 1 0 0 1 0 1 0 0 0 0 1 0 0 1 0 0 0 0 1 1 0 1 1 1 0 1 0 1 1 0 0 0 1 1 0 1 0 1 0 1 0 1 0 1 0 0 0 0 0 0 0 1 0 0 0 1 1 1 1 0 1 0 0 1 0 0 0 0 1 1 0 0 0 1 1 0 0 1 
0 0 0 0 0 1 1 0 1 0 1 0 0 1 1 1 1 1 1 1 0 1 1 0 0 0 1 0 0 0 1 1 0 0 1 0 1 1 0 0 0 1 0 0 1 0 0 0 1 1 0 0 0 1 0 1 1 0 1 0 1 1 1 0 0 1 0 0 0 1 0 0 0 0 0 1 0 0 1 1 1 1 1 0 1 1 1 1 1 0 1 1 1 1 0 1 0 0 0 1 0 0 0 0 0 0 1 1 0 1 1 0 0 0 1 1 1 0 0 1 0 0 0 0 0 1 0 0 0 0 0 0 1 1 0 1 0 0 0 0 1 1 0 1 1 1 1 0 0 0 0 1 0 0 1 1 0 0 0 1 1 0 0 1 0 1 0 0 0 0 1 0 0 1 0 0 0 1 0 0 1 1 0 0 0 1 0 0 0 0 0 0 0 1 0 1 0 1 0 1 
0 0 1 1 1 0 1 1 1 1 0 1 1 0 0 0 0 1 0 0 1 0 0 0 1 1 0 1 1 0 0 0 1 1 1 1 0 0 1 1 1 0 0 1 1 1 0 1 0 0 1 0 1 0 1 0 0 1 1 1 0 0 0 1 1 0 1 0 1 0 1 1 1 1 1 0 1 1 0 0 0 0 1 1 0 0 0 0 0 1 0 0 0 0 1 0 0 1 1 0 1 1 1 1 1 1 0 0 1 0 0 1 1 1 0 0 0 1 1 0 1 0 0 1 1 0 1 0 0 1 0 1 0 0 1 0 0 1 1 1 0 1 1 0 0 0 0 1 1 0 1 0 1 1 0 0 1 0 0 0 0 0 0 0 1 0 0 1 1 1 0 1 1 0 1 1 1 0 0 0 0 1 0 1 0 0 0 1 1 1 0 0 1 0 1 0 0 0 0 0 
1 1 0 0 1 1 1 0 1 1 1 1 0 1 1 1 0 1 1 1 0 1 1 1 1 0 1 0 0 1 1 1 0 0 1 0 0 1 0 0 0 1 1 0 1 0 0 1 0 1 0 1 1 0 0 1 1 0 1 0 1 1 1 0 0 1 0 1 0 1 1 1 0 0 0 1 0 0 0 1 1 1 1 0 1 1 1 1 1 1 1 1 1 1 0 0 0 0 1 0 0 0 0 0 0 0 1 0 1 1 0 0 0 1 1 1 0 0 0 1 0 1 1 1 0 1 0 1 0 0 0 0 1 1 0 1 0 0 0 0 1 1 0 1 1 1 1 1 1 1 1 0 0 1 1 1 0 1 0 1 1 1 0 0 1 1 0 0 0 0 1 0 0 1 1 1 0 1 1 1 1 1 1 1 0 1 0 0 1 0 1 1 0 1 0 1 1 1 0 1 
1 0 1 1 1 1 1 1 1 1 1 1 1 1 1 1 1 1 0 1 1 1 1 0 1 1 1 1 0 0 1 1 0 1 1 1 1 1 1 1 1 1 0 0 1 0 1 1 1 0 1 0 1 0 1 1 0 1 1 0 0 1 0 0 1 1 1 0 1 0 1 1 1 1 1 1 1 0 0 1 0 1 1 0 0 1 1 0 1 1 1 0 1 0 1 0 0 1 1 0 1 1 1 0 1 1 1 0 1 1 1 0 1 1 1 1 1 1 1 1 1 0 1 1 0 0 0 0 1 1 1 1 1 1 0 1 1 1 1 1 1 1 1 1 1 0 0 1 1 0 1 1 1 1 0 1 1 0 1 1 0 0 1 1 0 1 1 1 1 1 1 1 1 1 1 1 0 1 0 1 1 1 0 1 1 1 1 1 1 1 0 0 0 1 1 1 0 1 1 0 
1 0 0 0 1 1 1 0 1 1 1 0 0 1 1 1 1 1 1 1 0 1 1 0 0 0 1 0 0 0 1 1 0 0 1 0 1 1 0 1 0 1 0 0 1 0 1 1 1 1 0 0 1 1 0 1 1 1 1 0 1 1 1 0 0 1 0 0 0 1 1 0 0 0 0 1 0 0 1 1 1 1 1 0 1 1 1 1 1 0 1 1 1 1 0 1 0 0 0 1 0 0 0 0 0 0 1 1 1 1 1 0 0 1 1 1 1 0 0 1 0 0 0 0 0 0 0 0 0 0 0 0 1 1 0 1 0 0 0 0 1 1 0 1 1 1 1 0 0 0 1 1 0 0 1 1 0 0 1 1 1 1 0 1 1 0 1 0 0 0 1 0 0 1 0 0 0 1 0 0 1 1 0 0 0 1 0 0 1 0 0 0 0 1 0 1 0 1 1 1 
0 0 0 0 1 1 1 1 1 1 0 0 1 1 1 0 1 1 0 0 1 1 0 0 0 1 0 1 0 0 0 0 0 1 1 1 1 0 0 1 1 1 0 0 1 0 1 1 1 0 0 0 0 0 0 0 0 1 1 0 0 0 0 0 1 1 1 0 1 0 1 0 0 1 1 0 0 0 0 1 0 0 0 0 0 1 0 0 1 0 1 0 1 0 0 1 0 0 0 0 1 1 0 0 0 0 1 0 1 0 1 0 0 1 1 1 1 1 1 1 0 0 0 0 0 0 0 0 1 0 1 1 0 1 0 0 1 1 0 0 0 0 0 0 1 0 0 0 0 0 0 1 1 0 0 1 1 0 1 0 0 0 0 0 1 1 0 0 1 0 1 0 1 1 0 0 0 0 0 0 0 1 0 0 1 0 1 1 0 0 0 0 0 1 0 1 0 1 1 0 
1 0 1 1 1 1 1 1 1 1 0 1 1 0 0 1 0 1 0 1 1 0 0 0 1 1 1 1 1 0 0 1 1 1 1 1 0 0 1 1 1 1 0 1 1 1 0 1 0 0 1 0 1 0 1 0 0 1 1 1 0 1 0 1 1 1 1 0 1 0 1 1 1 1 1 1 1 1 0 1 0 0 1 1 0 0 1 0 0 1 0 0 1 0 1 0 1 1 1 0 1 1 1 1 1 1 1 0 1 1 0 1 1 1 0 1 0 1 1 1 1 1 1 1 1 0 1 0 0 1 0 0 0 0 1 0 0 1 1 1 1 1 1 0 0 0 0 1 1 0 1 0 1 1 0 1 1 0 0 0 0 0 1 0 1 0 0 0 1 1 0 1 1 0 1 1 1 0 0 1 1 1 1 1 0 0 0 1 1 1 0 0 1 0 1 0 0 0 1 0 
0 0 1 1 1 1 1 1 1 1 0 1 1 0 1 0 1 1 0 0 1 0 0 0 1 1 0 1 0 0 0 0 0 1 1 1 1 0 0 1 1 1 0 0 1 0 1 1 1 0 0 0 0 0 0 0 0 1 1 0 0 0 0 0 1 0 1 0 1 0 1 0 0 1 1 0 0 0 0 0 0 0 1 0 0 0 0 0 0 1 0 0 0 0 0 0 0 0 0 0 1 1 1 0 1 1 1 0 1 0 1 0 1 1 1 1 1 1 1 1 0 0 0 0 0 0 0 0 1 1 1 1 0 1 0 0 1 1 0 0 0 1 0 0 0 0 0 0 0 0 0 1 1 0 0 1 1 0 1 0 0 0 1 0 1 0 1 1 0 0 0 0 1 0 0 0 0 0 0 0 0 1 0 0 1 0 1 1 1 1 0 0 0 1 1 0 0 1 1 0 
1 0 1 1 1 0 1 0 1 1 0 1 1 0 0 1 0 1 0 1 0 0 0 1 1 1 1 1 1 1 0 1 1 1 1 1 0 0 1 1 1 1 0 1 1 1 0 1 0 0 1 0 1 0 1 0 0 0 1 1 0 1 0 1 1 0 1 0 1 0 1 1 1 1 1 1 1 1 0 0 0 0 1 1 0 0 1 0 0 1 0 0 1 0 1 0 1 1 1 0 1 1 1 1 1 1 1 0 1 1 0 1 1 1 0 0 0 1 0 1 1 1 1 1 1 0 1 1 0 1 0 0 0 0 1 0 0 0 1 1 1 1 1 1 0 0 0 1 1 0 1 0 1 1 0 1 1 0 0 0 0 0 1 0 1 0 0 1 0 0 0 1 1 0 1 1 1 0 0 1 1 1 1 1 0 0 0 1 1 1 0 0 1 0 1 0 0 0 0 0 
0 0 0 0 1 1 1 0 1 1 1 0 0 1 1 1 1 1 1 0 0 1 1 0 0 1 0 1 0 0 1 0 0 1 1 0 1 1 0 1 0 1 0 0 1 0 1 1 1 0 0 0 1 1 0 1 1 1 1 0 1 0 0 0 0 1 0 0 0 1 1 0 0 1 0 1 0 0 1 1 0 1 1 0 0 1 1 0 1 0 1 0 1 1 0 1 0 0 0 1 0 0 0 0 0 0 1 1 1 1 1 0 0 1 1 1 1 1 0 1 0 0 0 0 0 0 0 0 0 0 1 0 1 1 0 1 0 0 0 0 1 1 0 1 1 1 1 0 0 0 0 1 0 0 1 1 1 0 1 1 0 1 0 1 1 1 1 0 0 0 0 0 1 1 0 0 0 1 0 0 1 1 0 0 1 1 0 0 0 0 0 0 0 1 0 1 0 1 1 1 
0 0 1 1 1 0 0 0 0 1 0 1 1 0 0 0 0 1 0 0 1 0 0 0 1 1 0 1 1 0 0 0 1 1 1 1 0 0 1 0 1 0 0 1 0 1 0 0 0 0 1 0 1 0 1 0 0 0 1 1 0 0 0 1 1 0 1 0 1 0 1 1 1 0 1 0 1 1 0 0 0 0 1 1 0 0 0 0 0 1 0 0 0 0 1 0 1 1 1 0 1 1 1 1 1 1 0 0 1 0 0 1 1 1 0 0 0 1 0 0 1 0 1 1 1 0 1 0 0 1 0 0 0 0 1 0 0 0 1 1 0 1 1 0 0 0 0 1 1 0 1 0 1 1 0 0 1 0 0 0 0 0 1 0 1 0 0 1 0 1 0 0 1 0 1 1 1 0 0 0 0 1 0 1 0 0 0 1 1 1 0 0 1 0 1 0 0 0 0 0 
0 0 1 1 1 1 1 1 1 1 0 1 1 0 1 1 1 1 0 0 1 0 0 0 1 1 0 1 0 0 0 0 0 1 1 1 1 0 1 1 1 1 0 0 1 1 1 1 0 0 1 0 1 0 1 0 0 1 1 1 0 0 0 0 1 1 1 0 1 0 1 0 0 1 1 1 1 0 0 1 0 0 1 1 0 1 0 0 0 1 0 0 1 0 0 0 0 1 0 0 1 1 1 1 1 1 1 0 1 1 1 0 1 1 1 1 1 1 1 1 1 0 0 1 0 0 0 0 1 1 1 1 0 1 0 0 1 1 1 1 1 1 0 0 0 0 0 1 1 0 1 0 1 1 0 1 1 0 1 0 0 0 1 0 1 0 1 1 1 1 1 1 0 0 0 1 0 0 0 0 0 1 0 1 1 0 1 1 1 1 0 0 0 0 1 1 0 1 1 0 
0 0 0 0 1 1 1 0 1 1 1 0 0 1 1 1 1 1 1 1 0 1 1 0 0 0 1 0 0 0 1 1 0 0 1 0 1 1 0 1 0 1 0 0 1 0 1 1 1 0 0 0 1 1 0 1 1 1 1 0 1 1 1 0 0 1 0 0 0 1 1 0 0 0 0 1 0 0 1 1 0 1 1 0 1 1 1 1 1 0 1 0 1 1 0 1 0 0 0 1 0 0 0 0 0 0 1 1 1 1 1 0 0 1 1 1 1 0 0 1 0 0 0 0 0 0 0 0 0 0 1 0 1 1 0 1 0 0 0 0 1 1 0 1 1 1 1 0 0 0 0 1 0 0 1 1 0 0 1 1 1 1 0 1 1 1 1 0 0 0 1 0 0 0 0 0 0 1 0 0 1 1 0 0 0 1 0 0 0 0 0 0 0 1 0 1 0 1 1 1 
1 1 1 1 1 0 0 0 0 1 0 1 0 0 0 1 0 1 0 1 0 0 0 1 1 0 1 0 1 1 1 1 1 0 1 0 0 0 1 0 0 0 1 1 1 1 0 0 0 1 1 0 1 0 1 1 0 0 1 1 0 1 1 1 0 0 0 1 0 0 1 1 1 0 0 1 1 1 0 0 1 0 1 1 1 0 1 0 0 1 0 0 1 0 1 0 1 1 1 0 0 0 0 1 1 1 0 0 1 1 0 1 0 1 0 0 0 0 0 1 1 1 1 1 1 0 1 1 0 0 0 0 0 0 1 0 0 0 1 1 1 1 1 1 0 0 0 1 1 1 1 0 0 1 1 0 0 1 0 0 0 0 1 1 1 0 0 1 0 1 0 1 0 0 0 1 1 0 1 1 1 1 1 1 0 0 0 0 1 1 1 1 1 0 0 0 1 0 0 0 
1 0 1 1 1 0 1 0 1 1 0 1 0 0 0 1 0 1 0 1 0 0 0 1 1 1 1 1 1 1 1 1 1 1 1 0 0 0 1 0 1 1 1 1 1 1 0 1 0 0 1 0 1 0 1 0 0 0 1 1 0 1 1 1 0 1 1 1 1 0 1 1 1 0 1 1 1 1 0 1 0 0 1 1 0 0 1 0 0 1 0 0 1 0 1 0 1 1 1 0 1 0 1 1 1 1 0 0 1 1 0 1 1 1 0 0 0 1 0 1 1 1 1 1 1 0 1 1 0 1 0 0 0 0 1 0 0 0 1 1 1 1 1 1 0 0 0 1 1 0 1 0 1 1 0 1 1 1 0 0 0 0 1 1 1 0 0 1 0 1 0 1 1 0 1 0 1 0 0 1 1 1 1 1 0 0 0 1 1 1 1 1 1 0 1 0 1 0 0 0 
1 1 1 1 0 0 0 0 0 0 0 1 0 0 0 0 0 1 0 1 0 0 0 1 1 0 1 0 1 1 0 1 1 0 1 0 0 0 1 0 0 0 1 1 0 1 0 0 0 1 1 0 1 0 1 0 0 0 1 1 0 1 1 1 0 0 0 1 0 0 0 1 1 0 0 1 1 1 0 0 1 0 1 1 0 0 0 0 0 1 0 0 1 0 1 0 1 1 1 0 0 0 0 1 1 1 0 0 0 1 0 1 0 1 0 0 0 0 0 0 1 1 1 1 1 0 1 1 0 0 0 0 0 0 1 0 0 0 1 1 0 1 1 1 0 0 0 1 1 1 1 0 0 1 0 0 0 1 0 0 0 0 1 0 0 0 0 1 0 1 0 1 0 0 1 1 0 0 1 1 1 1 1 1 0 0 0 0 1 0 1 1 1 0 0 0 1 0 0 0 
1 1 0 0 1 1 1 0 1 1 1 0 0 1 1 1 1 1 1 1 0 1 1 1 0 0 1 0 0 1 1 1 0 0 1 0 1 1 0 1 0 1 1 0 1 0 0 1 1 1 0 1 1 1 0 1 1 0 1 0 1 1 1 0 0 1 0 0 0 1 1 1 0 0 0 1 0 0 1 1 1 1 1 0 1 1 1 1 1 0 1 1 1 1 0 1 0 0 0 1 0 0 0 0 0 0 1 1 1 1 1 0 0 1 1 1 1 0 0 1 0 0 0 0 0 1 0 0 0 0 0 0 1 1 0 1 0 0 0 0 1 1 0 1 1 1 1 1 0 0 1 1 0 0 1 1 0 1 0 1 1 1 0 1 1 1 0 0 0 0 1 0 0 1 0 0 0 0 0 1 1 1 0 0 0 1 0 0 1 0 1 1 0 1 0 1 0 1 0 1 
1 1 0 0 0 0 0 0 0 0 1 0 0 0 0 1 0 1 0 1 0 0 1 1 0 0 1 0 0 1 1 1 1 0 0 0 0 1 0 0 0 0 1 0 0 0 0 0 0 1 0 1 1 0 0 1 0 0 0 0 0 1 1 1 0 0 0 1 0 0 0 1 1 0 0 1 0 0 0 0 1 1 1 0 1 0 1 1 0 0 0 1 1 1 1 0 1 0 1 0 0 0 0 0 0 0 0 0 0 1 0 0 0 0 0 0 0 0 0 0 0 1 1 1 0 1 0 1 0 0 0 0 0 0 0 1 0 0 0 1 1 1 1 1 0 1 0 1 1 1 1 0 0 1 1 0 0 1 0 0 1 0 0 1 0 0 0 0 0 0 0 0 0 0 1 0 1 0 0 1 1 1 1 1 0 1 0 0 0 0 1 1 0 0 0 0 1 0 0 0 
1 1 1 1 1 0 1 0 1 1 1 1 0 0 0 1 0 1 1 1 0 0 1 1 1 0 1 0 1 1 1 1 1 0 1 0 0 1 1 0 0 1 1 0 1 1 0 0 0 1 0 1 1 0 1 1 0 0 1 0 0 1 1 1 0 1 0 1 0 0 1 1 1 0 0 1 1 1 0 1 1 1 1 0 1 1 1 1 0 1 0 1 1 1 1 0 1 1 1 0 0 0 0 0 0 1 0 0 1 1 0 1 0 1 0 0 0 0 0 1 0 1 1 1 1 1 1 1 0 0 0 0 1 0 0 1 0 0 1 1 1 1 1 1 1 1 0 1 1 1 1 0 0 1 1 1 0 1 0 0 1 0 0 1 1 0 0 1 0 1 0 0 0 0 1 1 1 1 1 0 1 1 1 1 0 1 0 0 1 0 1 1 1 0 0 1 1 0 0 0 
1 1 1 1 1 1 1 0 1 1 1 1 0 0 1 1 0 1 1 1 0 0 1 1 1 0 1 0 0 1 1 1 1 0 1 0 0 1 0 0 0 1 1 0 1 0 0 1 0 1 0 1 1 0 1 1 0 0 1 0 0 1 1 1 0 1 0 1 0 1 1 1 1 0 1 1 1 0 0 1 1 1 1 0 1 1 1 1 1 1 1 1 1 1 1 0 1 1 1 0 0 0 0 0 0 1 0 0 1 1 0 1 0 1 1 1 0 0 0 1 0 1 1 1 1 1 1 1 0 0 0 0 1 0 0 1 0 0 1 1 1 1 1 1 1 1 0 1 1 1 1 0 0 1 1 1 0 1 0 1 1 1 0 1 1 1 0 1 0 1 1 0 0 1 1 1 1 1 1 1 0 1 1 1 0 1 0 0 1 0 1 1 1 0 0 1 1 0 0 1 
1 1 1 1 1 1 1 0 1 1 1 1 0 0 1 1 0 1 1 1 0 0 1 1 1 1 1 1 0 1 1 1 1 1 1 0 1 1 1 1 1 1 1 0 1 1 0 1 0 1 1 0 1 0 1 1 0 1 1 1 0 1 1 1 0 1 1 1 1 0 1 1 1 1 1 1 1 0 0 1 1 1 1 1 1 1 1 1 1 1 1 0 1 1 1 0 1 1 1 0 1 1 1 1 1 1 1 0 1 1 0 1 1 1 1 1 0 1 0 1 1 1 1 1 1 0 1 1 0 1 0 0 1 1 0 1 0 0 1 1 1 1 1 1 1 1 0 1 1 0 1 0 1 1 1 1 1 1 0 1 0 1 1 1 1 1 1 1 1 1 1 1 1 1 1 1 1 1 1 1 1 0 1 1 1 1 0 1 1 1 1 1 1 0 1 1 1 1 1 0 
1 1 1 1 0 0 0 0 0 0 0 1 0 0 0 1 0 1 0 1 0 0 0 1 1 0 1 0 1 1 1 1 1 0 1 0 0 1 0 0 0 0 1 0 0 0 0 0 0 1 0 1 1 0 1 1 0 0 1 0 0 1 1 1 0 0 0 1 0 0 0 1 1 0 0 1 1 1 0 0 1 0 1 0 1 0 1 1 0 1 0 1 1 0 1 0 1 1 1 0 0 0 0 0 0 0 0 0 0 1 0 1 0 1 0 0 0 0 0 1 0 1 1 1 1 1 1 1 0 0 0 0 0 0 0 0 0 0 1 1 1 1 1 1 0 1 0 1 1 1 1 0 0 1 1 0 0 1 0 0 1 0 0 1 0 0 0 1 0 1 0 0 0 0 1 1 1 0 1 1 1 1 0 1 0 1 0 0 1 0 1 1 1 0 0 0 1 0 0 0 
1 1 1 1 1 1 1 0 1 1 1 1 0 0 0 1 0 1 0 1 0 0 1 1 1 1 1 1 1 1 1 1 1 1 1 0 0 1 1 1 1 1 1 1 1 1 0 1 0 1 1 0 1 0 1 1 0 0 1 1 0 1 1 1 0 1 1 1 1 0 1 1 1 0 1 1 1 1 0 1 1 1 1 1 1 1 1 0 0 1 0 0 1 0 1 0 1 1 1 0 1 0 1 1 1 1 1 0 1 1 0 1 1 1 0 1 0 1 0 1 1 1 1 1 1 0 1 1 0 1 0 0 0 0 1 1 0 0 1 1 1 1 1 1 0 0 0 1 1 1 1 0 1 1 1 1 1 1 0 0 0 0 1 1 1 0 0 1 0 1 0 1 1 0 1 1 1 0 1 1 1 1 1 0 0 1 0 0 1 1 1 1 1 0 1 1 1 0 0 0 
0 0 0 0 1 1 1 1 1 1 0 0 1 0 1 0 1 1 0 0 1 1 0 0 0 1 0 1 0 0 0 0 0 1 1 1 1 0 0 1 1 1 0 0 1 0 1 1 1 0 0 0 0 0 0 0 0 1 1 0 0 0 0 0 1 1 1 0 1 0 1 0 0 1 1 0 0 0 0 0 0 0 0 0 0 1 0 0 0 0 1 0 0 0 0 0 0 0 0 0 1 1 1 0 0 1 1 0 1 0 1 0 0 1 1 1 1 1 1 1 0 0 0 0 0 0 0 0 1 0 1 1 0 1 0 0 1 1 0 0 0 0 0 0 0 0 0 0 0 0 0 1 1 0 0 1 1 0 1 0 0 0 0 0 1 0 1 0 1 0 1 0 1 0 0 0 0 0 0 0 0 1 0 0 0 0 1 1 0 0 0 0 0 1 1 1 0 1 1 0 
1 1 0 0 1 1 1 0 1 1 1 0 0 1 1 1 0 1 1 1 0 1 1 1 0 0 1 0 0 1 1 1 0 0 1 0 0 1 0 0 0 1 1 0 1 0 0 0 0 1 0 1 1 0 0 1 1 0 1 0 1 1 1 0 0 1 0 1 0 1 0 1 0 0 0 1 0 0 0 1 1 1 1 0 1 1 1 1 1 0 1 1 1 1 0 0 0 0 1 0 0 0 0 0 0 0 0 0 1 1 0 0 0 1 1 1 0 0 0 1 0 0 1 1 0 1 0 1 0 0 0 0 1 1 0 1 0 0 0 0 1 1 0 1 1 1 1 1 1 1 1 0 0 1 1 1 0 1 0 1 1 1 0 1 1 1 0 0 0 0 1 0 0 1 0 0 0 1 1 1 1 1 1 1 0 0 0 0 1 0 1 1 0 0 0 1 1 1 0 1 
0 0 0 0 1 1 1 1 1 1 0 0 1 0 0 0 1 0 0 0 1 0 0 0 0 1 0 1 0 0 0 0 0 1 0 1 1 0 0 1 1 0 0 0 0 0 1 1 0 0 0 0 0 0 0 0 0 1 0 0 0 0 0 0 1 0 1 0 1 0 1 0 0 1 1 0 0 0 0 0 0 0 0 0 0 0 0 0 0 0 0 0 0 0 0 0 0 0 0 0 1 1 1 0 0 0 1 0 1 0 1 0 0 0 0 1 1 1 1 0 0 0 0 0 0 0 0 0 1 0 1 1 0 1 0 0 1 1 0 0 0 0 0 0 0 0 0 0 0 0 0 0 1 0 0 0 1 0 1 0 0 0 0 0 1 0 1 0 1 0 0 0 1 0 0 0 0 0 0 0 0 0 0 0 1 0 0 1 0 1 0 0 0 0 1 0 0 0 1 0 
0 0 1 1 1 1 1 1 1 1 0 1 1 0 0 0 0 1 0 0 1 0 0 0 1 1 0 1 0 0 0 0 0 1 1 1 0 0 1 1 1 1 0 0 1 0 1 1 0 0 1 0 0 0 1 0 0 1 1 0 0 0 0 0 1 0 1 0 1 0 1 0 0 1 1 0 1 0 0 0 0 0 0 1 0 0 0 0 0 1 0 0 0 0 0 0 0 1 0 0 1 1 1 1 1 1 1 0 1 0 0 0 1 1 0 1 0 1 1 0 1 0 0 0 0 0 0 0 1 1 1 1 0 0 0 0 1 1 1 0 0 0 0 0 0 0 0 0 0 0 0 0 1 0 0 0 1 0 1 0 0 0 1 0 1 0 1 1 1 1 0 1 1 0 0 1 0 0 0 0 0 1 0 0 1 0 1 0 1 1 0 0 0 0 1 0 0 0 1 0 
1 0 1 1 1 1 1 0 1 1 1 1 1 0 1 1 0 1 0 1 0 0 1 1 1 1 1 1 1 1 1 1 1 1 1 0 0 1 1 1 1 1 1 1 1 1 0 1 0 1 1 0 1 0 1 1 0 1 1 1 0 1 1 1 1 1 1 1 1 0 1 1 1 1 1 1 1 1 0 1 1 1 1 1 1 1 1 0 0 1 0 0 1 0 1 0 1 1 1 0 1 1 1 1 1 1 1 0 1 1 0 1 1 1 1 1 0 1 0 1 1 1 1 1 1 0 1 1 0 1 0 0 1 1 1 1 0 0 1 1 1 1 1 1 1 0 0 1 1 0 1 0 1 1 1 1 1 1 0 0 0 0 1 1 1 1 0 1 1 1 0 1 1 0 1 1 1 1 0 1 1 1 1 1 0 1 0 1 0 1 1 1 1 0 1 1 1 0 1 0 
0 0 1 1 1 0 1 1 1 1 0 1 1 0 0 0 0 1 0 0 1 0 0 0 1 1 0 1 1 0 0 0 1 1 1 1 0 0 1 1 1 1 0 1 1 1 0 1 0 0 1 0 1 0 1 0 0 1 1 1 0 0 0 1 1 0 1 0 1 0 1 0 1 1 1 0 1 1 0 0 0 0 1 1 0 0 0 0 0 1 0 0 0 0 1 0 0 1 1 0 1 1 1 1 1 1 1 0 1 0 0 1 1 1 0 0 0 1 1 0 1 0 0 1 1 0 1 0 1 1 0 1 0 0 1 0 1 1 1 1 0 1 1 0 0 0 0 1 1 0 1 0 1 1 0 0 1 0 0 0 0 0 1 0 1 0 0 1 1 1 0 1 1 0 1 1 0 0 0 0 0 1 0 1 0 0 1 1 1 0 0 0 1 0 1 0 0 0 0 0 
1 1 0 0 0 0 0 0 0 0 1 0 0 0 0 1 0 1 0 1 0 0 1 1 0 0 1 0 0 1 1 1 1 0 0 0 0 1 0 0 0 0 1 0 0 0 0 0 0 1 0 1 1 0 0 1 0 0 1 0 0 1 1 1 0 1 0 1 0 0 0 1 1 0 0 1 0 0 0 1 1 1 1 0 1 0 1 1 0 1 0 1 1 1 1 0 1 0 1 0 0 0 0 0 0 0 0 0 0 1 0 0 0 0 0 0 0 0 0 1 0 1 1 1 0 1 0 1 0 0 0 0 1 0 0 1 0 0 0 1 1 1 1 1 0 1 0 1 1 1 1 0 0 1 1 0 0 1 0 0 1 0 0 1 0 0 0 0 0 0 0 0 0 0 1 1 1 1 1 1 1 1 1 1 0 1 0 0 1 0 0 1 0 0 0 0 1 0 0 0 
1 1 0 0 0 0 0 0 0 0 1 0 0 0 0 1 0 1 1 1 0 0 1 1 0 0 1 0 0 1 1 1 1 0 0 0 0 1 0 0 0 0 1 0 0 0 0 0 0 1 0 1 1 0 0 1 0 0 1 0 0 1 1 1 0 1 0 1 0 0 0 1 1 0 0 1 0 0 0 1 1 1 1 0 1 0 1 1 0 1 0 1 1 1 1 0 1 0 1 0 0 0 0 0 0 0 0 0 0 1 0 0 0 0 0 0 0 0 0 1 0 1 1 1 0 1 0 1 0 0 0 0 1 0 0 1 0 0 0 1 1 1 1 1 0 1 0 1 1 1 1 0 0 1 1 0 0 1 0 0 1 0 0 1 0 0 0 0 0 0 0 0 0 0 1 1 1 1 1 1 1 1 1 1 0 1 0 0 1 0 1 0 0 0 0 0 1 0 0 1 
1 0 1 1 0 0 0 0 0 0 0 1 0 0 0 0 0 1 0 1 0 0 0 1 1 0 1 0 1 1 0 1 1 0 0 0 0 0 1 0 0 0 0 1 0 1 0 0 0 0 1 0 1 0 1 0 0 0 0 1 0 1 0 1 0 0 0 1 0 0 0 1 1 0 0 0 1 1 0 0 0 0 1 1 0 0 0 0 0 1 0 0 0 0 1 0 1 1 1 0 0 0 1 1 1 1 0 0 0 0 0 1 1 1 0 0 0 0 0 0 1 1 1 1 1 0 1 1 0 1 0 0 0 0 1 0 0 0 1 1 0 1 1 0 0 0 0 1 1 1 1 0 0 1 0 0 0 1 0 0 0 0 1 0 0 0 0 1 0 1 0 1 0 0 1 1 1 0 0 1 1 1 1 1 0 0 0 0 1 1 0 0 0 0 1 0 1 0 0 0 
0 0 0 0 0 1 1 0 1 1 1 0 0 1 1 1 1 0 1 0 0 1 1 0 0 1 0 1 0 0 0 0 0 1 1 0 1 1 0 1 0 1 0 0 1 0 1 1 1 0 0 0 0 1 0 0 1 1 1 0 1 0 0 0 0 1 0 0 0 1 1 0 0 1 0 0 0 0 1 1 0 1 0 0 0 1 1 0 1 0 1 0 1 0 0 1 0 0 0 1 0 0 0 0 0 0 1 1 1 0 1 0 0 1 1 1 1 1 0 1 0 0 0 0 0 0 0 0 0 0 1 0 1 1 0 1 0 0 0 0 1 0 0 0 1 0 1 0 0 0 0 1 0 0 0 1 1 0 1 1 0 1 0 1 1 1 1 0 1 0 1 0 0 1 0 0 0 1 0 0 0 0 0 0 1 0 0 0 0 0 0 0 0 0 0 1 0 1 1 1 
0 0 1 1 1 1 1 1 1 1 0 1 1 0 0 0 0 1 0 0 1 0 0 0 1 1 0 1 1 0 0 0 0 1 1 1 0 0 1 1 1 1 0 1 1 1 0 1 0 0 1 0 1 0 1 0 0 1 1 1 0 0 0 0 1 0 1 0 1 0 1 0 1 1 1 0 1 0 0 0 0 0 1 1 0 0 0 0 0 1 0 0 0 0 1 0 0 1 1 0 1 1 1 1 1 1 1 0 1 0 0 1 1 1 0 0 0 1 1 1 1 0 0 1 1 0 1 0 1 1 0 1 0 0 1 0 1 1 1 1 0 1 1 0 0 0 0 1 1 0 1 0 1 1 0 0 1 0 0 0 0 0 1 0 1 0 0 1 1 1 0 1 1 0 0 1 0 0 0 0 0 1 0 1 1 0 1 1 1 1 0 0 1 0 0 0 0 0 1 0 
1 0 0 0 1 1 1 0 1 1 1 1 0 1 1 1 1 1 1 1 0 1 1 0 1 1 1 1 0 0 1 1 0 1 1 0 1 1 0 1 0 1 1 0 1 0 1 1 1 1 0 0 1 1 0 1 1 1 1 0 1 1 1 0 0 1 0 0 0 1 1 1 0 1 1 1 0 0 1 1 1 1 1 0 1 1 1 1 1 1 1 0 1 1 0 1 0 0 0 1 0 0 0 0 0 0 1 1 1 1 1 0 0 1 1 1 1 1 0 1 0 0 0 0 0 0 0 0 0 0 1 0 1 1 0 1 0 0 0 0 1 1 0 1 1 1 1 1 1 0 1 1 0 1 1 1 1 0 1 1 1 1 0 1 1 1 1 0 0 0 1 0 1 1 0 0 0 1 0 1 1 1 0 1 1 1 0 0 1 0 0 0 0 1 0 0 0 1 1 1 
1 1 0 0 0 0 0 0 0 0 1 1 0 0 0 1 0 1 0 1 0 0 1 1 1 0 1 0 0 1 1 1 1 0 0 0 0 1 0 0 0 0 1 0 0 0 0 0 0 1 0 1 1 0 0 1 0 0 1 0 0 1 1 1 0 0 0 1 0 0 0 1 1 0 0 1 0 0 0 1 1 1 1 0 1 0 1 1 0 1 0 1 1 1 1 0 1 0 1 0 0 0 0 0 0 0 0 0 0 1 0 1 0 0 0 0 0 0 0 1 0 1 1 1 1 1 1 1 0 0 0 0 0 0 0 1 0 0 0 1 1 1 1 1 0 1 0 1 1 1 1 0 0 1 1 0 0 1 0 0 1 0 0 1 0 0 0 0 0 0 0 0 0 0 1 1 1 0 1 1 1 1 1 1 0 1 0 0 1 0 1 1 1 0 0 0 0 0 0 0 
0 0 0 0 1 1 1 0 1 1 1 0 0 1 1 1 1 1 1 0 0 1 1 0 0 1 0 1 0 0 1 0 0 1 1 0 1 1 0 1 0 1 0 0 1 0 1 1 1 0 0 0 0 1 0 0 1 1 1 0 1 0 0 0 0 1 0 0 0 1 1 0 0 1 0 0 0 0 1 1 0 1 1 0 0 1 1 0 1 0 1 0 1 1 0 1 0 0 0 1 1 0 0 0 0 0 1 1 1 1 1 0 0 1 1 1 1 1 0 1 0 0 0 0 0 0 0 0 0 0 1 0 1 1 0 1 0 0 0 0 1 1 0 0 1 0 1 0 0 0 0 1 0 0 0 1 1 0 1 1 0 1 0 1 1 1 1 0 1 0 1 0 1 1 0 0 0 1 0 0 0 1 0 0 1 1 0 0 0 0 0 0 0 1 0 1 0 0 1 1 
0 0 0 0 1 1 1 1 1 1 0 0 1 1 1 1 1 1 0 0 1 1 0 0 0 1 0 1 0 0 0 0 0 1 1 1 1 0 0 1 1 1 0 0 1 0 1 1 1 0 0 0 0 0 0 0 0 1 1 0 0 0 0 0 1 1 1 0 1 0 1 0 0 1 1 0 0 0 0 1 0 0 1 0 0 1 0 0 1 0 1 0 1 0 0 1 0 0 0 0 1 1 0 0 0 1 1 0 1 0 1 0 0 1 1 1 1 1 1 1 0 0 0 0 0 0 0 0 1 0 1 1 0 1 0 1 1 1 0 0 1 1 0 0 1 0 0 0 0 0 0 1 1 0 0 1 1 0 1 0 0 0 0 0 1 1 1 1 1 0 1 0 1 1 0 0 0 0 0 0 0 1 0 0 1 0 1 1 1 0 0 0 0 1 1 1 0 1 0 0 
1 0 0 0 0 1 0 0 0 0 1 0 0 1 1 1 0 0 1 1 0 1 1 0 0 0 1 0 0 0 1 1 0 0 0 0 0 1 0 0 0 1 1 0 1 0 0 0 0 1 0 1 0 1 0 1 1 0 1 0 1 1 1 0 0 1 0 0 0 1 0 0 0 0 0 1 0 0 1 1 1 1 1 0 1 1 1 1 1 0 1 1 1 1 0 1 0 0 0 1 0 0 0 0 0 0 0 1 0 1 0 0 0 0 1 1 0 0 0 1 0 0 0 0 0 1 0 0 0 0 0 0 1 1 0 1 0 0 0 0 1 0 0 1 1 1 1 0 0 0 0 0 0 0 1 1 0 1 0 1 1 1 0 1 0 1 0 0 0 0 1 0 0 1 0 0 0 1 0 0 1 0 0 0 0 1 0 0 0 0 0 1 0 1 0 1 0 1 0 0 
