50 75 0.769796
1 94 63
2 55 71
3 12 1
4 37 56
5 50 81
6 84 51
7 12 58
8 98 76
9 25 39
10 5 96
11 61 66
12 96 3
13 74 43
14 43 9
15 55 89
16 18 43
17 79 20
18 72 4
19 20 2
20 54 5
21 75 3
22 21 98
23 70 11
24 74 3
25 33 67
26 9 38
27 97 26
28 20 56
29 18 10
30 37 13
31 42 45
32 37 75
33 71 73
34 82 16
35 61 23
36 59 93
37 8 79
38 54 42
39 9 77
40 67 6
41 38 54
42 75 69
43 31 83
44 32 97
45 58 17
46 63 57
47 10 96
48 61 97
49 84 89
50 70 57
0 1 0 1 1 1 0 1 1 0 1 1 1 1 1 0 1 1 0 1 1 0 1 1 1 0 1 1 0 0 1 1 1 1 1 1 0 1 0 1 1 1 1 1 1 1 0 1 1 1 
1 0 0 1 1 1 1 1 1 1 1 0 1 1 1 1 1 1 0 1 1 1 1 1 1 1 1 1 1 1 1 1 1 1 1 1 1 1 1 1 1 1 1 1 1 1 1 1 1 1 
0 0 0 1 0 0 1 0 1 0 0 0 1 1 0 1 1 1 1 1 1 0 1 1 1 1 0 1 1 1 1 0 0 1 1 0 0 1 0 1 1 0 0 0 1 0 0 0 0 0 
1 1 1 0 1 1 1 1 1 1 1 0 1 1 1 1 1 1 1 1 1 1 1 1 1 1 1 1 1 1 1 1 1 1 1 1 1 1 1 1 1 1 1 1 1 1 1 1 1 1 
1 1 0 1 0 1 1 1 1 1 1 0 1 1 1 1 1 0 0 0 0 1 1 0 1 1 1 1 0 1 1 1 1 1 1 1 1 1 1 0 1 1 1 1 1 1 1 1 1 1 
1 1 0 1 1 0 1 1 1 0 1 1 1 1 1 1 1 1 0 1 1 0 1 1 1 0 1 1 0 1 1 1 1 1 1 1 0 1 0 1 1 1 1 1 1 1 0 1 1 1 
0 1 1 1 1 1 0 0 1 1 1 0 1 1 1 1 0 0 1 1 0 1 1 0 1 1 0 1 1 1 1 1 1 0 1 1 1 1 1 0 1 1 1 1 1 1 1 1 0 1 
1 1 0 1 1 1 0 0 0 0 1 1 1 0 1 0 1 0 0 0 0 0 1 0 1 0 1 0 0 0 1 1 1 1 1 1 0 1 0 0 1 1 1 1 1 1 0 1 1 1 
1 1 1 1 1 1 1 0 0 1 1 0 1 1 1 1 1 1 1 1 1 1 1 1 1 1 1 1 1 1 1 1 1 1 1 1 1 1 1 1 1 1 1 1 1 1 1 1 0 1 
0 1 0 1 1 0 1 0 1 0 1 0 0 0 1 1 0 0 0 0 0 1 0 0 1 1 0 1 0 0 1 1 1 0 0 1 1 1 1 0 1 0 1 1 0 1 1 1 0 0 
1 1 0 1 1 1 1 1 1 1 0 1 1 1 1 1 1 1 0 1 1 1 1 1 1 1 1 1 1 1 1 1 1 1 1 1 1 1 1 1 1 1 1 1 1 1 1 1 1 1 
1 0 0 0 0 1 0 1 0 0 1 0 1 1 0 0 1 1 0 1 1 0 1 1 0 0 1 0 0 1 1 0 1 1 1 0 0 1 0 1 0 1 0 0 1 1 0 0 0 1 
1 1 1 1 1 1 1 1 1 0 1 1 0 1 1 1 1 1 1 1 1 0 1 1 1 1 1 1 1 1 1 1 1 1 1 1 0 1 1 1 1 1 1 1 1 1 0 1 1 1 
1 1 1 1 1 1 1 0 1 0 1 1 1 0 0 1 1 1 1 1 1 0 1 1 1 1 1 1 1 1 1 1 1 1 1 0 0 1 0 1 1 1 1 0 1 1 0 0 0 1 
1 1 0 1 1 1 1 1 1 1 1 0 1 0 0 1 1 0 0 0 0 1 0 0 1 1 0 1 0 0 1 1 1 0 1 1 1 1 1 0 1 1 1 1 1 1 1 1 1 1 
0 1 1 1 1 1 1 0 1 1 1 0 1 1 1 0 1 1 1 1 1 1 1 1 1 1 0 1 1 1 1 1 1 1 1 1 1 1 1 1 1 1 1 1 1 1 1 1 0 1 
1 1 1 1 1 1 0 1 1 0 1 1 1 1 1 1 0 1 1 1 1 0 1 1 1 1 1 1 1 1 1 1 1 1 1 0 0 1 0 1 1 1 0 0 1 1 0 0 1 1 
1 1 1 1 0 1 0 0 1 0 1 1 1 1 0 1 1 0 1 1 1 0 1 1 1 1 1 1 1 1 1 0 1 1 1 0 0 1 0 1 1 1 0 0 1 1 0 0 0 1 
0 0 1 1 0 0 1 0 1 0 0 0 1 1 0 1 1 1 0 1 1 0 1 1 1 1 0 1 1 1 1 1 0 1 1 0 0 1 0 1 1 0 0 0 1 1 0 0 0 1 
1 1 1 1 0 1 1 0 1 0 1 1 1 1 0 1 1 1 1 0 1 0 1 1 1 1 1 1 1 1 1 1 1 1 1 0 0 1 0 1 1 1 0 0 1 1 0 0 0 1 
1 1 1 1 0 1 0 0 1 0 1 1 1 1 0 1 1 1 1 1 0 0 1 1 0 1 1 0 1 1 1 0 1 1 1 0 0 1 0 1 1 1 0 0 1 1 0 0 0 1 
0 1 0 1 1 0 1 0 1 1 1 0 0 0 1 1 0 0 0 0 0 0 0 0 1 1 0 1 0 0 1 1 1 0 0 1 1 1 1 0 1 1 1 1 0 1 1 1 1 1 
1 1 1 1 1 1 1 1 1 0 1 1 1 1 0 1 1 1 1 1 1 0 0 1 1 1 1 1 1 1 1 1 1 1 1 0 0 1 0 1 1 1 0 0 1 1 0 0 0 1 
1 1 1 1 0 1 0 0 1 0 1 1 1 1 0 1 1 1 1 1 1 0 1 0 0 1 1 0 1 1 1 0 1 1 1 0 0 1 0 1 1 1 0 0 1 1 0 0 0 1 
1 1 1 1 1 1 1 1 1 1 1 0 1 1 1 1 1 1 1 1 0 1 1 0 0 1 0 1 1 1 1 1 1 1 1 1 1 1 1 1 1 1 1 1 1 1 1 1 1 1 
0 1 1 1 1 0 1 0 1 1 1 0 1 1 1 1 1 1 1 1 1 1 1 1 1 0 0 1 1 1 1 1 1 0 1 1 1 1 1 1 1 1 1 1 1 1 1 0 0 1 
1 1 0 1 1 1 0 1 1 0 1 1 1 1 0 0 1 1 0 1 1 0 1 1 0 0 0 0 0 1 1 0 1 1 1 0 0 1 0 1 1 1 0 0 1 1 0 0 1 1 
1 1 1 1 1 1 1 0 1 1 1 0 1 1 1 1 1 1 1 1 0 1 1 0 1 1 0 0 1 1 1 1 1 1 1 1 1 1 1 1 1 1 1 1 1 1 1 1 1 1 
0 1 1 1 0 0 1 0 1 0 1 0 1 1 0 1 1 1 1 1 1 0 1 1 1 1 0 1 0 1 1 1 0 1 1 0 1 1 1 1 1 0 1 0 1 1 0 0 0 1 
0 1 1 1 1 1 1 0 1 0 1 1 1 1 0 1 1 1 1 1 1 0 1 1 1 1 1 1 1 0 1 1 1 1 1 0 1 1 1 1 1 1 1 0 1 1 0 0 0 1 
1 1 1 1 1 1 1 1 1 1 1 1 1 1 1 1 1 1 1 1 1 1 1 1 1 1 1 1 1 1 0 1 1 1 1 1 1 1 1 1 1 1 1 1 1 1 1 1 1 1 
1 1 0 1 1 1 1 1 1 1 1 0 1 1 1 1 1 0 1 1 0 1 1 0 1 1 0 1 1 1 1 0 1 1 1 1 1 1 1 0 1 1 1 1 1 1 1 1 1 1 
1 1 0 1 1 1 1 1 1 1 1 1 1 1 1 1 1 1 0 1 1 1 1 1 1 1 1 1 0 1 1 1 0 1 1 1 1 1 1 1 1 1 1 1 1 1 1 1 1 1 
1 1 1 1 1 1 0 1 1 0 1 1 1 1 0 1 1 1 1 1 1 0 1 1 1 0 1 1 1 1 1 1 1 0 1 0 0 1 0 1 1 1 0 0 1 1 0 0 1 1 
1 1 1 1 1 1 1 1 1 0 1 1 1 1 1 1 1 1 1 1 1 0 1 1 1 1 1 1 1 1 1 1 1 1 0 1 0 1 1 1 1 1 1 0 1 1 0 1 1 1 
1 1 0 1 1 1 1 1 1 1 1 0 1 0 1 1 0 0 0 0 0 1 0 0 1 1 0 1 0 0 1 1 1 0 1 0 1 1 1 0 1 1 1 1 0 1 1 1 1 1 
0 1 0 1 1 0 1 0 1 1 1 0 0 0 1 1 0 0 0 0 0 1 0 0 1 1 0 1 1 1 1 1 1 0 0 1 0 1 1 0 1 1 1 1 0 1 1 1 0 1 
1 1 1 1 1 1 1 1 1 1 1 1 1 1 1 1 1 1 1 1 1 1 1 1 1 1 1 1 1 1 1 1 1 1 1 1 1 0 1 1 1 1 1 1 1 1 1 1 1 1 
0 1 0 1 1 0 1 0 1 1 1 0 1 0 1 1 0 0 0 0 0 1 0 0 1 1 0 1 1 1 1 1 1 0 1 1 1 1 0 0 1 1 1 1 0 1 1 1 0 1 
1 1 1 1 0 1 0 0 1 0 1 1 1 1 0 1 1 1 1 1 1 0 1 1 1 1 1 1 1 1 1 0 1 1 1 0 0 1 0 0 1 1 0 0 1 1 0 0 0 1 
1 1 1 1 1 1 1 1 1 1 1 0 1 1 1 1 1 1 1 1 1 1 1 1 1 1 1 1 1 1 1 1 1 1 1 1 1 1 1 1 0 1 1 1 1 1 1 1 1 1 
1 1 0 1 1 1 1 1 1 0 1 1 1 1 1 1 1 1 0 1 1 1 1 1 1 1 1 1 0 1 1 1 1 1 1 1 1 1 1 1 1 0 1 1 1 1 1 1 1 1 
1 1 0 1 1 1 1 1 1 1 1 0 1 1 1 1 0 0 0 0 0 1 0 0 1 1 0 1 1 1 1 1 1 0 1 1 1 1 1 0 1 1 0 1 1 1 1 1 1 1 
1 1 0 1 1 1 1 1 1 1 1 0 1 0 1 1 0 0 0 0 0 1 0 0 1 1 0 1 0 0 1 1 1 0 0 1 1 1 1 0 1 1 1 0 0 1 1 1 1 1 
1 1 1 1 1 1 1 1 1 0 1 1 1 1 1 1 1 1 1 1 1 0 1 1 1 1 1 1 1 1 1 1 1 1 1 0 0 1 0 1 1 1 1 0 0 1 0 0 0 1 
1 1 0 1 1 1 1 1 1 1 1 1 1 1 1 1 1 1 1 1 1 1 1 1 1 1 1 1 1 1 1 1 1 1 1 1 1 1 1 1 1 1 1 1 1 0 1 1 1 1 
0 1 0 1 1 0 1 0 1 1 1 0 0 0 1 1 0 0 0 0 0 1 0 0 1 1 0 1 0 0 1 1 1 0 0 1 1 1 1 0 1 1 1 1 0 1 0 1 1 1 
1 1 0 1 1 1 1 1 1 1 1 0 1 0 1 1 0 0 0 0 0 1 0 0 1 0 0 1 0 0 1 1 1 0 1 1 1 1 1 0 1 1 1 1 0 1 1 0 1 1 
1 1 0 1 1 1 0 1 0 0 1 0 1 0 1 0 1 0 0 0 0 1 0 0 1 0 1 1 0 0 1 1 1 1 1 1 0 1 0 0 1 1 1 1 0 1 1 1 0 1 
1 1 0 1 1 1 1 1 1 0 1 1 1 1 1 1 1 1 1 1 1 1 1 1 1 1 1 1 1 1 1 1 1 1 1 1 1 1 1 1 1 1 1 1 1 1 1 1 1 0 
