50 50 0.433469
1 43 96
2 18 40
3 74 50
4 6 28
5 35 51
6 62 88
7 23 67
8 95 26
9 36 19
10 36 36
11 10 61
12 87 64
13 1 16
14 10 68
15 31 60
16 53 26
17 41 94
18 90 11
19 83 71
20 33 26
21 87 69
22 37 67
23 90 6
24 43 44
25 21 29
26 34 25
27 5 75
28 82 71
29 38 27
30 65 2
31 21 3
32 35 100
33 3 44
34 23 42
35 47 7
36 6 55
37 7 81
38 86 49
39 15 12
40 80 16
41 87 6
42 95 59
43 97 1
44 78 7
45 91 87
46 24 87
47 96 45
48 86 97
49 51 56
50 37 64
0 0 0 0 1 1 1 0 0 0 1 0 0 1 1 0 1 0 1 0 0 1 0 0 0 0 1 1 0 0 0 1 0 0 0 0 1 0 0 0 0 0 0 0 1 1 0 1 1 1 
0 0 0 1 1 0 1 0 1 1 1 0 1 1 1 1 0 0 0 1 0 1 0 1 1 1 1 0 1 0 1 0 1 1 1 1 1 0 1 0 0 0 0 0 0 1 0 0 1 1 
0 0 0 0 1 1 0 1 1 1 0 1 0 0 1 1 0 1 1 1 1 1 1 1 0 1 0 1 1 1 0 0 0 0 0 0 0 1 0 1 1 1 0 1 1 0 1 1 1 1 
0 1 0 0 1 0 1 0 1 1 1 0 1 1 1 1 0 0 0 1 0 1 0 1 1 1 1 0 1 0 1 0 1 1 1 1 0 0 1 0 0 0 0 0 0 0 0 0 0 1 
1 1 1 1 0 1 1 0 1 1 1 0 1 1 1 1 1 0 0 1 0 1 0 1 1 1 1 0 1 0 1 1 1 1 1 1 1 0 1 0 0 0 0 0 0 1 0 0 1 1 
1 0 1 0 1 0 1 0 0 0 0 1 0 0 1 0 1 0 1 0 1 1 0 1 0 0 0 1 0 0 0 1 0 0 0 0 0 1 0 0 0 1 0 0 1 1 0 1 1 1 
1 1 0 1 1 1 0 0 1 1 1 0 0 1 1 0 1 0 0 1 0 1 0 1 1 1 1 0 1 0 0 1 1 1 0 1 1 0 0 0 0 0 0 0 0 1 0 0 1 1 
0 0 1 0 0 0 0 0 0 0 0 1 0 0 0 1 0 1 1 0 1 0 1 0 0 0 0 1 0 1 0 0 0 0 0 0 0 1 0 1 1 1 1 1 0 0 1 0 0 0 
0 1 1 1 1 0 1 0 0 1 1 0 1 0 1 1 0 0 0 1 0 1 0 1 1 1 0 0 1 1 1 0 1 1 1 1 0 0 1 1 0 0 0 1 0 0 0 0 1 1 
0 1 1 1 1 0 1 0 1 0 1 0 1 1 1 1 0 0 0 1 0 1 0 1 1 1 1 0 1 1 1 0 1 1 1 1 0 0 1 1 0 0 0 0 0 0 0 0 1 1 
1 1 0 1 1 0 1 0 1 1 0 0 1 1 1 0 1 0 0 1 0 1 0 1 1 1 1 0 1 0 0 1 1 1 0 1 1 0 1 0 0 0 0 0 0 1 0 0 1 1 
0 0 1 0 0 1 0 1 0 0 0 0 0 0 0 0 0 0 1 0 1 0 0 1 0 0 0 1 0 0 0 0 0 0 0 0 0 1 0 1 0 1 0 0 1 0 1 1 1 1 
0 1 0 1 1 0 0 0 1 1 1 0 0 0 0 0 0 0 0 1 0 0 0 0 1 1 0 0 1 0 1 0 1 1 1 1 0 0 1 0 0 0 0 0 0 0 0 0 0 0 
1 1 0 1 1 0 1 0 0 1 1 0 0 0 1 0 1 0 0 1 0 1 0 1 1 1 1 0 1 0 0 1 1 1 0 1 1 0 0 0 0 0 0 0 0 1 0 0 1 1 
1 1 1 1 1 1 1 0 1 1 1 0 0 1 0 1 1 0 0 1 0 1 0 1 1 1 1 0 1 0 0 1 1 1 0 1 1 0 0 0 0 0 0 0 0 1 0 0 1 1 
0 1 1 1 1 0 0 1 1 1 0 0 0 0 1 0 0 1 0 1 0 1 1 1 1 1 0 0 1 1 1 0 0 1 1 0 0 1 1 1 1 0 0 1 0 0 1 0 1 1 
1 0 0 0 1 1 1 0 0 0 1 0 0 1 1 0 0 0 1 0 0 1 0 0 0 0 1 1 0 0 0 1 0 0 0 0 1 0 0 0 0 0 0 0 0 1 0 1 1 1 
0 0 1 0 0 0 0 1 0 0 0 0 0 0 0 1 0 0 0 0 0 0 1 0 0 0 0 0 0 1 0 0 0 0 1 0 0 1 0 1 1 1 1 1 0 0 1 0 0 0 
1 0 1 0 0 1 0 1 0 0 0 1 0 0 0 0 1 0 0 0 1 1 0 1 0 0 0 1 0 0 0 0 0 0 0 0 0 1 0 0 0 1 0 0 1 0 1 1 1 1 
0 1 1 1 1 0 1 0 1 1 1 0 1 1 1 1 0 0 0 0 0 1 0 1 1 1 0 0 1 1 1 0 1 1 1 1 0 0 1 1 0 0 0 1 0 0 0 0 1 1 
0 0 1 0 0 1 0 1 0 0 0 1 0 0 0 0 0 0 1 0 0 0 0 0 0 0 0 1 0 0 0 0 0 0 0 0 0 1 0 0 0 1 0 0 1 0 1 1 1 0 
1 1 1 1 1 1 1 0 1 1 1 0 0 1 1 1 1 0 1 1 0 0 0 1 1 1 1 1 1 0 0 1 1 1 0 1 1 0 0 0 0 0 0 0 0 1 0 0 1 1 
0 0 1 0 0 0 0 1 0 0 0 0 0 0 0 1 0 1 0 0 0 0 0 0 0 0 0 0 0 1 0 0 0 0 1 0 0 1 0 1 1 0 1 1 0 0 1 0 0 0 
0 1 1 1 1 1 1 0 1 1 1 1 0 1 1 1 0 0 1 1 0 1 0 0 1 1 1 1 1 1 1 0 1 1 1 1 0 1 1 1 0 0 0 0 0 1 0 0 1 1 
0 1 0 1 1 0 1 0 1 1 1 0 1 1 1 1 0 0 0 1 0 1 0 1 0 1 1 0 1 0 1 0 1 1 1 1 0 0 1 0 0 0 0 0 0 0 0 0 1 1 
0 1 1 1 1 0 1 0 1 1 1 0 1 1 1 1 0 0 0 1 0 1 0 1 1 0 0 0 1 1 1 0 1 1 1 1 0 0 1 1 0 0 0 1 0 0 0 0 1 1 
1 1 0 1 1 0 1 0 0 1 1 0 0 1 1 0 1 0 0 0 0 1 0 1 1 0 0 0 0 0 0 1 1 1 0 1 1 0 0 0 0 0 0 0 0 1 0 0 1 1 
1 0 1 0 0 1 0 1 0 0 0 1 0 0 0 0 1 0 1 0 1 1 0 1 0 0 0 0 0 0 0 0 0 0 0 0 0 1 0 0 0 1 0 0 1 0 1 1 1 1 
0 1 1 1 1 0 1 0 1 1 1 0 1 1 1 1 0 0 0 1 0 1 0 1 1 1 0 0 0 1 1 0 1 1 1 1 0 0 1 1 0 0 0 1 0 0 0 0 1 1 
0 0 1 0 0 0 0 1 1 1 0 0 0 0 0 1 0 1 0 1 0 0 1 1 0 1 0 0 1 0 1 0 0 0 1 0 0 0 0 1 1 0 1 1 0 0 0 0 0 0 
0 1 0 1 1 0 0 0 1 1 0 0 1 0 0 1 0 0 0 1 0 0 0 1 1 1 0 0 1 1 0 0 1 1 1 0 0 0 1 0 0 0 0 0 0 0 0 0 0 0 
1 0 0 0 1 1 1 0 0 0 1 0 0 1 1 0 1 0 0 0 0 1 0 0 0 0 1 0 0 0 0 0 0 0 0 0 1 0 0 0 0 0 0 0 0 1 0 0 1 1 
0 1 0 1 1 0 1 0 1 1 1 0 1 1 1 0 0 0 0 1 0 1 0 1 1 1 1 0 1 0 1 0 0 1 0 1 1 0 1 0 0 0 0 0 0 1 0 0 1 1 
0 1 0 1 1 0 1 0 1 1 1 0 1 1 1 1 0 0 0 1 0 1 0 1 1 1 1 0 1 0 1 0 1 0 1 1 1 0 1 0 0 0 0 0 0 1 0 0 1 1 
0 1 0 1 1 0 0 0 1 1 0 0 1 0 0 1 0 1 0 1 0 0 1 1 1 1 0 0 1 1 1 0 0 1 0 0 0 0 1 1 1 0 0 1 0 0 0 0 1 0 
0 1 0 1 1 0 1 0 1 1 1 0 1 1 1 0 0 0 0 1 0 1 0 1 1 1 1 0 1 0 0 0 1 1 0 0 1 0 1 0 0 0 0 0 0 1 0 0 1 1 
1 1 0 0 1 0 1 0 0 0 1 0 0 1 1 0 1 0 0 0 0 1 0 0 0 0 1 0 0 0 0 1 1 1 0 1 0 0 0 0 0 0 0 0 0 1 0 0 0 1 
0 0 1 0 0 1 0 1 0 0 0 1 0 0 0 1 0 1 1 0 1 0 1 1 0 0 0 1 0 0 0 0 0 0 0 0 0 0 0 1 1 1 1 1 1 0 1 1 1 0 
0 1 0 1 1 0 0 0 1 1 1 0 1 0 0 1 0 0 0 1 0 0 0 1 1 1 0 0 1 0 1 0 1 1 1 1 0 0 0 0 0 0 0 0 0 0 0 0 0 0 
0 0 1 0 0 0 0 1 1 1 0 1 0 0 0 1 0 1 0 1 0 0 1 1 0 1 0 0 1 1 0 0 0 0 1 0 0 1 0 0 1 1 1 1 0 0 1 0 1 0 
0 0 1 0 0 0 0 1 0 0 0 0 0 0 0 1 0 1 0 0 0 0 1 0 0 0 0 0 0 1 0 0 0 0 1 0 0 1 0 1 0 0 1 1 0 0 1 0 0 0 
0 0 1 0 0 1 0 1 0 0 0 1 0 0 0 0 0 1 1 0 1 0 0 0 0 0 0 1 0 0 0 0 0 0 0 0 0 1 0 1 0 0 0 0 1 0 1 1 1 0 
0 0 0 0 0 0 0 1 0 0 0 0 0 0 0 0 0 1 0 0 0 0 1 0 0 0 0 0 0 1 0 0 0 0 0 0 0 1 0 1 1 0 0 1 0 0 1 0 0 0 
0 0 1 0 0 0 0 1 1 0 0 0 0 0 0 1 0 1 0 1 0 0 1 0 0 1 0 0 1 1 0 0 0 0 1 0 0 1 0 1 1 0 1 0 0 0 1 0 0 0 
1 0 1 0 0 1 0 0 0 0 0 1 0 0 0 0 0 0 1 0 1 0 0 0 0 0 0 1 0 0 0 0 0 0 0 0 0 1 0 0 0 1 0 0 0 0 1 1 0 0 
1 1 0 0 1 1 1 0 0 0 1 0 0 1 1 0 1 0 0 0 0 1 0 1 0 0 1 0 0 0 0 1 1 1 0 1 1 0 0 0 0 0 0 0 0 0 0 0 1 1 
0 0 1 0 0 0 0 1 0 0 0 1 0 0 0 1 0 1 1 0 1 0 1 0 0 0 0 1 0 0 0 0 0 0 0 0 0 1 0 1 1 1 1 1 1 0 0 0 1 0 
1 0 1 0 0 1 0 0 0 0 0 1 0 0 0 0 1 0 1 0 1 0 0 0 0 0 0 1 0 0 0 0 0 0 0 0 0 1 0 0 0 1 0 0 1 0 0 0 0 0 
1 1 1 0 1 1 1 0 1 1 1 1 0 1 1 1 1 0 1 1 1 1 0 1 1 1 1 1 1 0 0 1 1 1 1 1 0 1 0 1 0 1 0 0 0 1 1 0 0 1 
1 1 1 1 1 1 1 0 1 1 1 1 0 1 1 1 1 0 1 1 0 1 0 1 1 1 1 1 1 0 0 1 1 1 0 1 1 0 0 0 0 0 0 0 0 1 0 0 1 0 
