50 50 0.440000
1 81 1
2 31 1
3 63 4
4 92 50
5 11 32
6 54 71
7 17 92
8 78 87
9 17 35
10 9 1
11 44 1
12 9 54
13 61 33
14 30 78
15 97 43
16 18 14
17 60 65
18 63 43
19 17 9
20 35 20
21 84 93
22 18 73
23 74 81
24 32 82
25 65 96
26 77 58
27 80 21
28 13 58
29 24 72
30 71 49
31 60 10
32 85 5
33 43 89
34 41 41
35 89 19
36 78 32
37 71 76
38 10 30
39 78 18
40 3 50
41 96 5
42 7 84
43 85 60
44 24 13
45 34 56
46 18 83
47 20 26
48 59 77
49 49 25
50 32 29
0 1 1 0 0 0 0 0 0 0 1 0 1 0 1 0 0 1 0 1 0 0 0 0 0 0 1 0 0 1 1 1 0 0 1 1 0 0 1 0 1 0 0 0 0 0 0 0 1 0 
1 0 1 0 1 0 0 0 1 1 1 0 1 0 0 1 0 0 1 1 0 0 0 0 0 0 0 0 0 0 1 0 0 1 0 0 0 1 1 0 0 0 0 1 0 0 1 0 1 1 
1 1 0 0 0 0 0 0 0 0 1 0 1 0 0 1 0 1 1 1 0 0 0 0 0 0 1 0 0 1 1 1 0 1 1 1 0 0 1 0 1 0 0 1 0 0 1 0 1 1 
0 0 0 0 0 1 0 1 0 0 0 0 1 0 1 0 1 1 0 0 1 0 1 0 0 1 1 0 0 1 0 1 0 0 1 1 1 0 1 0 1 0 1 0 0 0 0 1 1 0 
0 1 0 0 0 0 0 0 1 1 1 1 0 1 0 1 0 0 1 1 0 1 0 0 0 0 0 1 1 0 0 0 0 1 0 0 0 1 0 1 0 0 0 1 1 0 1 0 1 1 
0 0 0 1 0 0 1 1 0 0 0 1 1 1 0 0 1 1 0 0 1 1 1 1 1 1 0 1 1 1 0 0 1 1 0 1 1 0 0 0 0 1 1 0 1 1 0 1 1 1 
0 0 0 0 0 1 0 0 0 0 0 1 0 1 0 0 0 0 0 0 0 1 0 1 1 0 0 1 1 0 0 0 1 0 0 0 0 0 0 1 0 1 0 0 1 1 0 1 0 0 
0 0 0 1 0 1 0 0 0 0 0 0 0 1 1 0 1 1 0 0 1 0 1 1 1 1 0 0 0 1 0 0 1 0 0 0 1 0 0 0 0 0 1 0 0 0 0 1 0 0 
0 1 0 0 1 0 0 0 0 1 1 1 1 1 0 1 0 1 1 1 0 1 0 1 0 0 0 1 1 0 1 0 0 1 0 0 0 1 0 1 0 0 0 1 1 1 1 0 1 1 
0 1 0 0 1 0 0 0 1 0 1 0 0 0 0 1 0 0 1 1 0 0 0 0 0 0 0 0 0 0 0 0 0 0 0 0 0 1 0 1 0 0 0 1 0 0 1 0 1 1 
1 1 1 0 1 0 0 0 1 1 0 0 1 0 0 1 0 1 1 1 0 0 0 0 0 0 1 0 0 0 1 1 0 1 1 1 0 1 1 0 0 0 0 1 0 0 1 0 1 1 
0 0 0 0 1 1 1 0 1 0 0 0 0 1 0 1 0 0 1 1 0 1 0 1 0 0 0 1 1 0 0 0 1 1 0 0 0 1 0 1 0 1 0 1 1 1 1 0 1 1 
1 1 1 1 0 1 0 0 1 0 1 0 0 0 1 1 1 1 0 1 0 0 1 0 0 1 1 0 0 1 1 1 0 1 1 1 1 0 1 0 1 0 1 1 1 0 1 1 1 1 
0 0 0 0 1 1 1 1 1 0 0 1 0 0 0 0 1 1 0 0 0 1 1 1 1 0 0 1 1 0 0 0 1 1 0 0 1 0 0 1 0 1 0 0 1 1 0 1 0 1 
1 0 0 1 0 0 0 1 0 0 0 0 1 0 0 0 1 1 0 0 0 0 1 0 0 1 1 0 0 1 1 1 0 0 1 1 1 0 1 0 1 0 1 0 0 0 0 0 0 0 
0 1 1 0 1 0 0 0 1 1 1 1 1 0 0 0 0 0 1 1 0 0 0 0 0 0 0 1 0 0 1 0 0 1 0 0 0 1 0 1 0 0 0 1 1 0 1 0 1 1 
0 0 0 1 0 1 0 1 0 0 0 0 1 1 1 0 0 1 0 0 1 1 1 1 1 1 1 1 1 1 0 0 1 1 0 1 1 0 0 0 0 0 1 0 1 1 0 1 1 1 
1 0 1 1 0 1 0 1 1 0 1 0 1 1 1 0 1 0 0 1 0 0 1 1 0 1 1 0 1 1 1 1 0 1 1 1 1 0 1 0 0 0 1 1 1 0 1 1 1 1 
0 1 1 0 1 0 0 0 1 1 1 1 0 0 0 1 0 0 0 1 0 0 0 0 0 0 0 1 0 0 1 0 0 1 0 0 0 1 0 1 0 0 0 1 1 0 1 0 1 1 
1 1 1 0 1 0 0 0 1 1 1 1 1 0 0 1 0 1 1 0 0 0 0 0 0 0 1 1 0 1 1 0 0 1 0 1 0 1 1 1 0 0 0 1 1 0 1 0 1 1 
0 0 0 1 0 1 0 1 0 0 0 0 0 0 0 0 1 0 0 0 0 0 1 0 1 1 0 0 0 1 0 0 1 0 0 0 1 0 0 0 0 0 1 0 0 0 0 1 0 0 
0 0 0 0 1 1 1 0 1 0 0 1 0 1 0 0 1 0 0 0 0 0 0 1 0 0 0 1 1 0 0 0 1 1 0 0 0 1 0 1 0 1 0 0 1 1 1 1 0 1 
0 0 0 1 0 1 0 1 0 0 0 0 1 1 1 0 1 1 0 0 1 0 0 1 1 1 0 0 0 1 0 0 1 0 0 1 1 0 0 0 0 0 1 0 1 0 0 1 0 0 
0 0 0 0 0 1 1 1 1 0 0 1 0 1 0 0 1 1 0 0 0 1 1 0 1 0 0 1 1 0 0 0 1 1 0 0 1 0 0 1 0 1 0 0 1 1 0 1 0 0 
0 0 0 0 0 1 1 1 0 0 0 0 0 1 0 0 1 0 0 0 1 0 1 1 0 1 0 0 1 1 0 0 1 0 0 0 1 0 0 0 0 0 1 0 0 1 0 1 0 0 
0 0 0 1 0 1 0 1 0 0 0 0 1 0 1 0 1 1 0 0 1 0 1 0 1 0 1 0 0 1 0 0 1 1 1 1 1 0 1 0 0 0 1 0 1 0 0 1 1 0 
1 0 1 1 0 0 0 0 0 0 1 0 1 0 1 0 1 1 0 1 0 0 0 0 0 1 0 0 0 1 1 1 0 1 1 1 0 0 1 0 1 0 1 0 0 0 0 0 1 1 
0 0 0 0 1 1 1 0 1 0 0 1 0 1 0 1 1 0 1 1 0 1 0 1 0 0 0 0 1 0 0 0 1 1 0 0 0 1 0 1 0 1 0 1 1 1 1 1 1 1 
0 0 0 0 1 1 1 0 1 0 0 1 0 1 0 0 1 1 0 0 0 1 0 1 1 0 0 1 0 0 0 0 1 1 0 0 1 1 0 1 0 1 0 0 1 1 1 1 0 1 
1 0 1 1 0 1 0 1 0 0 0 0 1 0 1 0 1 1 0 1 1 0 1 0 1 1 1 0 0 0 1 1 1 1 1 1 1 0 1 0 0 0 1 0 1 0 0 1 1 1 
1 1 1 0 0 0 0 0 1 0 1 0 1 0 1 1 0 1 1 1 0 0 0 0 0 0 1 0 0 1 0 1 0 1 1 1 0 0 1 0 1 0 0 1 0 0 1 0 1 1 
1 0 1 1 0 0 0 0 0 0 1 0 1 0 1 0 0 1 0 0 0 0 0 0 0 0 1 0 0 1 1 0 0 0 1 1 0 0 1 0 1 0 0 0 0 0 0 0 1 0 
0 0 0 0 0 1 1 1 0 0 0 1 0 1 0 0 1 0 0 0 1 1 1 1 1 1 0 1 1 1 0 0 0 1 0 0 1 0 0 0 0 1 0 0 1 1 0 1 0 0 
0 1 1 0 1 1 0 0 1 0 1 1 1 1 0 1 1 1 1 1 0 1 0 1 0 1 1 1 1 1 1 0 1 0 0 1 1 1 1 1 0 0 1 1 1 1 1 1 1 1 
1 0 1 1 0 0 0 0 0 0 1 0 1 0 1 0 0 1 0 0 0 0 0 0 0 1 1 0 0 1 1 1 0 0 0 1 0 0 1 0 1 0 1 0 0 0 0 0 1 0 
1 0 1 1 0 1 0 0 0 0 1 0 1 0 1 0 1 1 0 1 0 0 1 0 0 1 1 0 0 1 1 1 0 1 1 0 1 0 1 0 1 0 1 0 0 0 0 1 1 1 
0 0 0 1 0 1 0 1 0 0 0 0 1 1 1 0 1 1 0 0 1 0 1 1 1 1 0 0 1 1 0 0 1 1 0 1 0 0 0 0 0 0 1 0 1 0 0 1 0 0 
0 1 0 0 1 0 0 0 1 1 1 1 0 0 0 1 0 0 1 1 0 1 0 0 0 0 0 1 1 0 0 0 0 1 0 0 0 0 0 1 0 0 0 1 1 0 1 0 1 1 
1 1 1 1 0 0 0 0 0 0 1 0 1 0 1 0 0 1 0 1 0 0 0 0 0 1 1 0 0 1 1 1 0 1 1 1 0 0 0 0 1 0 1 0 0 0 0 0 1 1 
0 0 0 0 1 0 1 0 1 1 0 1 0 1 0 1 0 0 1 1 0 1 0 1 0 0 0 1 1 0 0 0 0 1 0 0 0 1 0 0 0 1 0 1 1 1 1 0 0 1 
1 0 1 1 0 0 0 0 0 0 0 0 1 0 1 0 0 0 0 0 0 0 0 0 0 0 1 0 0 0 1 1 0 0 1 1 0 0 1 0 0 0 0 0 0 0 0 0 0 0 
0 0 0 0 0 1 1 0 0 0 0 1 0 1 0 0 0 0 0 0 0 1 0 1 0 0 0 1 1 0 0 0 1 0 0 0 0 0 0 1 0 0 0 0 1 1 0 0 0 0 
0 0 0 1 0 1 0 1 0 0 0 0 1 0 1 0 1 1 0 0 1 0 1 0 1 1 1 0 0 1 0 0 0 1 1 1 1 0 1 0 0 0 0 0 0 0 0 1 0 0 
0 1 1 0 1 0 0 0 1 1 1 1 1 0 0 1 0 1 1 1 0 0 0 0 0 0 0 1 0 0 1 0 0 1 0 0 0 1 0 1 0 0 0 0 1 0 1 0 1 1 
0 0 0 0 1 1 1 0 1 0 0 1 1 1 0 1 1 1 1 1 0 1 1 1 0 1 0 1 1 1 0 0 1 1 0 0 1 1 0 1 0 1 0 1 0 1 1 1 1 1 
0 0 0 0 0 1 1 0 1 0 0 1 0 1 0 0 1 0 0 0 0 1 0 1 1 0 0 1 1 0 0 0 1 1 0 0 0 0 0 1 0 1 0 0 1 0 0 1 0 0 
0 1 1 0 1 0 0 0 1 1 1 1 1 0 0 1 0 1 1 1 0 1 0 0 0 0 0 1 1 0 1 0 0 1 0 0 0 1 0 1 0 0 0 1 1 0 0 0 1 1 
0 0 0 1 0 1 1 1 0 0 0 0 1 1 0 0 1 1 0 0 1 1 1 1 1 1 0 1 1 1 0 0 1 1 0 1 1 0 0 0 0 0 1 0 1 1 0 0 0 0 
1 1 1 1 1 1 0 0 1 1 1 1 1 0 0 1 1 1 1 1 0 0 0 0 0 1 1 1 0 1 1 1 0 1 1 1 0 1 1 0 0 0 0 1 1 0 1 0 0 1 
0 1 1 0 1 1 0 0 1 1 1 1 1 1 0 1 1 1 1 1 0 1 0 0 0 0 1 1 1 1 1 0 0 1 0 1 0 1 1 1 0 0 0 1 1 0 1 0 1 0 
