50 50 0.449796
1 67 41
2 19 89
3 25 90
4 65 20
5 7 38
6 75 85
7 36 58
8 30 45
9 17 5
10 1 49
11 83 90
12 6 65
13 65 95
14 29 42
15 30 57
16 96 90
17 1 21
18 92 20
19 89 15
20 95 26
21 31 49
22 2 91
23 42 75
24 13 24
25 53 80
26 60 10
27 54 15
28 28 89
29 83 66
30 47 36
31 97 79
32 72 69
33 61 14
34 63 38
35 74 18
36 7 16
37 90 99
38 53 54
39 8 39
40 64 61
41 78 88
42 57 87
43 100 42
44 53 10
45 28 13
46 68 87
47 92 56
48 88 74
49 5 59
50 75 72
0 0 0 1 0 1 1 1 0 0 0 0 0 1 1 0 0 1 1 1 1 0 1 0 1 1 1 0 1 1 1 1 1 1 1 0 0 1 0 1 1 1 1 1 1 1 1 1 0 1 
0 0 1 0 0 0 1 1 0 1 0 1 1 1 1 0 0 0 0 0 1 1 1 0 1 0 0 1 0 0 0 0 0 0 0 0 0 1 0 0 0 1 0 0 0 1 0 0 1 0 
0 1 0 0 0 0 1 1 0 1 0 1 1 1 1 0 0 0 0 0 1 1 1 0 1 0 0 1 0 0 0 0 0 0 0 0 0 1 0 1 0 1 0 0 0 1 0 0 1 0 
1 0 0 0 0 0 1 1 0 0 0 0 0 1 0 0 0 1 1 1 1 0 0 0 0 1 1 0 1 1 0 1 1 1 1 0 0 1 0 1 0 0 1 1 1 0 1 0 0 0 
0 0 0 0 0 0 1 1 1 1 0 1 0 1 1 0 1 0 0 0 1 0 0 1 0 0 0 0 0 1 0 0 0 0 0 1 0 1 1 0 0 0 0 0 1 0 0 0 1 0 
1 0 0 0 0 0 1 0 0 0 1 0 1 0 0 1 0 0 0 0 0 0 1 0 1 0 0 1 1 0 1 1 0 1 0 0 1 1 0 1 1 1 1 0 0 1 1 1 0 1 
1 1 1 1 1 1 0 1 0 1 0 1 1 1 1 0 0 0 0 0 1 1 1 1 1 0 1 1 1 1 0 1 0 1 0 0 0 1 1 1 0 1 0 0 1 1 0 0 1 1 
1 1 1 1 1 0 1 0 1 1 0 1 0 1 1 0 1 0 0 0 1 0 1 1 1 1 1 1 0 1 0 1 1 1 0 1 0 1 1 1 0 1 0 1 1 0 0 0 1 0 
0 0 0 0 1 0 0 1 0 1 0 0 0 1 0 0 1 0 0 0 1 0 0 1 0 1 1 0 0 1 0 0 1 0 0 1 0 0 1 0 0 0 0 1 1 0 0 0 0 0 
0 1 1 0 1 0 1 1 1 0 0 1 0 1 1 0 1 0 0 0 1 1 1 1 0 0 0 1 0 1 0 0 0 0 0 1 0 0 1 0 0 0 0 0 1 0 0 0 1 0 
0 0 0 0 0 1 0 0 0 0 0 0 1 0 0 1 0 0 0 0 0 0 1 0 1 0 0 0 1 0 1 1 0 0 0 0 1 1 0 1 1 1 0 0 0 1 1 1 0 1 
0 1 1 0 1 0 1 1 0 1 0 0 0 1 1 0 1 0 0 0 1 1 1 1 1 0 0 1 0 0 0 0 0 0 0 1 0 1 1 0 0 0 0 0 0 0 0 0 1 0 
0 1 1 0 0 1 1 0 0 0 1 0 0 0 0 1 0 0 0 0 0 0 1 0 1 0 0 1 1 0 1 1 0 0 0 0 1 1 0 1 1 1 0 0 0 1 1 1 0 1 
1 1 1 1 1 0 1 1 1 1 0 1 0 0 1 0 1 0 0 0 1 0 1 1 1 1 1 1 0 1 0 0 1 1 0 1 0 1 1 1 0 0 0 1 1 0 0 0 1 0 
1 1 1 0 1 0 1 1 0 1 0 1 0 1 0 0 1 0 0 0 1 1 1 1 1 0 1 1 0 1 0 1 0 1 0 1 0 1 1 1 0 1 0 0 1 1 0 0 1 1 
0 0 0 0 0 1 0 0 0 0 1 0 1 0 0 0 0 0 0 0 0 0 0 0 1 0 0 0 1 0 1 1 0 0 0 0 1 0 0 1 1 1 1 0 0 1 1 1 0 1 
0 0 0 0 1 0 0 1 1 1 0 1 0 1 1 0 0 0 0 0 1 0 0 1 0 0 0 0 0 1 0 0 0 0 0 1 0 0 1 0 0 0 0 0 1 0 0 0 1 0 
1 0 0 1 0 0 0 0 0 0 0 0 0 0 0 0 0 0 1 1 0 0 0 0 0 1 1 0 1 1 0 0 1 1 1 0 0 0 0 1 0 0 1 1 0 0 1 0 0 0 
1 0 0 1 0 0 0 0 0 0 0 0 0 0 0 0 0 1 0 1 0 0 0 0 0 1 1 0 0 1 0 0 1 1 1 0 0 0 0 0 0 0 1 1 0 0 1 0 0 0 
1 0 0 1 0 0 0 0 0 0 0 0 0 0 0 0 0 1 1 0 0 0 0 0 0 1 1 0 1 1 0 1 1 1 1 0 0 0 0 1 0 0 1 1 0 0 1 1 0 0 
1 1 1 1 1 0 1 1 1 1 0 1 0 1 1 0 1 0 0 0 0 0 1 1 1 1 1 1 0 1 0 1 1 1 0 1 0 1 1 1 0 1 0 1 1 0 0 0 1 1 
0 1 1 0 0 0 1 0 0 1 0 1 0 0 1 0 0 0 0 0 0 0 1 0 0 0 0 1 0 0 0 0 0 0 0 0 0 0 0 0 0 0 0 0 0 0 0 0 1 0 
1 1 1 0 0 1 1 1 0 1 1 1 1 1 1 0 0 0 0 0 1 1 0 0 1 0 0 1 1 1 0 1 0 1 0 0 0 1 1 1 1 1 0 0 0 1 0 1 1 1 
0 0 0 0 1 0 1 1 1 1 0 1 0 1 1 0 1 0 0 0 1 0 0 0 0 1 1 0 0 1 0 0 1 0 0 1 0 1 1 0 0 0 0 1 1 0 0 0 1 0 
1 1 1 0 0 1 1 1 0 0 1 1 1 1 1 1 0 0 0 0 1 0 1 0 0 0 0 1 1 1 1 1 0 1 0 0 1 1 0 1 1 1 0 0 0 1 1 1 0 1 
1 0 0 1 0 0 0 1 1 0 0 0 0 1 0 0 0 1 1 1 1 0 0 1 0 0 1 0 0 1 0 0 1 1 1 0 0 1 0 0 0 0 0 1 1 0 0 0 0 0 
1 0 0 1 0 0 1 1 1 0 0 0 0 1 1 0 0 1 1 1 1 0 0 1 0 1 0 0 0 1 0 0 1 1 1 1 0 1 0 1 0 0 0 1 1 0 0 0 0 0 
0 1 1 0 0 1 1 1 0 1 0 1 1 1 1 0 0 0 0 0 1 1 1 0 1 0 0 0 0 0 0 1 0 0 0 0 0 1 0 1 0 1 0 0 0 1 0 0 1 1 
1 0 0 1 0 1 1 0 0 0 1 0 1 0 0 1 0 1 0 1 0 0 1 0 1 0 0 0 0 1 1 1 0 1 1 0 1 1 0 1 1 1 1 0 0 1 1 1 0 1 
1 0 0 1 1 0 1 1 1 1 0 0 0 1 1 0 1 1 1 1 1 0 1 1 1 1 1 0 1 0 0 1 1 1 1 1 0 1 1 1 0 0 0 1 1 0 1 0 1 1 
1 0 0 0 0 1 0 0 0 0 1 0 1 0 0 1 0 0 0 0 0 0 0 0 1 0 0 0 1 0 0 1 0 0 0 0 1 0 0 1 1 1 1 0 0 1 1 1 0 1 
1 0 0 1 0 1 1 1 0 0 1 0 1 0 1 1 0 0 0 1 1 0 1 0 1 0 0 1 1 1 1 0 0 1 0 0 1 1 0 1 1 1 1 0 0 1 1 1 0 1 
1 0 0 1 0 0 0 1 1 0 0 0 0 1 0 0 0 1 1 1 1 0 0 1 0 1 1 0 0 1 0 0 0 1 1 0 0 1 0 1 0 0 1 1 1 0 0 0 0 0 
1 0 0 1 0 1 1 1 0 0 0 0 0 1 1 0 0 1 1 1 1 0 1 0 1 1 1 0 1 1 0 1 1 0 1 0 0 1 0 1 0 1 1 1 1 1 1 1 0 1 
1 0 0 1 0 0 0 0 0 0 0 0 0 0 0 0 0 1 1 1 0 0 0 0 0 1 1 0 1 1 0 0 1 1 0 0 0 1 0 1 0 0 1 1 1 0 1 0 0 0 
0 0 0 0 1 0 0 1 1 1 0 1 0 1 1 0 1 0 0 0 1 0 0 1 0 0 1 0 0 1 0 0 0 0 0 0 0 0 1 0 0 0 0 1 1 0 0 0 1 0 
0 0 0 0 0 1 0 0 0 0 1 0 1 0 0 1 0 0 0 0 0 0 0 0 1 0 0 0 1 0 1 1 0 0 0 0 0 0 0 1 1 1 0 0 0 1 1 1 0 1 
1 1 1 1 1 1 1 1 0 0 1 1 1 1 1 0 0 0 0 0 1 0 1 1 1 1 1 1 1 1 0 1 1 1 1 0 0 0 1 1 1 1 1 1 1 1 1 1 1 1 
0 0 0 0 1 0 1 1 1 1 0 1 0 1 1 0 1 0 0 0 1 0 1 1 0 0 0 0 0 1 0 0 0 0 0 1 0 1 0 0 0 0 0 0 1 0 0 0 1 0 
1 0 1 1 0 1 1 1 0 0 1 0 1 1 1 1 0 1 0 1 1 0 1 0 1 0 1 1 1 1 1 1 1 1 1 0 1 1 0 0 1 1 1 0 0 1 1 1 0 1 
1 0 0 0 0 1 0 0 0 0 1 0 1 0 0 1 0 0 0 0 0 0 1 0 1 0 0 0 1 0 1 1 0 0 0 0 1 1 0 1 0 1 0 0 0 1 1 1 0 1 
1 1 1 0 0 1 1 1 0 0 1 0 1 0 1 1 0 0 0 0 1 0 1 0 1 0 0 1 1 0 1 1 0 1 0 0 1 1 0 1 1 0 0 0 0 1 1 1 0 1 
1 0 0 1 0 1 0 0 0 0 0 0 0 0 0 1 0 1 1 1 0 0 0 0 0 0 0 0 1 0 1 1 1 1 1 0 0 1 0 1 0 0 0 0 0 0 1 1 0 1 
1 0 0 1 0 0 0 1 1 0 0 0 0 1 0 0 0 1 1 1 1 0 0 1 0 1 1 0 0 1 0 0 1 1 1 1 0 1 0 0 0 0 0 0 1 0 0 0 0 0 
1 0 0 1 1 0 1 1 1 1 0 0 0 1 1 0 1 0 0 0 1 0 0 1 0 1 1 0 0 1 0 0 1 1 1 1 0 1 1 0 0 0 0 1 0 0 0 0 0 0 
1 1 1 0 0 1 1 0 0 0 1 0 1 0 1 1 0 0 0 0 0 0 1 0 1 0 0 1 1 0 1 1 0 1 0 0 1 1 0 1 1 1 0 0 0 0 1 1 0 1 
1 0 0 1 0 1 0 0 0 0 1 0 1 0 0 1 0 1 1 1 0 0 0 0 1 0 0 0 1 1 1 1 0 1 1 0 1 1 0 1 1 1 1 0 0 1 0 1 0 1 
1 0 0 0 0 1 0 0 0 0 1 0 1 0 0 1 0 0 0 1 0 0 1 0 1 0 0 0 1 0 1 1 0 1 0 0 1 1 0 1 1 1 1 0 0 1 1 0 0 1 
0 1 1 0 1 0 1 1 0 1 0 1 0 1 1 0 1 0 0 0 1 1 1 1 0 0 0 1 0 1 0 0 0 0 0 1 0 1 1 0 0 0 0 0 0 0 0 0 0 0 
1 0 0 0 0 1 1 0 0 0 1 0 1 0 1 1 0 0 0 0 1 0 1 0 1 0 0 1 1 1 1 1 0 1 0 0 1 1 0 1 1 1 1 0 0 1 1 1 0 0 
