50 50 0.535510
1 84 56
2 9 10
3 16 31
4 50 42
5 20 12
6 6 17
7 65 42
8 60 2
9 4 3
10 80 85
11 84 80
12 80 31
13 97 29
14 8 40
15 59 15
16 46 62
17 14 80
18 62 16
19 99 67
20 52 70
21 78 20
22 15 39
23 65 21
24 20 5
25 71 79
26 47 72
27 68 39
28 76 75
29 46 68
30 42 37
31 1 46
32 74 79
33 31 53
34 39 85
35 42 94
36 57 49
37 13 92
38 31 43
39 40 45
40 43 61
41 47 42
42 74 75
43 97 98
44 79 57
45 9 73
46 36 72
47 32 28
48 38 11
49 28 85
50 76 39
0 0 0 1 0 0 1 0 0 1 1 1 1 0 1 1 0 1 1 1 1 0 1 0 1 1 1 1 1 1 0 1 0 0 0 1 0 0 1 1 1 1 1 1 0 0 0 0 0 1 
0 0 1 0 1 1 0 0 1 0 0 0 0 1 0 0 0 0 0 0 0 1 0 1 0 0 0 0 0 1 1 0 1 0 0 0 0 1 1 0 1 0 0 0 0 0 1 1 0 0 
0 1 0 1 1 1 0 0 1 0 0 0 0 1 1 1 1 1 0 0 0 1 0 1 0 0 0 0 1 1 1 0 1 0 0 1 0 1 1 1 1 0 0 0 1 1 1 1 0 0 
1 0 1 0 1 0 1 1 0 0 0 1 1 1 1 1 0 1 0 1 1 1 1 1 1 1 1 1 1 1 1 1 1 1 0 1 0 1 1 1 1 1 0 1 0 1 1 1 1 1 
0 1 1 1 0 1 0 1 1 0 0 0 0 1 1 0 0 1 0 0 0 1 1 1 0 0 0 0 0 1 1 0 1 0 0 0 0 1 1 0 1 0 0 0 0 0 1 1 0 0 
0 1 1 0 1 0 0 0 1 0 0 0 0 1 0 0 0 0 0 0 0 1 0 1 0 0 0 0 0 1 1 0 1 0 0 0 0 1 1 0 1 0 0 0 0 0 1 1 0 0 
1 0 0 1 0 0 0 1 0 1 1 1 1 0 1 1 0 1 1 1 1 0 1 0 1 1 1 1 1 1 0 1 1 0 0 1 0 1 1 1 1 1 0 1 0 1 1 1 0 1 
0 0 0 1 1 0 1 0 0 0 0 1 1 0 1 0 0 1 0 0 1 0 1 1 0 0 1 0 0 1 0 0 0 0 0 1 0 0 1 0 1 0 0 0 0 0 1 1 0 1 
0 1 1 0 1 1 0 0 0 0 0 0 0 1 0 0 0 0 0 0 0 1 0 1 0 0 0 0 0 0 1 0 0 0 0 0 0 1 0 0 0 0 0 0 0 0 1 1 0 0 
1 0 0 0 0 0 1 0 0 0 1 0 0 0 0 1 0 0 1 1 0 0 0 0 1 1 1 1 1 0 0 1 0 1 1 1 0 0 0 1 0 1 1 1 0 1 0 0 0 1 
1 0 0 0 0 0 1 0 0 1 0 1 0 0 0 1 0 0 1 1 0 0 0 0 1 1 1 1 1 0 0 1 0 1 1 1 0 0 0 1 0 1 1 1 0 1 0 0 0 1 
1 0 0 1 0 0 1 1 0 0 1 0 1 0 1 1 0 1 1 1 1 0 1 0 1 0 1 1 0 1 0 1 0 0 0 1 0 0 1 1 1 1 0 1 0 0 1 1 0 1 
1 0 0 1 0 0 1 1 0 0 0 1 0 0 1 0 0 1 1 0 1 0 1 0 0 0 1 0 0 0 0 0 0 0 0 1 0 0 0 0 0 0 0 1 0 0 0 0 0 1 
0 1 1 1 1 1 0 0 1 0 0 0 0 0 0 1 1 0 0 0 0 1 0 1 0 0 0 0 1 1 1 0 1 0 0 1 0 1 1 1 1 0 0 0 1 1 1 1 1 0 
1 0 1 1 1 0 1 1 0 0 0 1 1 0 0 1 0 1 0 0 1 0 1 1 0 0 1 0 0 1 0 0 1 0 0 1 0 1 1 1 1 0 0 1 0 0 1 1 0 1 
1 0 1 1 0 0 1 0 0 1 1 1 0 1 1 0 1 1 0 1 0 1 1 0 1 1 1 1 1 1 1 1 1 1 1 1 1 1 1 1 1 1 0 1 1 1 1 0 1 1 
0 0 1 0 0 0 0 0 0 0 0 0 0 1 0 1 0 0 0 1 0 1 0 0 0 1 0 0 1 0 1 0 1 1 1 0 1 1 1 1 0 0 0 0 1 1 0 0 1 0 
1 0 1 1 1 0 1 1 0 0 0 1 1 0 1 1 0 0 0 0 1 0 1 1 0 0 1 0 0 1 0 0 1 0 0 1 0 1 1 1 1 0 0 1 0 0 1 1 0 1 
1 0 0 0 0 0 1 0 0 1 1 1 1 0 0 0 0 0 0 1 0 0 0 0 1 0 1 1 0 0 0 1 0 0 0 1 0 0 0 0 0 1 1 1 0 0 0 0 0 1 
1 0 0 1 0 0 1 0 0 1 1 1 0 0 0 1 1 0 1 0 0 1 0 0 1 1 1 1 1 1 0 1 1 1 1 1 1 1 1 1 1 1 0 1 1 1 1 0 1 1 
1 0 0 1 0 0 1 1 0 0 0 1 1 0 1 0 0 1 0 0 0 0 1 0 0 0 1 0 0 1 0 0 0 0 0 1 0 0 1 0 1 0 0 1 0 0 1 1 0 1 
0 1 1 1 1 1 0 0 1 0 0 0 0 1 0 1 1 0 0 1 0 0 0 1 0 1 0 0 1 1 1 0 1 0 0 1 0 1 1 1 1 0 0 0 1 1 1 1 1 0 
1 0 0 1 1 0 1 1 0 0 0 1 1 0 1 1 0 1 0 0 1 0 0 1 0 0 1 0 0 1 0 0 1 0 0 1 0 1 1 1 1 0 0 1 0 0 1 1 0 1 
0 1 1 1 1 1 0 1 1 0 0 0 0 1 1 0 0 1 0 0 0 1 1 0 0 0 0 0 0 1 1 0 1 0 0 0 0 1 1 0 1 0 0 0 0 0 1 1 0 0 
1 0 0 1 0 0 1 0 0 1 1 1 0 0 0 1 0 0 1 1 0 0 0 0 0 1 1 1 1 0 0 1 1 1 1 1 0 0 1 1 1 1 1 1 0 1 0 0 1 1 
1 0 0 1 0 0 1 0 0 1 1 0 0 0 0 1 1 0 0 1 0 1 0 0 1 0 1 1 1 1 0 1 1 1 1 1 1 1 1 1 1 1 0 1 1 1 1 0 1 1 
1 0 0 1 0 0 1 1 0 1 1 1 1 0 1 1 0 1 1 1 1 0 1 0 1 1 0 1 1 1 0 1 1 0 0 1 0 1 1 1 1 1 0 1 0 1 1 1 0 1 
1 0 0 1 0 0 1 0 0 1 1 1 0 0 0 1 0 0 1 1 0 0 0 0 1 1 1 0 1 0 0 1 0 1 1 1 0 0 1 1 1 1 1 1 0 1 0 0 1 1 
1 0 1 1 0 0 1 0 0 1 1 0 0 1 0 1 1 0 0 1 0 1 0 0 1 1 1 1 0 1 0 1 1 1 1 1 1 1 1 1 1 1 0 1 1 1 1 0 1 1 
1 1 1 1 1 1 1 1 0 0 0 1 0 1 1 1 0 1 0 1 1 1 1 1 0 1 1 0 1 0 1 0 1 1 0 1 0 1 1 1 1 1 0 1 1 1 1 1 1 1 
0 1 1 1 1 1 0 0 1 0 0 0 0 1 0 1 1 0 0 0 0 1 0 1 0 0 0 0 0 1 0 0 1 0 0 0 1 1 1 1 1 0 0 0 1 1 1 0 1 0 
1 0 0 1 0 0 1 0 0 1 1 1 0 0 0 1 0 0 1 1 0 0 0 0 1 1 1 1 1 0 0 0 0 1 1 1 0 0 1 1 1 1 1 1 0 1 0 0 1 1 
0 1 1 1 1 1 1 0 0 0 0 0 0 1 1 1 1 1 0 1 0 1 1 1 1 1 1 0 1 1 1 0 0 1 1 1 1 1 1 1 1 1 0 1 1 1 1 1 1 1 
0 0 0 1 0 0 0 0 0 1 1 0 0 0 0 1 1 0 0 1 0 0 0 0 1 1 0 1 1 1 0 1 1 0 1 1 1 1 1 1 1 1 0 1 1 1 0 0 1 0 
0 0 0 0 0 0 0 0 0 1 1 0 0 0 0 1 1 0 0 1 0 0 0 0 1 1 0 1 1 0 0 1 1 1 0 1 1 0 1 1 0 1 0 0 1 1 0 0 1 0 
1 0 1 1 0 0 1 1 0 1 1 1 1 1 1 1 0 1 1 1 1 1 1 0 1 1 1 1 1 1 0 1 1 1 1 0 0 1 1 1 1 1 0 1 0 1 1 1 1 1 
0 0 0 0 0 0 0 0 0 0 0 0 0 0 0 1 1 0 0 1 0 0 0 0 0 1 0 0 1 0 1 0 1 1 1 0 0 0 0 1 0 0 0 0 1 1 0 0 1 0 
0 1 1 1 1 1 1 0 1 0 0 0 0 1 1 1 1 1 0 1 0 1 1 1 0 1 1 0 1 1 1 0 1 1 0 1 0 0 1 1 1 0 0 1 1 1 1 1 1 1 
1 1 1 1 1 1 1 1 0 0 0 1 0 1 1 1 1 1 0 1 1 1 1 1 1 1 1 1 1 1 1 1 1 1 1 1 0 1 0 1 1 1 0 1 1 1 1 1 1 1 
1 0 1 1 0 0 1 0 0 1 1 1 0 1 1 1 1 1 0 1 0 1 1 0 1 1 1 1 1 1 1 1 1 1 1 1 1 1 1 0 1 1 0 1 1 1 1 0 1 1 
1 1 1 1 1 1 1 1 0 0 0 1 0 1 1 1 0 1 0 1 1 1 1 1 1 1 1 1 1 1 1 1 1 1 0 1 0 1 1 1 0 1 0 1 1 1 1 1 1 1 
1 0 0 1 0 0 1 0 0 1 1 1 0 0 0 1 0 0 1 1 0 0 0 0 1 1 1 1 1 1 0 1 1 1 1 1 0 0 1 1 1 0 1 1 0 1 0 0 1 1 
1 0 0 0 0 0 0 0 0 1 1 0 0 0 0 0 0 0 1 0 0 0 0 0 1 0 0 1 0 0 0 1 0 0 0 0 0 0 0 0 0 1 0 1 0 0 0 0 0 0 
1 0 0 1 0 0 1 0 0 1 1 1 1 0 1 1 0 1 1 1 1 0 1 0 1 1 1 1 1 1 0 1 1 1 0 1 0 1 1 1 1 1 1 0 0 1 0 0 0 1 
0 0 1 0 0 0 0 0 0 0 0 0 0 1 0 1 1 0 0 1 0 1 0 0 0 1 0 0 1 1 1 0 1 1 1 0 1 1 1 1 1 0 0 0 0 1 0 0 1 0 
0 0 1 1 0 0 1 0 0 1 1 0 0 1 0 1 1 0 0 1 0 1 0 0 1 1 1 1 1 1 1 1 1 1 1 1 1 1 1 1 1 1 0 1 1 0 1 0 1 0 
0 1 1 1 1 1 1 1 1 0 0 1 0 1 1 1 0 1 0 1 1 1 1 1 0 1 1 0 1 1 1 0 1 0 0 1 0 1 1 1 1 0 0 0 0 1 0 1 0 1 
0 1 1 1 1 1 1 1 1 0 0 1 0 1 1 0 0 1 0 0 1 1 1 1 0 0 1 0 0 1 0 0 1 0 0 1 0 1 1 0 1 0 0 0 0 0 1 0 0 1 
0 0 0 1 0 0 0 0 0 0 0 0 0 1 0 1 1 0 0 1 0 1 0 0 1 1 0 1 1 1 1 1 1 1 1 1 1 1 1 1 1 1 0 0 1 1 0 0 0 0 
1 0 0 1 0 0 1 1 0 1 1 1 1 0 1 1 0 1 1 1 1 0 1 0 1 1 1 1 1 1 0 1 1 0 0 1 0 1 1 1 1 1 0 1 0 0 1 1 0 0 
