25 50 0.490000
1 63 54
2 83 46
3 70 24
4 30 91
5 38 11
6 31 96
7 3 60
8 4 11
9 23 88
10 54 69
11 75 89
12 2 78
13 15 15
14 33 50
15 73 5
16 61 29
17 16 12
18 48 75
19 71 80
20 44 91
21 30 72
22 24 85
23 9 73
24 22 25
25 10 74
0 1 1 1 1 0 0 0 0 1 1 0 0 1 0 1 0 1 1 1 1 1 0 0 0 
1 0 1 0 0 0 0 0 0 1 1 0 0 0 1 1 0 1 1 0 0 0 0 0 0 
1 1 0 0 1 0 0 0 0 1 0 0 0 1 1 1 0 0 0 0 0 0 0 1 0 
1 0 0 0 0 1 1 0 1 1 1 1 0 1 0 0 0 1 1 1 1 1 1 0 1 
1 0 1 0 0 0 0 1 0 0 0 0 1 1 1 1 1 0 0 0 0 0 0 1 0 
0 0 0 1 0 0 1 0 1 1 1 1 0 1 0 0 0 1 1 1 1 1 1 0 1 
0 0 0 1 0 1 0 1 1 0 0 1 1 1 0 0 1 1 0 0 1 1 1 1 1 
0 0 0 0 1 0 1 0 0 0 0 0 1 1 0 0 1 0 0 0 0 0 0 1 0 
0 0 0 1 0 1 1 0 0 1 0 1 0 1 0 0 0 1 1 1 1 1 1 0 1 
1 1 1 1 0 1 0 0 1 0 1 0 0 1 0 1 0 1 1 1 1 1 1 0 1 
1 1 0 1 0 1 0 0 0 1 0 0 0 0 0 0 0 1 1 1 1 0 0 0 0 
0 0 0 1 0 1 1 0 1 0 0 0 0 1 0 0 0 1 0 1 1 1 1 0 1 
0 0 0 0 1 0 1 1 0 0 0 0 0 1 0 1 1 0 0 0 0 0 0 1 0 
1 0 1 1 1 1 1 1 1 1 0 1 1 0 0 1 1 1 1 1 1 1 1 1 1 
0 1 1 0 1 0 0 0 0 0 0 0 0 0 0 1 0 0 0 0 0 0 0 0 0 
1 1 1 0 1 0 0 0 0 1 0 0 1 1 1 0 1 1 0 0 0 0 0 1 0 
0 0 0 0 1 0 1 1 0 0 0 0 1 1 0 1 0 0 0 0 0 0 0 1 0 
1 1 0 1 0 1 1 0 1 1 1 1 0 1 0 1 0 0 1 1 1 1 1 0 1 
1 1 0 1 0 1 0 0 1 1 1 0 0 1 0 0 0 1 0 1 1 1 0 0 0 
1 0 0 1 0 1 0 0 1 1 1 1 0 1 0 0 0 1 1 0 1 1 1 0 1 
1 0 0 1 0 1 1 0 1 1 1 1 0 1 0 0 0 1 1 1 0 1 1 1 1 
1 0 0 1 0 1 1 0 1 1 0 1 0 1 0 0 0 1 1 1 1 0 1 0 1 
0 0 0 1 0 1 1 0 1 1 0 1 0 1 0 0 0 1 0 1 1 1 0 1 1 
0 0 1 0 1 0 1 1 0 0 0 0 1 1 0 1 1 0 0 0 1 0 1 0 0 
0 0 0 1 0 1 1 0 1 1 0 1 0 1 0 0 0 1 0 1 1 1 1 0 0 
