25 50 0.606667
1 36 73
2 78 42
3 42 57
4 62 32
5 67 93
6 21 25
7 93 30
8 34 87
9 48 22
10 82 85
11 93 81
12 3 29
13 63 20
14 60 39
15 63 65
16 26 35
17 41 34
18 74 21
19 62 61
20 55 27
21 95 91
22 70 84
23 49 72
24 68 84
25 46 51
0 0 1 1 1 0 0 1 0 1 0 0 0 1 1 1 1 0 1 1 0 1 1 1 1 
0 0 1 1 0 0 1 0 1 1 1 0 1 1 1 0 1 1 1 1 0 1 1 1 1 
1 1 0 1 1 1 0 1 1 1 0 1 1 1 1 1 1 1 1 1 0 1 1 1 1 
1 1 1 0 0 1 1 0 1 0 0 0 1 1 1 1 1 1 1 1 0 0 1 0 1 
1 0 1 0 0 0 0 1 0 1 1 0 0 0 1 0 0 0 1 0 1 1 1 1 1 
0 0 1 1 0 0 0 0 1 0 0 1 1 1 0 1 1 0 0 1 0 0 0 0 1 
0 1 0 1 0 0 0 0 1 0 0 0 1 1 1 0 0 1 1 1 0 0 0 0 0 
1 0 1 0 1 0 0 0 0 1 0 0 0 0 1 0 0 0 1 0 0 1 1 1 1 
0 1 1 1 0 1 1 0 0 0 0 1 1 1 1 1 1 1 1 1 0 0 0 0 1 
1 1 1 0 1 0 0 1 0 0 1 0 0 0 1 0 0 0 1 0 1 1 1 1 1 
0 1 0 0 1 0 0 0 0 1 0 0 0 0 1 0 0 0 1 0 1 1 1 1 0 
0 0 1 0 0 1 0 0 1 0 0 0 0 0 0 1 1 0 0 0 0 0 0 0 1 
0 1 1 1 0 1 1 0 1 0 0 0 0 1 1 1 1 1 1 1 0 0 0 0 1 
1 1 1 1 0 1 1 0 1 0 0 0 1 0 1 1 1 1 1 1 0 1 1 1 1 
1 1 1 1 1 0 1 1 1 1 1 0 1 1 0 1 1 1 1 1 1 1 1 1 1 
1 0 1 1 0 1 0 0 1 0 0 1 1 1 1 0 1 1 1 1 0 0 1 0 1 
1 1 1 1 0 1 0 0 1 0 0 1 1 1 1 1 0 1 1 1 0 0 1 0 1 
0 1 1 1 0 0 1 0 1 0 0 0 1 1 1 1 1 0 1 1 0 0 0 0 1 
1 1 1 1 1 0 1 1 1 1 1 0 1 1 1 1 1 1 0 1 1 1 1 1 1 
1 1 1 1 0 1 1 0 1 0 0 0 1 1 1 1 1 1 1 0 0 0 1 0 1 
0 0 0 0 1 0 0 0 0 1 1 0 0 0 1 0 0 0 1 0 0 1 1 1 0 
1 1 1 0 1 0 0 1 0 1 1 0 0 1 1 0 0 0 1 0 1 0 1 1 1 
1 1 1 1 1 0 0 1 0 1 1 0 0 1 1 1 1 0 1 1 1 1 0 1 1 
1 1 1 0 1 0 0 1 0 1 1 0 0 1 1 0 0 0 1 0 1 1 1 0 1 
1 1 1 1 1 1 0 1 1 1 0 1 1 1 1 1 1 1 1 1 0 1 1 1 0 
