25 50 0.480000
1 29 50
2 41 63
3 61 78
4 62 57
5 5 20
6 81 84
7 97 12
8 23 28
9 60 34
10 39 85
11 43 17
12 32 59
13 58 29
14 81 56
15 94 31
16 24 55
17 4 48
18 3 8
19 65 9
20 27 77
21 59 1
22 15 1
23 7 75
24 18 67
25 79 30
0 1 1 1 1 0 0 1 1 1 1 1 1 0 0 1 1 1 0 1 0 0 1 1 0 
1 0 1 1 0 1 0 1 1 1 1 1 1 1 0 1 1 0 0 1 0 0 1 1 0 
1 1 0 1 0 1 0 0 1 1 0 1 1 1 0 1 0 0 0 1 0 0 0 1 0 
1 1 1 0 0 1 0 1 1 1 1 1 1 1 1 1 0 0 1 1 0 0 0 1 1 
1 0 0 0 0 0 0 1 0 0 1 1 0 0 0 1 1 1 0 0 0 1 0 1 0 
0 1 1 1 0 0 0 0 0 1 0 0 0 1 0 0 0 0 0 0 0 0 0 0 0 
0 0 0 0 0 0 0 0 1 0 0 0 1 1 1 0 0 0 1 0 1 0 0 0 1 
1 1 0 1 1 0 0 0 1 0 1 1 1 0 0 1 1 1 1 1 1 1 1 1 0 
1 1 1 1 0 0 1 1 0 0 1 1 1 1 1 1 0 0 1 0 1 0 0 0 1 
1 1 1 1 0 1 0 0 0 0 0 1 0 0 0 1 0 0 0 1 0 0 1 1 0 
1 1 0 1 1 0 0 1 1 0 0 1 1 0 0 1 1 1 1 0 1 1 0 0 1 
1 1 1 1 1 0 0 1 1 1 1 0 1 1 0 1 1 0 0 1 0 0 1 1 0 
1 1 1 1 0 0 1 1 1 0 1 1 0 1 1 1 0 0 1 0 1 0 0 0 1 
0 1 1 1 0 1 1 0 1 0 0 1 1 0 1 0 0 0 1 0 0 0 0 0 1 
0 0 0 1 0 0 1 0 1 0 0 0 1 1 0 0 0 0 1 0 1 0 0 0 1 
1 1 1 1 1 0 0 1 1 1 1 1 1 0 0 0 1 0 0 1 0 0 1 1 0 
1 1 0 0 1 0 0 1 0 0 1 1 0 0 0 1 0 1 0 1 0 1 1 1 0 
1 0 0 0 1 0 0 1 0 0 1 0 0 0 0 0 1 0 0 0 0 1 0 0 0 
0 0 0 1 0 0 1 1 1 0 1 0 1 1 1 0 0 0 0 0 1 0 0 0 1 
1 1 1 1 0 0 0 1 0 1 0 1 0 0 0 1 1 0 0 0 0 0 1 1 0 
0 0 0 0 0 0 1 1 1 0 1 0 1 0 1 0 0 0 1 0 0 1 0 0 1 
0 0 0 0 1 0 0 1 0 0 1 0 0 0 0 0 1 1 0 0 1 0 0 0 0 
1 1 0 0 0 0 0 1 0 1 0 1 0 0 0 1 1 0 0 1 0 0 0 1 0 
1 1 1 1 1 0 0 1 0 1 0 1 0 0 0 1 1 0 0 1 0 0 1 0 0 
0 0 0 1 0 0 1 0 1 0 1 0 1 1 1 0 0 0 1 0 1 0 0 0 0 
