25 50 0.436667
1 81 84
2 35 45
3 3 39
4 92 1
5 1 45
6 94 88
7 89 49
8 64 73
9 41 11
10 70 24
11 31 30
12 22 63
13 60 85
14 83 27
15 8 18
16 67 13
17 85 33
18 31 65
19 15 77
20 66 75
21 23 76
22 32 13
23 58 20
24 20 20
25 4 18
0 0 0 0 0 1 1 1 0 0 0 0 1 0 0 0 0 0 0 1 0 0 0 0 0 
0 0 1 0 1 0 0 1 1 1 1 1 1 0 1 1 0 1 1 1 1 1 1 1 1 
0 1 0 0 1 0 0 0 1 0 1 1 0 0 1 0 0 1 1 0 1 1 0 1 1 
0 0 0 0 0 0 1 0 0 1 0 0 0 1 0 1 1 0 0 0 0 0 1 0 0 
0 1 1 0 0 0 0 0 0 0 1 1 0 0 1 0 0 1 1 0 1 1 0 1 1 
1 0 0 0 0 0 1 1 0 0 0 0 1 0 0 0 0 0 0 1 0 0 0 0 0 
1 0 0 1 0 1 0 1 0 1 0 0 1 1 0 1 1 0 0 1 0 0 1 0 0 
1 1 0 0 0 1 1 0 0 1 0 1 1 1 0 0 1 1 1 1 1 0 0 0 0 
0 1 1 0 0 0 0 0 0 1 1 0 0 1 1 1 1 0 0 0 0 1 1 1 1 
0 1 0 1 0 0 1 1 1 0 1 0 0 1 0 1 1 0 0 0 0 1 1 0 0 
0 1 1 0 1 0 0 0 1 1 0 1 0 0 1 1 0 1 1 0 1 1 1 1 1 
0 1 1 0 1 0 0 1 0 0 1 0 1 0 1 0 0 1 1 1 1 0 0 1 1 
1 1 0 0 0 1 1 1 0 0 0 1 0 0 0 0 0 1 1 1 1 0 0 0 0 
0 0 0 1 0 0 1 1 1 1 0 0 0 0 0 1 1 0 0 0 0 0 1 0 0 
0 1 1 0 1 0 0 0 1 0 1 1 0 0 0 0 0 0 0 0 0 1 0 1 1 
0 1 0 1 0 0 1 0 1 1 1 0 0 1 0 0 1 0 0 0 0 1 1 1 0 
0 0 0 1 0 0 1 1 1 1 0 0 0 1 0 1 0 0 0 1 0 0 1 0 0 
0 1 1 0 1 0 0 1 0 0 1 1 1 0 0 0 0 0 1 1 1 0 0 1 0 
0 1 1 0 1 0 0 1 0 0 1 1 1 0 0 0 0 1 0 0 1 0 0 0 0 
1 1 0 0 0 1 1 1 0 0 0 1 1 0 0 0 1 1 0 0 1 0 0 0 0 
0 1 1 0 1 0 0 1 0 0 1 1 1 0 0 0 0 1 1 1 0 0 0 0 0 
0 1 1 0 1 0 0 0 1 1 1 0 0 0 1 1 0 0 0 0 0 0 1 1 1 
0 1 0 1 0 0 1 0 1 1 1 0 0 1 0 1 1 0 0 0 0 1 0 1 0 
0 1 1 0 1 0 0 0 1 0 1 1 0 0 1 1 0 1 0 0 0 1 1 0 1 
0 1 1 0 1 0 0 0 1 0 1 1 0 0 1 0 0 0 0 0 0 1 0 1 0 
