25 50 0.446667
1 67 28
2 15 88
3 57 79
4 32 86
5 69 4
6 15 100
7 75 24
8 67 73
9 30 20
10 15 67
11 33 68
12 98 82
13 79 95
14 55 7
15 81 7
16 21 90
17 98 60
18 57 93
19 68 96
20 9 7
21 93 38
22 31 58
23 64 67
24 39 40
25 53 20
0 0 0 0 1 0 1 1 1 0 0 0 0 1 1 0 1 0 0 0 1 1 1 1 1 
0 0 1 1 0 1 0 0 0 1 1 0 0 0 0 1 0 1 0 0 0 1 0 0 0 
0 1 0 1 0 1 0 1 0 1 1 1 1 0 0 1 1 1 1 0 0 1 1 1 0 
0 1 1 0 0 1 0 1 0 1 1 0 1 0 0 1 0 1 1 0 0 1 1 1 0 
1 0 0 0 0 0 1 0 1 0 0 0 0 1 1 0 0 0 0 0 1 0 0 1 1 
0 1 1 1 0 0 0 0 0 1 1 0 0 0 0 1 0 1 0 0 0 1 0 0 0 
1 0 0 0 1 0 0 1 1 0 0 0 0 1 1 0 1 0 0 0 1 0 1 1 1 
1 0 1 1 0 0 1 0 0 0 1 1 1 0 0 1 1 1 1 0 1 1 1 1 0 
1 0 0 0 1 0 1 0 0 1 1 0 0 1 0 0 0 0 0 1 0 1 0 1 1 
0 1 1 1 0 1 0 0 1 0 1 0 0 0 0 1 0 1 0 0 0 1 1 1 0 
0 1 1 1 0 1 0 1 1 1 0 0 0 0 0 1 0 1 1 0 0 1 1 1 0 
0 0 1 0 0 0 0 1 0 0 0 0 1 0 0 0 1 1 1 0 1 0 1 0 0 
0 0 1 1 0 0 0 1 0 0 0 1 0 0 0 0 1 1 1 0 0 0 1 0 0 
1 0 0 0 1 0 1 0 1 0 0 0 0 0 1 0 0 0 0 1 1 0 0 1 1 
1 0 0 0 1 0 1 0 0 0 0 0 0 1 0 0 0 0 0 0 1 0 0 0 1 
0 1 1 1 0 1 0 1 0 1 1 0 0 0 0 0 0 1 1 0 0 1 1 0 0 
1 0 1 0 0 0 1 1 0 0 0 1 1 0 0 0 0 0 1 0 1 0 1 0 0 
0 1 1 1 0 1 0 1 0 1 1 1 1 0 0 1 0 0 1 0 0 1 1 0 0 
0 0 1 1 0 0 0 1 0 0 1 1 1 0 0 1 1 1 0 0 0 0 1 0 0 
0 0 0 0 0 0 0 0 1 0 0 0 0 1 0 0 0 0 0 0 0 0 0 1 1 
1 0 0 0 1 0 1 1 0 0 0 1 0 1 1 0 1 0 0 0 0 0 1 0 1 
1 1 1 1 0 1 0 1 1 1 1 0 0 0 0 1 0 1 0 0 0 0 1 1 1 
1 0 1 1 0 0 1 1 0 1 1 1 1 0 0 1 1 1 1 0 1 1 0 1 1 
1 0 1 1 1 0 1 1 1 1 1 0 0 1 0 0 0 0 0 1 0 1 1 0 1 
1 0 0 0 1 0 1 0 1 0 0 0 0 1 1 0 0 0 0 1 1 1 1 1 0 
