25 75 0.650000
1 30 6
2 79 67
3 5 92
4 93 58
5 29 1
6 90 82
7 70 93
8 71 38
9 30 9
10 30 90
11 78 13
12 78 32
13 18 52
14 89 99
15 76 47
16 32 93
17 64 96
18 18 97
19 36 73
20 95 88
21 76 94
22 18 87
23 47 19
24 81 4
25 76 6
0 0 0 0 1 0 0 1 1 0 1 1 1 0 1 0 0 0 1 0 0 0 1 1 1 
0 0 0 1 0 1 1 1 0 1 1 1 1 1 1 1 1 1 1 1 1 1 1 1 1 
0 0 0 0 0 0 1 0 0 1 0 0 1 0 0 1 1 1 1 0 1 1 0 0 0 
0 1 0 0 0 1 1 1 0 1 1 1 0 1 1 1 1 0 1 1 1 0 1 1 1 
1 0 0 0 0 0 0 1 1 0 1 1 1 0 1 0 0 0 1 0 0 0 1 1 1 
0 1 0 1 0 0 1 1 0 1 1 1 0 1 1 1 1 1 1 1 1 1 0 0 0 
0 1 1 1 0 1 0 1 0 1 0 1 1 1 1 1 1 1 1 1 1 1 0 0 0 
1 1 0 1 1 1 1 0 1 1 1 1 1 1 1 1 1 0 1 1 1 1 1 1 1 
1 0 0 0 1 0 0 1 0 0 1 1 1 0 1 0 0 0 1 0 0 0 1 1 1 
0 1 1 1 0 1 1 1 0 0 0 0 1 1 1 1 1 1 1 1 1 1 1 0 0 
1 1 0 1 1 1 0 1 1 0 0 1 1 0 1 0 0 0 1 0 0 0 1 1 1 
1 1 0 1 1 1 1 1 1 0 1 0 1 1 1 0 1 0 1 1 1 0 1 1 1 
1 1 1 0 1 0 1 1 1 1 1 1 0 0 1 1 1 1 1 0 1 1 1 0 1 
0 1 0 1 0 1 1 1 0 1 0 1 0 0 1 1 1 1 1 1 1 1 0 0 0 
1 1 0 1 1 1 1 1 1 1 1 1 1 1 0 1 1 0 1 1 1 1 1 1 1 
0 1 1 1 0 1 1 1 0 1 0 0 1 1 1 0 1 1 1 1 1 1 0 0 0 
0 1 1 1 0 1 1 1 0 1 0 1 1 1 1 1 0 1 1 1 1 1 0 0 0 
0 1 1 0 0 1 1 0 0 1 0 0 1 1 0 1 1 0 1 0 1 1 0 0 0 
1 1 1 1 1 1 1 1 1 1 1 1 1 1 1 1 1 1 0 1 1 1 1 0 0 
0 1 0 1 0 1 1 1 0 1 0 1 0 1 1 1 1 0 1 0 1 0 0 0 0 
0 1 1 1 0 1 1 1 0 1 0 1 1 1 1 1 1 1 1 1 0 1 0 0 0 
0 1 1 0 0 1 1 1 0 1 0 0 1 1 1 1 1 1 1 0 1 0 1 0 0 
1 1 0 1 1 0 0 1 1 1 1 1 1 0 1 0 0 0 1 0 0 1 0 1 1 
1 1 0 1 1 0 0 1 1 0 1 1 0 0 1 0 0 0 0 0 0 0 1 0 1 
1 1 0 1 1 0 0 1 1 0 1 1 1 0 1 0 0 0 0 0 0 0 1 1 0 
