25 75 0.730000
1 88 42
2 66 3
3 59 13
4 44 14
5 49 57
6 45 3
7 57 20
8 56 25
9 4 87
10 88 84
11 97 27
12 5 98
13 65 78
14 6 60
15 19 66
16 33 89
17 49 93
18 59 97
19 53 42
20 10 17
21 19 95
22 4 67
23 44 28
24 30 40
25 78 99
0 1 1 1 1 1 1 1 0 1 1 0 1 0 1 1 1 1 1 0 0 0 1 1 1 
1 0 1 1 1 1 1 1 0 0 1 0 0 0 0 0 0 0 1 1 0 0 1 1 0 
1 1 0 1 1 1 1 1 0 0 1 0 1 1 1 0 0 0 1 1 0 0 1 1 0 
1 1 1 0 1 1 1 1 0 0 1 0 1 1 1 0 0 0 1 1 0 1 1 1 0 
1 1 1 1 0 1 1 1 1 1 1 1 1 1 1 1 1 1 1 1 1 1 1 1 1 
1 1 1 1 1 0 1 1 0 0 1 0 0 1 1 0 0 0 1 1 0 0 1 1 0 
1 1 1 1 1 1 0 1 0 1 1 0 1 1 1 1 1 0 1 1 0 1 1 1 0 
1 1 1 1 1 1 1 0 0 1 1 0 1 1 1 1 1 1 1 1 0 1 1 1 0 
0 0 0 0 1 0 0 0 0 0 0 1 1 1 1 1 1 1 1 1 1 1 1 1 1 
1 0 0 0 1 0 1 1 0 0 1 0 1 0 1 1 1 1 1 0 1 0 1 1 1 
1 1 1 1 1 1 1 1 0 1 0 0 1 0 0 0 0 0 1 0 0 0 1 1 1 
0 0 0 0 1 0 0 0 1 0 0 0 1 1 1 1 1 1 1 0 1 1 0 1 1 
1 0 1 1 1 0 1 1 1 1 1 1 0 1 1 1 1 1 1 0 1 1 1 1 1 
0 0 1 1 1 1 1 1 1 0 0 1 1 0 1 1 1 1 1 1 1 1 1 1 0 
1 0 1 1 1 1 1 1 1 1 0 1 1 1 0 1 1 1 1 1 1 1 1 1 1 
1 0 0 0 1 0 1 1 1 1 0 1 1 1 1 0 1 1 1 0 1 1 1 1 1 
1 0 0 0 1 0 1 1 1 1 0 1 1 1 1 1 0 1 1 0 1 1 1 1 1 
1 0 0 0 1 0 0 1 1 1 0 1 1 1 1 1 1 0 1 0 1 1 1 1 1 
1 1 1 1 1 1 1 1 1 1 1 1 1 1 1 1 1 1 0 1 1 1 1 1 1 
0 1 1 1 1 1 1 1 1 0 0 0 0 1 1 0 0 0 1 0 0 1 1 1 0 
0 0 0 0 1 0 0 0 1 1 0 1 1 1 1 1 1 1 1 0 0 1 1 1 1 
0 0 0 1 1 0 1 1 1 0 0 1 1 1 1 1 1 1 1 1 1 0 1 1 0 
1 1 1 1 1 1 1 1 1 1 1 0 1 1 1 1 1 1 1 1 1 1 0 1 0 
1 1 1 1 1 1 1 1 1 1 1 1 1 1 1 1 1 1 1 1 1 1 1 0 0 
1 0 0 0 1 0 0 0 1 1 1 1 1 0 1 1 1 1 1 0 1 0 0 0 0 
