25 75 0.730000
1 29 40
2 86 39
3 25 51
4 32 3
5 77 63
6 5 37
7 98 92
8 34 17
9 84 51
10 31 84
11 51 94
12 68 87
13 23 4
14 1 33
15 39 8
16 3 4
17 44 3
18 48 98
19 59 95
20 7 81
21 36 47
22 92 72
23 59 64
24 32 91
25 51 67
0 1 1 1 1 1 0 1 1 1 1 1 1 1 1 1 1 1 1 1 1 1 1 1 1 
1 0 1 1 1 0 1 1 1 1 1 1 1 0 1 0 1 1 1 0 1 1 1 1 1 
1 1 0 1 1 1 0 1 1 1 1 1 1 1 1 1 1 1 1 1 1 1 1 1 1 
1 1 1 0 1 1 0 1 1 0 0 0 1 1 1 1 1 0 0 0 1 0 1 0 1 
1 1 1 1 0 0 1 1 1 1 1 1 0 0 1 0 1 1 1 1 1 1 1 1 1 
1 0 1 1 0 0 0 1 0 1 1 0 1 1 1 1 1 1 0 1 1 0 1 1 1 
0 1 0 0 1 0 0 0 1 1 1 1 0 0 0 0 0 1 1 0 0 1 1 1 1 
1 1 1 1 1 1 0 0 1 1 0 0 1 1 1 1 1 0 0 1 1 0 1 1 1 
1 1 1 1 1 0 1 1 0 1 1 1 0 0 1 0 1 1 1 0 1 1 1 1 1 
1 1 1 0 1 1 1 1 1 0 1 1 0 1 0 0 0 1 1 1 1 1 1 1 1 
1 1 1 0 1 1 1 0 1 1 0 1 0 0 0 0 0 1 1 1 1 1 1 1 1 
1 1 1 0 1 0 1 0 1 1 1 0 0 0 0 0 0 1 1 1 1 1 1 1 1 
1 1 1 1 0 1 0 1 0 0 0 0 0 1 1 1 1 0 0 0 1 0 1 0 1 
1 0 1 1 0 1 0 1 0 1 0 0 1 0 1 1 1 0 0 1 1 0 1 1 1 
1 1 1 1 1 1 0 1 1 0 0 0 1 1 0 1 1 0 0 0 1 0 1 0 1 
1 0 1 1 0 1 0 1 0 0 0 0 1 1 1 0 1 0 0 0 1 0 0 0 0 
1 1 1 1 1 1 0 1 1 0 0 0 1 1 1 1 0 0 0 0 1 0 1 0 1 
1 1 1 0 1 1 1 0 1 1 1 1 0 0 0 0 0 0 1 1 1 1 1 1 1 
1 1 1 0 1 0 1 0 1 1 1 1 0 0 0 0 0 1 0 1 1 1 1 1 1 
1 0 1 0 1 1 0 1 0 1 1 1 0 1 0 0 0 1 1 0 1 0 1 1 1 
1 1 1 1 1 1 0 1 1 1 1 1 1 1 1 1 1 1 1 1 0 1 1 1 1 
1 1 1 0 1 0 1 0 1 1 1 1 0 0 0 0 0 1 1 0 1 0 1 1 1 
1 1 1 1 1 1 1 1 1 1 1 1 1 1 1 0 1 1 1 1 1 1 0 1 1 
1 1 1 0 1 1 1 1 1 1 1 1 0 1 0 0 0 1 1 1 1 1 1 0 1 
1 1 1 1 1 1 1 1 1 1 1 1 1 1 1 0 1 1 1 1 1 1 1 1 0 
