25 75 0.790000
1 48 13
2 1 76
3 70 61
4 27 81
5 9 52
6 22 72
7 2 4
8 65 96
9 14 96
10 83 35
11 14 62
12 79 59
13 25 4
14 29 78
15 65 68
16 64 24
17 45 14
18 94 27
19 33 47
20 3 46
21 58 71
22 14 37
23 4 11
24 100 52
25 41 21
0 0 1 1 1 1 1 0 0 1 1 1 1 1 1 1 1 1 1 1 1 1 1 1 1 
0 0 1 1 1 1 1 1 1 0 1 0 0 1 1 0 0 0 1 1 1 1 1 0 1 
1 1 0 1 1 1 0 1 1 1 1 1 1 1 1 1 1 1 1 1 1 1 0 1 1 
1 1 1 0 1 1 0 1 1 1 1 1 0 1 1 1 1 0 1 1 1 1 1 0 1 
1 1 1 1 0 1 1 1 1 0 1 1 1 1 1 1 1 0 1 1 1 1 1 0 1 
1 1 1 1 1 0 1 1 1 1 1 1 1 1 1 1 1 0 1 1 1 1 1 0 1 
1 1 0 0 1 1 0 0 0 0 1 0 1 0 0 1 1 0 1 1 0 1 1 0 1 
0 1 1 1 1 1 0 0 1 1 1 1 0 1 1 1 0 1 1 0 1 0 0 1 0 
0 1 1 1 1 1 0 1 0 0 1 1 0 1 1 0 0 0 1 1 1 1 0 0 0 
1 0 1 1 0 1 0 1 0 0 1 1 1 1 1 1 1 1 1 0 1 1 0 1 1 
1 1 1 1 1 1 1 1 1 1 0 1 1 1 1 1 1 0 1 1 1 1 1 0 1 
1 0 1 1 1 1 0 1 1 1 1 0 0 1 1 1 1 1 1 0 1 1 0 1 1 
1 0 1 0 1 1 1 0 0 1 1 0 0 1 0 1 1 1 1 1 1 1 1 0 1 
1 1 1 1 1 1 0 1 1 1 1 1 1 0 1 1 1 0 1 1 1 1 1 0 1 
1 1 1 1 1 1 0 1 1 1 1 1 0 1 0 1 1 1 1 1 1 1 0 1 1 
1 0 1 1 1 1 1 1 0 1 1 1 1 1 1 0 1 1 1 1 1 1 1 1 1 
1 0 1 1 1 1 1 0 0 1 1 1 1 1 1 1 0 1 1 1 1 1 1 1 1 
1 0 1 0 0 0 0 1 0 1 0 1 1 0 1 1 1 0 1 0 1 0 0 1 1 
1 1 1 1 1 1 1 1 1 1 1 1 1 1 1 1 1 1 0 1 1 1 1 1 1 
1 1 1 1 1 1 1 0 1 0 1 0 1 1 1 1 1 0 1 0 1 1 1 0 1 
1 1 1 1 1 1 0 1 1 1 1 1 1 1 1 1 1 1 1 1 0 1 0 1 1 
1 1 1 1 1 1 1 0 1 1 1 1 1 1 1 1 1 0 1 1 1 0 1 0 1 
1 1 0 1 1 1 1 0 0 0 1 0 1 1 0 1 1 0 1 1 0 1 0 0 1 
1 0 1 0 0 0 0 1 0 1 0 1 0 0 1 1 1 1 1 0 1 0 0 0 1 
1 1 1 1 1 1 1 0 0 1 1 1 1 1 1 1 1 1 1 1 1 1 1 1 0 
